  0  0.806707
  0.25  0.661215
  0.5  0.52943
  0.75  0.422011
  1  0.351528
  1.25  0.335106
  1.5  0.271125
  1.75  0.178274
  2  0.132577
  2.25  0.13247
  2.5  0.0693673
  2.75  0.0525363
  3  0.0505114
  3.25  0.0476999
  3.5  0.0320898
  3.75  0.021106
  4  0.0339058
  4.25  0.00742638
  4.5  0.00865666
  4.75  0.0041568
  5  0.0025039
  5.25  0.00177754
  5.5  0.000774065
  5.75  0.000677792
  6  0.00035803
  6.25  0.000238473
  6.5  5.53861e-05
  6.75  3.85649e-05
  7  4.01996e-05
  7.25  1.05303e-05
  7.5  3.70712e-05
  7.75  9.28408e-07
  8  7.31785e-07
  8.25  8.81189e-07
  8.5  3.25023e-07
  8.75  3.8092e-08
  9  1.10959e-07
  9.25  2.43441e-07
  9.5  1.86558e-07
  9.75  6.529e-08
  10  8.51291e-08
  10.25  9.66338e-09
  10.5  7.224e-10
  10.75  6.05765e-10
  11  9.75496e-10
  11.25  1.20542e-09
  11.5  2.24421e-11
  11.75  3.83399e-11
  12  1.42082e-11
  12.25  2.24505e-12
  12.5  6.58645e-12
  12.75  8.4471e-12
  13  5.99e-11
  13.25  2.07872e-10
  13.5  2.64315e-10
  13.75  1.04569e-10
  14  1.28562e-11
  14.25  1.15111e-11
  14.5  8.1989e-13
  14.75  1.6346e-14
  15  1.93477e-15
  15.25  2.9055e-17
  15.5  1.21675e-17
  15.75  3.49045e-17
  16  7.72786e-18
  16.25  4.10518e-18
  16.5  2.38101e-18
  16.75  4.96437e-18
  17  1.61112e-20
  17.25  2.18353e-20
  17.5  3.47557e-21
  17.75  2.63845e-21
  18  6.21842e-23
  18.25  3.83829e-23
  18.5  6.6047e-23
  18.75  7.17723e-23
  19  1.04328e-24
  19.25  5.57412e-25
  19.5  4.91649e-25
  19.75  1.11518e-26
  20  1.12048e-26
