  0  1
  0.25  1.08127
  0.5  2.32332
  0.75  3.53672
  1  4.31386
  1.25  5.08128
  1.5  6.10769
  1.75  3.35033
  2  3.12687
  2.25  8.46269
  2.5  3.6952
  2.75  4.67641
  3  6.3708
  3.25  14.2957
  3.5  20.5286
  3.75  41.0983
  4  135.457
  4.25  47.6693
  4.5  35.9424
  4.75  69.4663
  5  29.5898
  5.25  29.6486
  5.5  4.95319
  5.75  2.46583
  6  1.00655
  6.25  0.726085
  6.5  2.81901
  6.75  5.62007
  7  0.503844
  7.25  1.28917
  7.5  1.7345
  7.75  5.54226
  8  2.55006
  8.25  8.39835
  8.5  2.09942
  8.75  2.13659
  9  1.31464
  9.25  3.21428
  9.5  4.65662
  9.75  2.9025
  10  4.73805
  10.25  3.21735
  10.5  4.03811
  10.75  3.92556
  11  7.94575
  11.25  7.50099
  11.5  28.976
  11.75  4.1087
  12  1.17923
  12.25  0.432427
  12.5  0.144626
  12.75  0.424586
  13  1.15154
  13.25  0.0141886
  13.5  0.0164923
  13.75  0.00972187
  14  0.00274349
  14.25  0.0043479
  14.5  0.00591229
  14.75  0.00580441
  15  0.00948113
  15.25  0.00352393
  15.5  0.00747267
  15.75  0.0204809
  16  0.0167983
  16.25  0.0218873
  16.5  0.0687427
  16.75  0.172257
  17  0.467104
  17.25  0.619229
  17.5  0.894132
  17.75  2.03837
  18  0.656149
  18.25  0.714444
  18.5  1.02433
  18.75  1.38701
  19  0.185408
  19.25  0.0531124
  19.5  0.0707262
  19.75  0.180011
  20  0.486994
  20.25  1.20661
  20.5  1.35574
  20.75  1.25061
  21  0.744528
  21.25  0.0146541
  21.5  0.0151098
  21.75  0.00586137
  22  0.00896583
  22.25  0.0200688
  22.5  0.000519298
  22.75  0.000181026
  23  0.00020089
  23.25  0.000734687
  23.5  0.000399825
  23.75  0.000226544
  24  0.000232902
  24.25  0.000541241
  24.5  0.000218455
  24.75  3.93481e-05
  25  6.11269e-06
  25.25  8.00342e-06
  25.5  1.63289e-05
  25.75  4.70194e-05
  26  0.000119739
  26.25  2.07228e-06
  26.5  5.7328e-07
  26.75  5.27698e-07
  27  9.01642e-07
  27.25  5.34984e-07
  27.5  2.05536e-06
  27.75  1.61162e-06
  28  5.00584e-06
  28.25  7.27043e-06
  28.5  1.73127e-05
  28.75  6.65928e-06
  29  5.83499e-06
  29.25  8.17789e-06
  29.5  1.83888e-05
  29.75  3.74396e-05
  30  0.000109087
  30.25  0.000220308
  30.5  0.000113861
  30.75  0.0001335
  31  5.96396e-05
  31.25  0.000111146
  31.5  0.000354963
  31.75  4.46215e-06
  32  1.06096e-05
  32.25  2.70682e-05
  32.5  1.8063e-05
  32.75  3.00429e-05
  33  9.50934e-05
  33.25  0.000148281
  33.5  0.000265777
  33.75  0.000128365
  34  0.000295251
  34.25  0.000484076
  34.5  0.00140407
  34.75  0.00174345
  35  0.00166748
  35.25  0.00626622
  35.5  0.0111528
  35.75  0.0159117
  36  0.0413259
  36.25  0.00525821
  36.5  0.00562587
  36.75  0.0128991
  37  0.00113974
  37.25  0.00133412
  37.5  0.00139603
  37.75  0.0017051
  38  0.00435676
  38.25  0.00889853
  38.5  0.0247959
  38.75  0.0608086
  39  0.0375871
  39.25  0.00757035
  39.5  0.00767583
  39.75  0.0140242
  40  0.00392975
  40.25  8.50591e-05
  40.5  8.43916e-05
  40.75  0.000356406
  41  9.37365e-05
  41.25  0.000111806
  41.5  4.18104e-05
  41.75  2.04076e-05
  42  7.19212e-06
  42.25  6.07784e-06
  42.5  5.40631e-06
  42.75  5.65289e-06
  43  6.45252e-06
  43.25  1.08817e-05
  43.5  3.45342e-05
  43.75  7.50773e-05
  44  4.79133e-05
  44.25  8.28758e-05
  44.5  6.95859e-05
  44.75  0.000153781
  45  0.000272816
  45.25  3.93384e-05
  45.5  4.63431e-05
  45.75  6.11696e-05
  46  4.80127e-05
  46.25  4.47836e-05
  46.5  0.000121306
  46.75  0.000201528
  47  0.000175965
  47.25  0.000322065
  47.5  7.87711e-05
  47.75  0.000122517
  48  8.22146e-05
  48.25  5.30076e-05
  48.5  0.000101349
  48.75  0.000172905
  49  7.15697e-05
  49.25  4.89804e-05
  49.5  4.96392e-05
  49.75  2.26256e-05
  50  4.04216e-05
  50.25  2.19182e-05
  50.5  0.000104793
  50.75  5.77867e-05
  51  0.000133885
  51.25  0.000262452
  51.5  0.000605452
  51.75  0.00196761
  52  0.00156729
  52.25  0.00385969
  52.5  0.00829458
  52.75  0.0176028
  53  0.0189641
  53.25  0.0528839
  53.5  0.00698907
  53.75  0.0334576
  54  0.0884847
  54.25  0.108762
  54.5  0.128807
  54.75  0.0463617
  55  0.059214
  55.25  0.142181
  55.5  0.121678
  55.75  0.0697941
  56  0.077038
  56.25  0.146326
  56.5  0.34303
  56.75  0.321978
  57  0.0381337
  57.25  0.00916686
  57.5  0.0339695
  57.75  0.0952441
  58  0.309494
  58.25  0.23973
  58.5  0.168109
  58.75  0.354106
  59  0.510302
  59.25  0.982274
  59.5  0.359058
  59.75  0.272384
  60  0.711513
  60.25  1.15749
  60.5  1.60023
  60.75  5.09132
  61  9.65324
  61.25  26.0145
  61.5  29.3524
  61.75  0.310982
  62  0.430466
  62.25  0.347657
  62.5  0.370601
  62.75  0.13129
  63  0.321608
  63.25  0.713013
  63.5  1.75929
  63.75  4.7445
  64  8.68677
  64.25  11.7937
  64.5  2.16166
  64.75  2.72985
  65  12.5495
  65.25  10.6022
  65.5  0.629756
  65.75  0.947007
  66  0.726814
  66.25  0.437646
  66.5  0.290095
  66.75  0.806264
  67  2.09639
  67.25  1.19015
  67.5  1.05967
  67.75  2.25965
  68  0.0211488
  68.25  0.0158191
  68.5  0.0253495
  68.75  0.0360537
  69  0.083824
  69.25  0.278184
  69.5  0.184868
  69.75  0.222083
  70  0.036613
  70.25  0.0659786
  70.5  0.18891
  70.75  0.619422
  71  1.01362
  71.25  2.23319
  71.5  4.38191
  71.75  8.50843
  72  6.47233
  72.25  8.40279
  72.5  16.5934
  72.75  35.2808
  73  46.2795
  73.25  13.9063
  73.5  34.8615
  73.75  30.6811
  74  68.6262
  74.25  47.8987
  74.5  87.5121
  74.75  85.7542
  75  281.748
  75.25  650.513
  75.5  747.107
  75.75  953.758
  76  417.981
  76.25  288.905
  76.5  168.096
  76.75  285.011
  77  670.414
  77.25  1138.75
  77.5  366.589
  77.75  249.778
  78  768.153
  78.25  498.577
  78.5  779.739
  78.75  276.221
  79  242.247
  79.25  245.79
  79.5  261.752
  79.75  217.622
  80  521.557
  80.25  55.8297
  80.5  56.1282
  80.75  98.1496
  81  243.104
  81.25  520.914
  81.5  119.588
  81.75  97.7319
  82  139.391
  82.25  322.214
  82.5  248.639
  82.75  349.662
  83  782.225
  83.25  649.368
  83.5  2425.3
  83.75  4265.9
  84  157.016
  84.25  435.348
  84.5  88.9619
  84.75  317.793
  85  998.96
  85.25  1915.66
  85.5  2197.48
  85.75  2421.43
  86  5646.65
  86.25  8834.6
  86.5  12542.1
  86.75  12.9145
  87  8.29123
  87.25  7.68264
  87.5  18.7436
  87.75  33.9652
  88  39.0614
  88.25  54.9661
  88.5  6.41767
  88.75  6.42948
  89  11.5201
  89.25  19.8981
  89.5  18.1324
  89.75  28.8466
  90  53.6748
  90.25  78.5298
  90.5  162.247
  90.75  393.335
  91  221.326
  91.25  147.572
  91.5  130.797
  91.75  154.349
  92  281.714
  92.25  930.882
  92.5  398.468
  92.75  539.287
  93  1351.57
  93.25  1220.61
  93.5  387.269
  93.75  299.021
  94  452.508
  94.25  371.585
  94.5  209.783
  94.75  341.726
  95  928.69
  95.25  4856.15
  95.5  677.526
  95.75  203.959
  96  261.628
  96.25  218.932
  96.5  76.2088
  96.75  125.587
  97  167.586
  97.25  290.801
  97.5  257.008
  97.75  953.849
  98  594.141
  98.25  2257.54
  98.5  4273.26
  98.75  3978.45
  99  1705.58
  99.25  747.703
  99.5  767.613
  99.75  1775.89
  100  1255.16
  100.25  1230.9
  100.5  837.048
  100.75  2599.68
  101  2502.56
  101.25  3464.7
  101.5  11114.1
  101.75  9781.22
  102  31292.1
  102.25  36101.4
  102.5  18647
  102.75  25513.1
  103  7541.18
  103.25  14314.5
  103.5  17105.4
  103.75  6307.87
  104  2384.12
  104.25  2882.62
  104.5  4397.61
  104.75  13727
  105  3791.7
  105.25  1764.6
  105.5  3340.04
  105.75  2488.65
  106  1221.8
  106.25  900.969
  106.5  1425.67
  106.75  2106.54
  107  2120.9
  107.25  4571.8
  107.5  6546.96
  107.75  16585.4
  108  16426.6
  108.25  13993.4
  108.5  16739.2
  108.75  15006.5
  109  11885.3
  109.25  24418.2
  109.5  57627.1
  109.75  75196.7
  110  110018
  110.25  30041.9
  110.5  21588.6
  110.75  3633.39
  111  13604.6
  111.25  29694.4
  111.5  63626.3
  111.75  171365
  112  59913
  112.25  54495.9
  112.5  15778.3
  112.75  23537.2
  113  73225.8
  113.25  139809
  113.5  400394
  113.75  369831
  114  1.06188e+06
  114.25  876668
  114.5  1.66442e+06
  114.75  1.37316e+06
  115  102447
  115.25  80831.2
  115.5  22405
  115.75  19945.7
  116  29063.3
  116.25  1401.84
  116.5  1855.34
  116.75  2326.83
  117  1040.24
  117.25  456.162
  117.5  186.503
  117.75  153.092
  118  220.597
  118.25  80.8829
  118.5  134.537
  118.75  142.409
  119  22.336
  119.25  10.5938
  119.5  11.3886
  119.75  20.6101
  120  0.581245
  120.25  0.119179
  120.5  0.263947
  120.75  0.233314
  121  0.0943095
  121.25  0.136255
  121.5  0.172807
  121.75  0.318059
  122  0.579357
  122.25  0.833413
  122.5  1.37598
  122.75  2.27021
  123  9.57182
  123.25  15.5648
  123.5  10.2216
  123.75  16.3719
  124  35.3353
  124.25  88.8539
  124.5  111.886
  124.75  170.151
  125  409.904
  125.25  725.592
  125.5  2244.94
  125.75  1728.91
  126  2211.03
  126.25  6192.73
  126.5  16979.9
  126.75  15610.4
  127  63615.2
  127.25  38539.5
  127.5  8775.76
  127.75  526.313
  128  528.417
  128.25  67.83
  128.5  28.2294
  128.75  12.1033
  129  1.95672
  129.25  0.566672
  129.5  1.16483
  129.75  2.56174
  130  4.24769
  130.25  13.1562
  130.5  9.51074
  130.75  5.73094
  131  9.3948
  131.25  1.91324
  131.5  2.26421
  131.75  0.578827
  132  1.05209
  132.25  1.56372
  132.5  3.26161
  132.75  7.38267
  133  9.6477
  133.25  12.5388
  133.5  2.04281
  133.75  3.49307
  134  5.51364
  134.25  6.0861
  134.5  4.80342
  134.75  9.41579
  135  12.4129
  135.25  5.13574
  135.5  2.40172
  135.75  1.49355
  136  3.85297
  136.25  1.10603
  136.5  0.210595
  136.75  0.845468
  137  1.74761
  137.25  2.43969
  137.5  3.11344
  137.75  4.26469
  138  5.59245
  138.25  10.2596
  138.5  23.9616
  138.75  13.5036
  139  0.575954
  139.25  0.851771
  139.5  0.511156
  139.75  0.123999
  140  0.062427
  140.25  0.0172105
  140.5  0.00237447
  140.75  0.00539038
  141  0.00808646
  141.25  0.0143372
  141.5  0.0146926
  141.75  0.00286321
  142  0.00283712
  142.25  0.00787664
  142.5  0.00450783
  142.75  0.0134722
  143  0.0494102
  143.25  0.0366058
  143.5  0.0639066
  143.75  0.073272
  144  0.059438
  144.25  0.128919
  144.5  0.0852123
  144.75  0.0424671
  145  0.137306
  145.25  0.205916
  145.5  0.488095
  145.75  1.21966
  146  0.459111
  146.25  1.14026
  146.5  3.32382
  146.75  2.07321
  147  3.9295
  147.25  5.42401
  147.5  15.8391
  147.75  6.06949
  148  6.12826
  148.25  9.1754
  148.5  39.7595
  148.75  10.9448
  149  11.645
  149.25  21.114
  149.5  15.5426
  149.75  29.8058
  150  3.18633
  150.25  3.74117
  150.5  1.55247
  150.75  2.26948
  151  1.1837
  151.25  2.34986
  151.5  3.53368
  151.75  2.89109
  152  0.384194
  152.25  0.757429
  152.5  0.5883
  152.75  0.417167
  153  0.145604
  153.25  0.213769
  153.5  0.00862687
  153.75  0.0101485
  154  0.0181808
  154.25  0.0157446
  154.5  0.0245064
  154.75  0.0171521
  155  0.00696383
  155.25  0.0088808
  155.5  0.00773445
  155.75  0.0116315
  156  0.0108741
  156.25  0.0183323
  156.5  0.0226063
  156.75  0.0492849
  157  0.10693
  157.25  0.0987728
  157.5  0.252223
  157.75  0.274614
  158  0.385845
  158.25  0.235483
  158.5  0.292666
  158.75  0.753544
  159  0.571203
  159.25  1.06888
  159.5  1.07366
  159.75  2.32536
  160  2.51812
  160.25  2.16609
  160.5  3.8856
  160.75  10.878
  161  32.2824
  161.25  63.7293
  161.5  20.5832
  161.75  17.4776
  162  8.89935
  162.25  4.86185
  162.5  5.02784
  162.75  10.7893
  163  39.5532
  163.25  44.8111
  163.5  85.737
  163.75  45.2937
  164  70.1652
  164.25  156.604
  164.5  208.797
  164.75  98.5314
  165  242.698
  165.25  295.829
  165.5  900.696
  165.75  1172.6
  166  1176.63
  166.25  204.97
  166.5  79.0618
  166.75  56.6838
  167  4.9569
  167.25  5.94535
  167.5  4.8896
  167.75  3.96082
  168  6.83769
  168.25  1.31845
  168.5  1.21912
  168.75  0.148554
  169  0.243641
  169.25  0.719211
  169.5  0.548398
  169.75  0.428447
  170  0.809735
  170.25  0.075811
  170.5  0.0322619
  170.75  0.0066076
  171  0.00932472
  171.25  0.000564794
  171.5  2.57138e-05
  171.75  7.35114e-05
  172  0.000156364
  172.25  0.000106623
  172.5  4.67193e-05
  172.75  7.90098e-05
  173  6.58437e-06
  173.25  5.2863e-06
  173.5  5.16848e-06
  173.75  1.19089e-05
  174  8.79529e-06
  174.25  1.6434e-05
  174.5  2.02027e-05
  174.75  1.13514e-05
  175  1.54324e-05
  175.25  1.74381e-05
  175.5  2.64261e-05
  175.75  5.04359e-05
  176  8.80121e-05
  176.25  0.000146449
  176.5  0.000326106
  176.75  8.80771e-05
  177  8.48968e-05
  177.25  2.73126e-05
  177.5  1.7456e-05
  177.75  5.53097e-07
  178  7.41827e-07
  178.25  2.50801e-06
  178.5  1.93469e-06
  178.75  5.55578e-06
  179  1.69636e-05
  179.25  2.14865e-05
  179.5  2.69067e-05
  179.75  3.70619e-05
  180  8.56764e-07
  180.25  2.49621e-06
  180.5  4.2504e-06
  180.75  2.91181e-06
  181  7.83099e-06
  181.25  1.53245e-05
  181.5  1.77442e-05
  181.75  2.36539e-05
  182  3.45334e-05
  182.25  3.07748e-05
  182.5  2.98479e-05
  182.75  1.74309e-05
  183  3.94991e-05
  183.25  2.99935e-05
  183.5  5.71222e-05
  183.75  0.000111877
  184  2.23342e-05
  184.25  9.26301e-06
  184.5  8.37496e-06
  184.75  8.16819e-06
  185  1.116e-05
  185.25  5.43763e-06
  185.5  2.10722e-05
  185.75  9.48571e-06
  186  9.53096e-07
  186.25  5.24873e-07
  186.5  1.89214e-06
  186.75  6.29254e-07
  187  4.52689e-07
  187.25  9.60532e-07
  187.5  2.50344e-08
  187.75  1.87583e-08
  188  2.7801e-08
  188.25  5.10295e-08
  188.5  1.04518e-07
  188.75  7.68947e-08
  189  2.74301e-07
  189.25  1.6608e-07
  189.5  3.81169e-07
  189.75  1.22965e-07
  190  1.38519e-07
  190.25  2.08992e-07
  190.5  5.82892e-08
  190.75  6.26899e-08
  191  5.19965e-08
  191.25  6.74288e-08
  191.5  1.70358e-07
  191.75  3.45485e-07
  192  1.23792e-08
  192.25  1.90571e-09
  192.5  1.16306e-09
  192.75  1.53933e-09
  193  4.94106e-09
  193.25  9.10023e-09
  193.5  1.32616e-08
  193.75  7.57591e-09
  194  8.21502e-09
  194.25  4.97787e-09
  194.5  4.77587e-09
  194.75  1.12743e-08
  195  1.33846e-08
  195.25  3.27292e-09
  195.5  1.66967e-10
  195.75  3.2752e-10
  196  1.05672e-09
  196.25  7.81874e-10
  196.5  6.05289e-10
  196.75  6.21575e-10
  197  9.98555e-10
  197.25  6.39135e-10
  197.5  7.22434e-10
  197.75  9.30047e-10
  198  2.53546e-09
  198.25  1.0928e-09
  198.5  1.86697e-09
  198.75  1.93056e-09
  199  1.19357e-09
  199.25  1.70349e-10
  199.5  4.47241e-10
  199.75  1.37186e-09
  200  1.21606e-09
  200.25  4.51452e-09
  200.5  2.98003e-09
  200.75  4.68486e-09
  201  1.22154e-08
  201.25  2.60059e-08
  201.5  7.73127e-08
  201.75  1.7417e-08
  202  1.17045e-08
  202.25  8.62477e-09
  202.5  1.18867e-08
  202.75  1.05507e-08
  203  1.52593e-08
  203.25  1.25461e-08
  203.5  1.8064e-08
  203.75  2.4562e-08
  204  3.72816e-10
  204.25  7.51521e-10
  204.5  7.73082e-10
  204.75  4.94536e-10
  205  6.56882e-10
  205.25  1.75734e-09
  205.5  1.93431e-09
  205.75  1.2697e-09
  206  4.00537e-09
  206.25  5.31621e-09
  206.5  1.1508e-08
  206.75  8.63048e-09
  207  1.65031e-08
  207.25  2.10974e-08
  207.5  7.04318e-09
  207.75  1.05727e-08
  208  3.97928e-09
  208.25  5.46458e-09
  208.5  7.8456e-11
  208.75  7.81212e-11
  209  2.82491e-10
  209.25  1.27088e-10
  209.5  1.24251e-10
  209.75  1.34983e-10
  210  1.55098e-10
  210.25  2.77692e-10
  210.5  6.86644e-10
  210.75  4.61439e-10
  211  6.33185e-10
  211.25  1.45459e-09
  211.5  7.54709e-10
  211.75  2.03975e-09
  212  4.47266e-09
  212.25  1.11112e-08
  212.5  6.50424e-09
  212.75  3.26058e-09
  213  1.19889e-08
  213.25  1.67651e-08
  213.5  2.46292e-08
  213.75  1.01515e-08
  214  1.52576e-08
  214.25  4.31123e-08
  214.5  3.423e-09
  214.75  6.98105e-09
  215  1.20821e-09
  215.25  1.9794e-09
  215.5  1.74102e-09
  215.75  1.76959e-09
  216  2.57524e-09
  216.25  3.68201e-09
  216.5  9.71888e-09
  216.75  2.15464e-08
  217  3.88236e-08
  217.25  1.80456e-08
  217.5  5.33854e-08
  217.75  9.22833e-08
  218  5.89822e-08
  218.25  5.24049e-08
  218.5  2.7409e-08
  218.75  2.17255e-08
  219  1.31915e-08
  219.25  1.89378e-08
  219.5  2.05277e-08
  219.75  3.00453e-09
  220  2.55303e-09
  220.25  3.91154e-09
  220.5  2.31877e-09
  220.75  8.05455e-09
  221  2.06284e-08
  221.25  4.24366e-08
  221.5  3.38821e-08
  221.75  3.52005e-08
  222  8.19385e-08
  222.25  1.28924e-07
  222.5  1.96932e-07
  222.75  1.6444e-08
  223  2.4671e-08
  223.25  6.48416e-08
  223.5  9.42728e-09
  223.75  1.28189e-08
  224  1.76217e-08
  224.25  3.4646e-08
  224.5  2.46017e-08
  224.75  2.76447e-08
  225  1.19481e-08
  225.25  8.5473e-09
  225.5  1.14201e-08
  225.75  2.43386e-08
  226  4.04793e-08
  226.25  4.87683e-08
  226.5  9.3722e-09
  226.75  4.61677e-09
  227  1.44147e-09
  227.25  3.85457e-09
  227.5  4.40824e-09
  227.75  1.17497e-08
  228  6.05866e-09
  228.25  1.03478e-08
  228.5  8.08243e-09
  228.75  1.25413e-08
  229  4.07462e-08
  229.25  6.00531e-08
  229.5  2.36635e-08
  229.75  2.79883e-08
  230  2.34992e-08
  230.25  2.32626e-08
  230.5  2.27712e-08
  230.75  5.9325e-08
  231  6.62004e-08
  231.25  3.15469e-09
  231.5  5.68184e-09
  231.75  5.00603e-09
  232  9.36879e-10
  232.25  2.2118e-11
  232.5  4.01875e-11
  232.75  6.78305e-12
  233  2.68493e-11
  233.25  3.10507e-11
  233.5  5.00134e-12
  233.75  2.59039e-12
  234  4.94877e-12
  234.25  7.50417e-12
  234.5  3.66432e-12
  234.75  7.19555e-12
  235  2.29731e-13
  235.25  1.16833e-13
  235.5  1.34753e-13
  235.75  1.96677e-13
  236  5.16101e-13
  236.25  2.38004e-14
  236.5  7.0764e-16
  236.75  2.40788e-15
  237  2.10051e-15
  237.25  6.92906e-16
  237.5  7.71387e-16
  237.75  1.2417e-15
  238  1.87875e-15
  238.25  3.75305e-15
  238.5  9.03541e-15
  238.75  3.86602e-16
  239  1.68346e-16
  239.25  2.23247e-16
  239.5  2.80435e-16
  239.75  3.22623e-16
  240  6.02747e-16
  240.25  5.74097e-16
  240.5  8.05167e-16
  240.75  1.64588e-15
  241  4.55082e-15
  241.25  3.32442e-15
  241.5  2.53474e-15
  241.75  1.00794e-15
  242  1.34449e-15
  242.25  1.08694e-15
  242.5  1.55167e-15
  242.75  1.07691e-15
  243  4.03245e-15
  243.25  3.26493e-15
  243.5  2.64414e-15
  243.75  4.60209e-16
  244  6.94552e-16
  244.25  3.81635e-16
  244.5  7.89478e-16
  244.75  1.2115e-15
  245  3.2025e-16
  245.25  5.82447e-16
  245.5  1.63913e-15
  245.75  2.53772e-15
  246  6.98683e-15
  246.25  1.56533e-14
  246.5  4.43924e-15
  246.75  2.8186e-15
  247  5.84365e-15
  247.25  1.15381e-14
  247.5  2.48423e-14
  247.75  1.46877e-14
  248  5.1472e-16
  248.25  5.17239e-16
  248.5  6.76847e-17
  248.75  1.00009e-16
  249  2.93034e-18
  249.25  4.01821e-18
  249.5  4.59111e-18
  249.75  4.00409e-18
  250  3.25315e-19
  250.25  7.98547e-19
  250.5  5.65504e-19
  250.75  6.67441e-19
  251  3.30535e-19
  251.25  8.89068e-20
  251.5  3.73466e-20
  251.75  2.04226e-20
  252  2.03541e-20
  252.25  1.22247e-20
  252.5  7.97799e-21
  252.75  1.16632e-20
  253  1.77184e-20
  253.25  2.51184e-20
  253.5  2.25465e-20
  253.75  9.22857e-20
  254  1.39562e-20
  254.25  6.33469e-20
  254.5  3.05878e-20
  254.75  4.43545e-20
  255  9.50733e-20
  255.25  6.56968e-20
  255.5  6.32436e-20
  255.75  8.13691e-20
  256  9.87261e-20
  256.25  1.54906e-19
  256.5  9.41992e-20
  256.75  1.95855e-19
  257  2.58831e-19
  257.25  7.19885e-19
  257.5  6.97708e-19
  257.75  7.25548e-19
  258  1.80014e-19
  258.25  6.97216e-20
  258.5  1.06529e-19
  258.75  2.14951e-19
  259  6.66151e-19
  259.25  1.43027e-18
  259.5  7.91665e-19
  259.75  1.31229e-18
  260  3.94189e-18
  260.25  3.64472e-18
  260.5  1.26428e-18
  260.75  1.85294e-18
  261  1.26546e-18
  261.25  7.15578e-19
  261.5  3.68679e-19
  261.75  9.12409e-19
  262  7.83679e-19
  262.25  1.18014e-20
  262.5  2.86288e-20
  262.75  6.56946e-20
  263  7.24322e-20
  263.25  6.07871e-20
  263.5  6.73963e-21
  263.75  9.94539e-21
  264  2.44141e-20
  264.25  6.19188e-21
  264.5  2.24283e-20
  264.75  3.29565e-20
  265  6.14282e-20
  265.25  1.53896e-19
  265.5  5.84679e-19
  265.75  3.73744e-19
  266  4.19604e-19
  266.25  6.80379e-19
  266.5  6.25297e-19
  266.75  8.09975e-19
  267  1.06174e-18
  267.25  2.53774e-18
  267.5  4.32679e-18
  267.75  1.45861e-18
  268  1.13418e-18
  268.25  1.2716e-18
  268.5  6.54055e-19
  268.75  8.42803e-19
  269  8.85332e-19
  269.25  1.03318e-18
  269.5  7.26563e-19
  269.75  4.63395e-19
  270  9.63061e-19
  270.25  1.59853e-18
  270.5  1.53191e-20
  270.75  4.88837e-20
  271  5.46934e-20
  271.25  2.33589e-19
  271.5  1.41158e-19
  271.75  1.36377e-19
  272  1.58857e-19
  272.25  3.64484e-19
  272.5  1.6946e-19
  272.75  3.84252e-20
  273  1.62189e-20
  273.25  1.83652e-20
  273.5  2.89627e-20
  273.75  5.31626e-20
  274  7.48413e-20
  274.25  2.37173e-19
  274.5  2.81783e-20
  274.75  8.49637e-21
  275  1.36542e-20
  275.25  1.8058e-20
  275.5  3.37541e-20
  275.75  6.50206e-20
  276  5.889e-20
  276.25  8.00131e-20
  276.5  2.10051e-19
  276.75  5.69604e-19
  277  3.65419e-19
  277.25  2.5313e-19
  277.5  4.00545e-19
  277.75  5.22459e-19
  278  1.6698e-18
  278.25  5.364e-19
  278.5  1.79406e-19
  278.75  8.05709e-21
  279  6.84937e-21
  279.25  1.48607e-20
  279.5  2.26526e-20
  279.75  3.55939e-21
  280  1.90574e-21
  280.25  8.05696e-22
  280.5  1.60357e-21
  280.75  2.80375e-21
  281  1.8932e-21
  281.25  3.9518e-22
  281.5  9.87647e-23
  281.75  3.83683e-22
  282  7.09836e-23
  282.25  1.4075e-22
  282.5  6.44918e-24
  282.75  6.66296e-24
  283  2.2542e-24
  283.25  2.29422e-24
  283.5  1.52447e-24
  283.75  2.41735e-24
  284  3.17983e-24
  284.25  5.32764e-24
  284.5  1.50049e-23
  284.75  1.81587e-23
  285  2.48735e-23
  285.25  7.71035e-23
  285.5  2.08454e-22
  285.75  3.79802e-22
  286  5.84052e-22
  286.25  7.22268e-22
  286.5  6.93768e-22
  286.75  5.69464e-23
  287  1.51438e-22
  287.25  2.46692e-24
  287.5  3.08989e-24
  287.75  3.26557e-24
  288  1.13312e-23
  288.25  3.53954e-24
  288.5  5.54683e-25
  288.75  4.38232e-25
  289  8.56497e-25
  289.25  2.31065e-24
  289.5  4.34438e-24
  289.75  6.93408e-24
  290  1.92945e-23
  290.25  2.76405e-23
  290.5  5.83665e-23
  290.75  1.26828e-22
  291  1.83089e-22
  291.25  1.51128e-22
  291.5  5.43522e-23
  291.75  5.13296e-24
  292  3.66867e-24
  292.25  2.70064e-24
  292.5  3.08104e-24
  292.75  3.11574e-24
  293  8.16449e-24
  293.25  3.14555e-24
  293.5  2.65068e-24
  293.75  1.78203e-24
  294  6.17435e-25
  294.25  3.74862e-25
  294.5  2.9646e-25
  294.75  2.56142e-25
  295  2.25415e-25
  295.25  2.04386e-26
  295.5  5.38608e-26
  295.75  7.64758e-26
  296  1.64897e-25
  296.25  5.73164e-26
  296.5  2.83031e-26
  296.75  2.09469e-26
  297  3.79877e-27
  297.25  8.99576e-27
  297.5  3.49769e-27
  297.75  1.90736e-27
  298  4.1743e-27
  298.25  2.10221e-27
  298.5  1.95115e-27
  298.75  1.14327e-27
  299  5.03958e-28
  299.25  4.26711e-28
  299.5  4.08655e-28
  299.75  9.70989e-28
  300  5.1525e-28
  300.25  7.86526e-30
  300.5  5.90108e-30
  300.75  2.25539e-30
  301  4.8184e-30
  301.25  3.39963e-30
  301.5  7.48692e-32
  301.75  8.64066e-32
  302  1.71538e-31
  302.25  4.88384e-32
  302.5  1.18057e-31
  302.75  1.5749e-31
  303  4.7571e-32
  303.25  3.88959e-33
  303.5  6.09095e-33
  303.75  7.83057e-33
  304  4.47673e-33
  304.25  4.24689e-33
  304.5  4.60054e-34
  304.75  7.97134e-34
  305  1.134e-33
  305.25  2.95207e-33
  305.5  3.16518e-33
  305.75  1.24766e-33
  306  4.03366e-34
  306.25  5.05232e-34
  306.5  1.67917e-33
  306.75  2.09787e-33
  307  4.2953e-33
  307.25  1.50407e-33
  307.5  4.30152e-35
  307.75  5.15916e-35
  308  5.52342e-35
  308.25  6.13434e-35
  308.5  1.14278e-34
  308.75  1.17035e-34
  309  1.8676e-34
  309.25  4.08231e-34
  309.5  9.87466e-34
  309.75  5.93022e-34
  310  1.94352e-34
  310.25  3.24905e-34
  310.5  4.90919e-34
  310.75  1.42614e-33
  311  2.88421e-33
  311.25  1.13109e-32
  311.5  8.41559e-33
  311.75  3.88107e-33
  312  3.24026e-33
  312.25  7.00065e-33
  312.5  1.23008e-32
  312.75  1.10894e-32
  313  1.62777e-32
  313.25  1.13798e-32
  313.5  8.31155e-33
  313.75  2.963e-33
  314  4.74972e-34
  314.25  7.86169e-34
  314.5  1.44971e-33
  314.75  1.60664e-33
  315  9.8078e-34
  315.25  8.30835e-34
  315.5  3.82517e-34
  315.75  5.27246e-34
  316  6.8789e-34
  316.25  2.49767e-33
  316.5  1.42011e-33
  316.75  3.31768e-33
  317  1.51605e-33
  317.25  2.97449e-33
  317.5  4.17233e-33
  317.75  6.07384e-33
  318  9.14193e-33
  318.25  6.16261e-33
  318.5  1.6608e-32
  318.75  2.45157e-32
  319  4.18435e-32
  319.25  2.28286e-32
  319.5  4.11796e-33
  319.75  1.76164e-33
  320  2.97636e-33
  320.25  5.02137e-33
  320.5  7.58726e-33
  320.75  1.37211e-32
  321  2.79018e-32
  321.25  3.15871e-34
  321.5  5.86727e-34
  321.75  1.70853e-33
  322  5.06802e-34
  322.25  5.32397e-34
  322.5  9.16831e-34
  322.75  1.34728e-33
  323  4.28085e-34
  323.25  5.27729e-34
  323.5  5.8193e-34
  323.75  2.74251e-34
  324  1.18743e-35
  324.25  2.52018e-35
  324.5  4.21412e-35
  324.75  4.28398e-35
  325  1.28635e-35
  325.25  1.74861e-35
  325.5  3.3497e-35
  325.75  3.11094e-35
  326  4.80904e-35
  326.25  7.14535e-35
  326.5  1.47922e-34
  326.75  2.24481e-34
  327  1.23969e-34
  327.25  3.88675e-34
  327.5  3.46945e-34
  327.75  3.7884e-34
  328  1.29741e-33
  328.25  1.04673e-33
  328.5  3.41146e-33
  328.75  4.15014e-33
  329  9.13174e-33
  329.25  1.87604e-32
  329.5  6.76177e-33
  329.75  2.53047e-33
  330  3.76918e-34
  330.25  9.51488e-34
  330.5  1.60093e-34
  330.75  2.83339e-34
  331  3.24017e-34
  331.25  3.4267e-34
  331.5  4.20489e-34
  331.75  7.169e-34
  332  2.69708e-33
  332.25  4.65468e-33
  332.5  8.67201e-33
  332.75  2.11683e-32
  333  1.98694e-32
  333.25  9.6541e-33
  333.5  1.73012e-32
  333.75  1.19233e-32
  334  3.48019e-32
  334.25  9.07297e-32
  334.5  4.68407e-34
  334.75  6.5457e-34
  335  1.02336e-33
  335.25  3.42109e-33
  335.5  2.4373e-33
  335.75  8.002e-33
  336  2.41886e-32
  336.25  5.7253e-32
  336.5  8.09097e-33
  336.75  4.85844e-34
  337  1.58442e-33
  337.25  1.24488e-34
  337.5  7.27861e-35
  337.75  2.3015e-34
  338  4.15694e-34
  338.25  3.54784e-34
  338.5  1.8702e-34
  338.75  4.13823e-35
  339  2.02426e-35
  339.25  3.9508e-35
  339.5  5.38193e-35
  339.75  1.00784e-34
  340  1.08433e-35
  340.25  1.51874e-35
  340.5  3.21711e-35
  340.75  7.60803e-36
  341  4.94968e-36
  341.25  3.11063e-36
  341.5  3.64873e-36
  341.75  8.53036e-36
  342  2.55197e-36
  342.25  1.26387e-36
  342.5  3.74708e-36
  342.75  2.46923e-36
  343  2.84449e-36
  343.25  4.84298e-36
  343.5  3.27388e-36
  343.75  5.0667e-38
  344  1.12881e-37
  344.25  1.46753e-39
  344.5  2.14293e-39
  344.75  5.18049e-39
  345  2.92224e-39
  345.25  8.18513e-39
  345.5  8.01323e-39
  345.75  4.361e-39
  346  2.11023e-40
  346.25  2.62621e-40
  346.5  1.13293e-40
  346.75  7.54328e-42
  347  6.76503e-42
  347.25  8.17828e-42
  347.5  2.16548e-41
  347.75  5.41688e-41
  348  4.43104e-41
  348.25  1.6081e-40
  348.5  1.99472e-40
  348.75  1.79186e-40
  349  5.27448e-40
  349.25  7.61212e-40
  349.5  2.32356e-40
  349.75  1.59786e-40
  350  8.04721e-41
  350.25  1.36842e-40
  350.5  2.3094e-40
  350.75  2.93655e-40
  351  8.53127e-42
  351.25  1.30689e-41
  351.5  1.53417e-41
  351.75  2.86397e-41
  352  3.63671e-41
  352.25  7.36811e-41
  352.5  5.25604e-41
  352.75  5.95999e-41
  353  1.31537e-40
  353.25  1.95693e-40
  353.5  1.72412e-41
  353.75  4.42463e-41
  354  1.95257e-41
  354.25  1.80179e-42
  354.5  5.47611e-42
  354.75  2.12662e-42
  355  7.40127e-42
  355.25  1.31712e-41
  355.5  6.17293e-43
  355.75  9.60631e-43
  356  5.65534e-43
  356.25  3.15612e-43
  356.5  6.22931e-43
  356.75  8.65182e-43
  357  2.08675e-42
  357.25  1.75098e-42
  357.5  6.74088e-43
  357.75  7.44866e-44
  358  1.01141e-43
  358.25  1.96938e-43
  358.5  4.55847e-44
  358.75  5.81725e-44
  359  7.09921e-45
  359.25  4.88708e-45
  359.5  6.25487e-45
  359.75  1.03623e-44
  360  7.48027e-47
  360.25  5.64333e-47
  360.5  4.29549e-48
  360.75  7.98918e-48
  361  1.31833e-47
  361.25  2.03571e-47
  361.5  4.43695e-47
  361.75  7.62773e-47
  362  3.53336e-47
  362.25  4.12051e-47
  362.5  4.31178e-47
  362.75  6.22362e-47
  363  7.33468e-47
  363.25  1.28239e-47
  363.5  6.39444e-48
  363.75  1.11076e-47
  364  2.15516e-48
  364.25  1.94829e-48
  364.5  2.04084e-48
  364.75  1.41712e-48
  365  2.92049e-48
  365.25  2.80871e-49
  365.5  8.91699e-50
  365.75  2.96491e-49
  366  7.42282e-49
  366.25  3.64406e-49
  366.5  7.20625e-50
  366.75  9.60034e-50
  367  1.02494e-49
  367.25  3.19081e-49
  367.5  5.12067e-49
  367.75  6.58774e-50
  368  1.3319e-50
  368.25  1.19331e-50
  368.5  2.06187e-50
  368.75  9.79371e-50
  369  2.64173e-50
  369.25  8.3919e-50
  369.5  4.09519e-50
  369.75  5.24492e-50
  370  8.512e-51
  370.25  2.1561e-50
  370.5  3.76522e-51
  370.75  5.94816e-51
  371  2.08834e-50
  371.25  1.44227e-50
  371.5  1.69155e-50
  371.75  6.10248e-50
  372  1.29933e-49
  372.25  4.14943e-49
  372.5  6.06433e-50
  372.75  9.69953e-50
  373  2.37929e-49
  373.25  3.85347e-49
  373.5  2.74749e-49
  373.75  6.43886e-50
  374  1.63979e-49
  374.25  2.38289e-49
  374.5  7.19446e-50
  374.75  2.31568e-49
  375  6.17167e-49
  375.25  1.03573e-48
  375.5  2.47274e-48
  375.75  2.51243e-48
  376  2.57009e-48
  376.25  4.30626e-48
  376.5  3.73743e-48
  376.75  2.91462e-48
  377  1.90389e-48
  377.25  3.1e-49
  377.5  5.06439e-50
  377.75  8.17065e-50
  378  3.87379e-50
  378.25  3.81865e-50
  378.5  1.47469e-49
  378.75  1.27425e-49
  379  2.65548e-49
  379.25  1.62664e-49
  379.5  2.22766e-49
  379.75  5.28229e-49
  380  4.14496e-49
  380.25  5.12696e-49
  380.5  3.58518e-49
  380.75  4.34732e-49
  381  2.2477e-49
  381.25  1.84691e-49
  381.5  2.56977e-49
  381.75  5.05954e-50
  382  6.82133e-50
  382.25  3.17682e-50
  382.5  1.06198e-49
  382.75  1.37776e-49
  383  6.62912e-51
  383.25  1.7914e-50
  383.5  1.77547e-50
  383.75  3.76444e-50
  384  8.40382e-50
  384.25  9.8585e-50
  384.5  2.64114e-49
  384.75  2.83588e-49
  385  3.70451e-49
  385.25  6.01432e-49
  385.5  5.33582e-49
  385.75  1.28809e-48
  386  3.03652e-48
  386.25  7.49737e-49
  386.5  6.48986e-49
  386.75  4.80639e-49
  387  1.93872e-49
  387.25  8.12524e-49
  387.5  2.6955e-49
  387.75  1.27929e-49
  388  8.71778e-51
  388.25  1.18067e-50
  388.5  1.07469e-50
  388.75  3.03978e-50
  389  3.03373e-50
  389.25  3.72492e-50
  389.5  5.41725e-50
  389.75  2.03844e-50
  390  6.14796e-50
  390.25  1.37636e-49
  390.5  1.32932e-49
  390.75  1.51628e-49
  391  4.70674e-49
  391.25  5.88917e-49
  391.5  1.37838e-48
  391.75  1.26646e-48
  392  1.21708e-48
  392.25  2.38346e-48
  392.5  1.71224e-48
  392.75  2.41341e-48
  393  4.94364e-48
  393.25  1.49487e-47
  393.5  2.20975e-47
  393.75  1.78942e-47
  394  1.97132e-47
  394.25  1.53997e-47
  394.5  2.81361e-47
  394.75  1.79396e-47
  395  4.23274e-47
  395.25  1.2218e-47
  395.5  2.34148e-47
  395.75  9.40696e-48
  396  1.39717e-47
  396.25  1.05959e-47
  396.5  2.30842e-47
  396.75  2.25075e-47
  397  5.83957e-47
  397.25  2.06648e-47
  397.5  2.23569e-47
  397.75  1.71126e-47
  398  1.2477e-47
  398.25  8.85581e-48
  398.5  1.47246e-47
  398.75  9.03509e-48
  399  1.96344e-48
  399.25  2.94156e-48
  399.5  5.36682e-48
  399.75  5.30191e-48
  400  1.90169e-48
  400.25  3.74719e-48
  400.5  2.17038e-48
  400.75  3.6182e-48
  401  7.23244e-51
  401.25  1.98182e-50
  401.5  5.92188e-51
  401.75  3.87014e-51
  402  4.82739e-51
  402.25  4.0833e-51
  402.5  1.3211e-51
  402.75  2.67074e-51
  403  3.28801e-51
  403.25  1.16398e-50
  403.5  1.74183e-50
  403.75  1.79089e-50
  404  5.85567e-50
  404.25  1.5746e-49
  404.5  1.8525e-49
  404.75  5.34125e-49
  405  2.01951e-48
  405.25  1.73335e-49
  405.5  2.94448e-49
  405.75  2.18504e-49
  406  3.59069e-49
  406.25  7.22261e-49
  406.5  7.43046e-49
  406.75  1.07483e-48
  407  3.6036e-49
  407.25  4.03199e-49
  407.5  1.05028e-48
  407.75  1.07101e-48
  408  2.04676e-48
  408.25  1.05422e-48
  408.5  7.75623e-49
  408.75  1.00191e-48
  409  1.30847e-48
  409.25  3.78969e-48
  409.5  2.29039e-48
  409.75  5.56382e-48
  410  1.38932e-47
  410.25  2.12291e-47
  410.5  4.51031e-47
  410.75  1.65756e-47
  411  1.33066e-48
  411.25  7.41079e-49
  411.5  5.11487e-49
  411.75  1.56895e-48
  412  9.81144e-49
  412.25  2.37894e-48
  412.5  1.62501e-48
  412.75  4.78833e-48
  413  1.5577e-48
  413.25  2.10514e-49
  413.5  7.0962e-51
  413.75  3.70679e-51
  414  7.77077e-51
  414.25  1.02278e-50
  414.5  1.19077e-51
  414.75  3.01117e-51
  415  2.6086e-51
  415.25  5.98918e-52
  415.5  8.79523e-52
  415.75  1.08104e-51
  416  1.14055e-51
  416.25  1.52256e-51
  416.5  1.30417e-51
  416.75  1.60213e-51
  417  1.45874e-52
  417.25  3.98119e-52
  417.5  3.45096e-53
  417.75  7.91086e-53
  418  1.44149e-54
  418.25  6.363e-55
  418.5  1.18856e-54
  418.75  1.95717e-54
  419  1.62535e-54
  419.25  8.72516e-55
  419.5  5.87257e-55
  419.75  6.32859e-55
  420  1.28525e-58
  420.25  2.60103e-58
  420.5  4.09411e-58
  420.75  1.12771e-57
  421  7.69746e-58
  421.25  1.1508e-57
  421.5  2.0791e-57
  421.75  1.17092e-57
  422  5.61125e-58
  422.25  7.19514e-58
  422.5  2.46009e-57
  422.75  2.79983e-57
  423  1.15475e-59
  423.25  5.43402e-61
  423.5  1.90612e-61
  423.75  1.41383e-61
  424  2.87942e-61
  424.25  4.64556e-61
  424.5  1.09381e-60
  424.75  6.0082e-61
  425  6.19283e-61
  425.25  4.56681e-61
  425.5  4.80837e-61
  425.75  6.61423e-61
  426  1.62778e-60
  426.25  6.86033e-61
  426.5  6.46277e-61
  426.75  1.49866e-60
  427  3.26526e-60
  427.25  2.46817e-60
  427.5  1.24069e-60
  427.75  2.75667e-60
  428  7.87252e-60
  428.25  1.43723e-59
  428.5  9.51741e-60
  428.75  7.49843e-60
  429  1.87902e-59
  429.25  5.06903e-59
  429.5  1.25589e-61
  429.75  1.90299e-61
  430  9.27283e-62
  430.25  3.06085e-61
  430.5  1.5844e-61
  430.75  2.56158e-61
  431  3.96132e-61
  431.25  5.68166e-61
  431.5  1.65474e-60
  431.75  1.0587e-60
  432  2.77457e-60
  432.25  4.23188e-60
  432.5  1.97488e-60
  432.75  7.2411e-61
  433  3.76202e-61
  433.25  2.67568e-61
  433.5  4.0676e-61
  433.75  5.66382e-61
  434  7.4332e-61
  434.25  1.63142e-60
  434.5  6.47617e-61
  434.75  8.72956e-61
  435  1.13152e-60
  435.25  1.73801e-62
  435.5  2.30639e-62
  435.75  2.96427e-62
  436  5.98964e-62
  436.25  1.5778e-61
  436.5  4.58674e-61
  436.75  7.29141e-62
  437  9.45406e-62
  437.25  5.75838e-62
  437.5  5.83126e-62
  437.75  1.30734e-61
  438  2.5608e-61
  438.25  2.00517e-61
  438.5  3.8318e-61
  438.75  4.58546e-62
  439  7.78762e-62
  439.25  1.09695e-61
  439.5  1.91702e-61
  439.75  6.95068e-62
  440  8.42647e-62
  440.25  1.14305e-61
  440.5  2.53743e-61
  440.75  1.51163e-61
  441  1.53669e-61
  441.25  7.23171e-62
  441.5  5.26291e-62
  441.75  6.42609e-62
  442  3.31249e-62
  442.25  5.14263e-63
  442.5  1.62887e-62
  442.75  3.77765e-62
  443  6.95286e-62
  443.25  8.19818e-62
  443.5  1.18224e-61
  443.75  1.6494e-61
  444  3.7112e-61
  444.25  1.05194e-60
  444.5  1.50861e-60
  444.75  2.59569e-61
  445  4.21829e-61
  445.25  7.90717e-61
  445.5  2.83779e-60
  445.75  5.05266e-60
  446  6.8571e-60
  446.25  2.80858e-60
  446.5  1.05917e-60
  446.75  3.22592e-62
  447  8.55087e-62
  447.25  5.59247e-62
  447.5  1.28797e-61
  447.75  4.00606e-61
  448  1.11383e-60
  448.25  1.51113e-60
  448.5  6.90757e-61
  448.75  3.13197e-61
  449  5.73846e-62
  449.25  1.04916e-61
  449.5  9.1803e-62
  449.75  4.47178e-62
  450  1.98968e-62
  450.25  1.5382e-62
  450.5  1.20483e-62
  450.75  2.94174e-62
  451  3.28446e-62
  451.25  2.63398e-62
  451.5  1.53137e-62
  451.75  1.3914e-62
  452  1.72587e-62
  452.25  1.56426e-62
  452.5  2.72779e-62
  452.75  6.69765e-62
  453  1.04841e-61
  453.25  9.84339e-62
  453.5  1.43632e-61
  453.75  3.49824e-61
  454  3.08055e-61
  454.25  1.47019e-61
  454.5  2.20052e-61
  454.75  4.0277e-61
  455  3.10261e-61
  455.25  2.95419e-62
  455.5  4.15282e-62
  455.75  8.69191e-62
  456  2.08386e-62
  456.25  4.48369e-62
  456.5  9.61412e-62
  456.75  2.52017e-61
  457  6.53805e-61
  457.25  1.14876e-60
  457.5  2.7975e-60
  457.75  6.94768e-60
  458  4.25004e-60
  458.25  2.07559e-60
  458.5  7.14669e-61
  458.75  1.18062e-60
  459  3.44476e-60
  459.25  4.66154e-60
  459.5  7.44359e-60
  459.75  2.52494e-60
  460  5.35706e-60
  460.25  1.11196e-61
  460.5  1.0772e-61
  460.75  4.01695e-61
  461  6.50705e-62
  461.25  1.47828e-62
  461.5  3.28671e-62
  461.75  3.00516e-62
  462  5.57179e-62
  462.25  9.86175e-62
  462.5  3.32139e-61
  462.75  1.74293e-61
  463  2.92434e-61
  463.25  1.10857e-61
  463.5  2.49027e-61
  463.75  1.20629e-61
  464  1.6723e-61
  464.25  5.96154e-62
  464.5  9.84479e-63
  464.75  3.34784e-64
  465  2.73327e-64
  465.25  3.93473e-65
  465.5  1.54458e-65
  465.75  1.86952e-65
  466  1.77115e-65
  466.25  1.61663e-65
  466.5  4.96113e-66
  466.75  5.09218e-66
  467  4.28523e-66
  467.25  8.75935e-67
  467.5  2.538e-66
  467.75  8.3653e-66
  468  1.97838e-65
  468.25  2.77436e-65
  468.5  2.68374e-65
  468.75  3.30941e-65
  469  4.31256e-65
  469.25  1.6721e-65
  469.5  2.00149e-65
  469.75  3.22489e-65
  470  4.18667e-65
  470.25  4.93046e-65
  470.5  3.90855e-65
  470.75  7.49926e-65
  471  2.93302e-65
  471.25  3.5145e-65
  471.5  8.51671e-66
  471.75  1.68093e-65
  472  1.12699e-65
  472.25  2.02942e-65
  472.5  8.179e-66
  472.75  1.82099e-65
  473  1.90922e-65
  473.25  9.22959e-66
  473.5  2.45954e-65
  473.75  5.7956e-66
  474  8.14841e-66
  474.25  1.05043e-65
  474.5  1.0588e-65
  474.75  1.59864e-65
  475  6.804e-65
  475.25  1.3223e-64
  475.5  2.8938e-65
  475.75  2.68695e-65
  476  6.22439e-65
  476.25  2.07075e-64
  476.5  4.53836e-66
  476.75  5.94164e-66
  477  3.43629e-67
  477.25  4.56314e-68
  477.5  9.04994e-68
  477.75  1.77873e-67
  478  2.21358e-67
  478.25  4.56269e-67
  478.5  3.76426e-67
  478.75  1.54168e-68
  479  6.26169e-69
  479.25  1.08695e-69
  479.5  4.30941e-70
  479.75  2.43024e-71
  480  2.22394e-72
  480.25  6.45679e-72
  480.5  1.55117e-72
  480.75  8.57262e-73
  481  9.28586e-73
  481.25  2.61958e-72
  481.5  4.45716e-72
  481.75  5.54156e-73
  482  1.1878e-72
  482.25  5.03698e-72
  482.5  1.29537e-71
  482.75  1.07846e-71
  483  1.87331e-71
  483.25  1.92589e-71
  483.5  2.51265e-71
  483.75  5.87231e-71
  484  4.48291e-71
  484.25  5.14821e-72
  484.5  1.13339e-71
  484.75  2.65936e-71
  485  3.74101e-71
  485.25  9.82867e-71
  485.5  5.0236e-71
  485.75  3.10419e-71
  486  8.98607e-71
  486.25  3.06119e-70
  486.5  1.544e-70
  486.75  3.18933e-70
  487  6.37602e-70
  487.25  7.80369e-70
  487.5  1.15369e-69
  487.75  5.21599e-70
  488  9.26564e-70
  488.25  4.76948e-71
  488.5  1.90651e-70
  488.75  4.24091e-71
  489  8.13216e-71
  489.25  7.0384e-71
  489.5  7.11389e-71
  489.75  1.07032e-70
  490  5.35801e-71
  490.25  7.18296e-71
  490.5  1.09896e-70
  490.75  3.21468e-71
  491  5.5342e-71
  491.25  1.85375e-70
  491.5  1.4963e-70
  491.75  4.13757e-70
  492  4.78815e-70
  492.25  4.04352e-71
  492.5  1.35928e-71
  492.75  2.58968e-71
  493  5.28429e-71
  493.25  6.26728e-71
  493.5  3.59545e-71
  493.75  1.1276e-70
  494  4.79558e-71
  494.25  5.40295e-72
  494.5  1.36275e-71
  494.75  1.29447e-71
  495  8.39259e-72
  495.25  1.77374e-72
  495.5  2.22832e-72
  495.75  4.12711e-72
  496  1.27432e-73
  496.25  1.29301e-73
  496.5  1.20477e-73
  496.75  5.73991e-74
  497  6.28172e-74
  497.25  1.2792e-74
  497.5  4.45502e-75
  497.75  1.32896e-74
  498  1.02103e-74
  498.25  1.08754e-74
  498.5  1.27289e-74
  498.75  1.00844e-74
  499  7.31591e-75
  499.25  3.37659e-76
  499.5  3.106e-76
  499.75  6.60534e-76
  500  1.75979e-75
