  0  1
  0.125  0.578996
  0.25  0.154194
  0.375  0.241843
  0.5  0.17723
  0.625  0.439255
  0.75  0.686132
  0.875  0.582952
  1  1.47965
  1.125  1.33955
  1.25  1.32697
  1.375  1.60864
  1.5  1.40277
  1.625  0.816487
  1.75  1.45937
  1.875  1.39337
  2  0.0959287
  2.125  0.204165
  2.25  0.382077
  2.375  0.107205
  2.5  0.0710026
  2.625  0.0526548
  2.75  0.0710947
  2.875  0.0530384
  3  0.113751
  3.125  0.161559
  3.25  0.0908731
  3.375  0.024905
  3.5  0.015384
  3.625  0.0131466
  3.75  0.000269993
  3.875  0.000349904
  4  0.000227952
  4.125  0.000595752
  4.25  0.00168184
  4.375  0.00173019
  4.5  0.00245293
  4.625  0.00548195
  4.75  0.0121813
  4.875  0.0213266
  5  0.00654813
  5.125  0.00886095
  5.25  0.0113657
  5.375  0.0170166
  5.5  0.0177483
  5.625  0.0519405
  5.75  0.0871402
  5.875  0.0320773
  6  0.0294929
  6.125  0.105407
  6.25  0.137699
  6.375  0.189997
  6.5  0.240026
  6.625  0.561839
  6.75  0.468419
  6.875  0.83676
  7  1.89581
  7.125  2.38858
  7.25  2.43324
  7.375  0.795012
  7.5  2.90994
  7.625  4.48077
  7.75  4.78909
  7.875  6.50345
  8  12.4216
  8.125  27.0516
  8.25  22.9424
  8.375  24.5798
  8.5  20.7981
  8.625  17.6496
  8.75  12.4429
  8.875  7.28595
  9  0.359974
  9.125  0.547646
  9.25  0.474278
  9.375  0.293348
  9.5  0.235455
  9.625  0.286538
  9.75  0.218962
  9.875  0.539087
  10  0.0369683
  10.125  0.0455049
  10.25  0.0722895
  10.375  0.225262
  10.5  0.0305927
  10.625  0.0341981
  10.75  0.0245736
  10.875  0.000806329
  11  0.000365311
  11.125  0.000616943
  11.25  0.000893319
  11.375  0.000833525
  11.5  0.0013637
  11.625  0.00127956
  11.75  0.00274736
  11.875  0.00447341
  12  0.00285562
  12.125  0.00399066
  12.25  0.00175572
  12.375  0.00386062
  12.5  0.0116408
  12.625  0.0102593
  12.75  0.010982
  12.875  0.00581452
  13  0.00406239
  13.125  0.00401689
  13.25  0.0003122
  13.375  0.00064576
  13.5  0.000996628
  13.625  0.00131925
  13.75  0.0021809
  13.875  0.00308288
  14  0.00285133
  14.125  0.0036381
  14.25  0.0017302
  14.375  0.000839147
  14.5  0.00109251
  14.625  0.00101996
  14.75  0.00146916
  14.875  0.00259104
  15  0.00807241
  15.125  0.00686613
  15.25  2.13608e-05
  15.375  6.19148e-05
  15.5  4.59724e-05
  15.625  7.97924e-05
  15.75  1.4694e-05
  15.875  8.4425e-06
  16  2.6844e-08
  16.125  3.02593e-08
  16.25  6.56202e-09
  16.375  3.6873e-09
  16.5  1.28235e-09
  16.625  1.04616e-09
  16.75  8.25961e-10
  16.875  8.45936e-10
  17  1.54618e-09
  17.125  1.91179e-09
  17.25  3.76458e-09
  17.375  3.20464e-09
  17.5  1.00688e-09
  17.625  1.58925e-10
  17.75  7.78893e-11
  17.875  6.76213e-11
  18  1.22664e-10
  18.125  1.47881e-10
  18.25  3.58494e-11
  18.375  3.26676e-11
  18.5  1.02791e-11
  18.625  1.38706e-11
  18.75  2.54543e-11
  18.875  2.31709e-11
  19  7.14619e-12
  19.125  1.29965e-11
  19.25  2.27693e-11
  19.375  1.60781e-11
  19.5  2.71322e-12
  19.625  2.62781e-12
  19.75  6.08794e-12
  19.875  8.95709e-12
  20  1.30395e-11
  20.125  3.17511e-11
  20.25  6.18067e-11
  20.375  3.75897e-11
  20.5  2.14265e-11
  20.625  5.04375e-11
  20.75  1.05274e-10
  20.875  5.91894e-11
  21  1.58144e-10
  21.125  2.12948e-10
  21.25  1.80154e-10
  21.375  1.49485e-10
  21.5  1.27246e-10
  21.625  7.55425e-11
  21.75  8.6526e-11
  21.875  3.95232e-11
  22  2.89065e-11
  22.125  4.42781e-11
  22.25  7.30394e-11
  22.375  6.81077e-11
  22.5  9.39492e-11
  22.625  4.57283e-11
  22.75  2.01844e-11
  22.875  1.20363e-11
  23  2.53328e-11
  23.125  3.93613e-11
  23.25  4.39215e-11
  23.375  6.35139e-12
  23.5  1.15126e-11
  23.625  1.64727e-11
  23.75  1.00512e-11
  23.875  7.16792e-12
  24  1.63322e-11
  24.125  9.6049e-12
  24.25  1.85553e-11
  24.375  1.56027e-11
  24.5  7.64331e-12
  24.625  1.20887e-11
  24.75  1.64151e-12
  24.875  1.39733e-12
  25  4.20278e-12
  25.125  3.67307e-12
  25.25  2.73751e-12
  25.375  5.64581e-12
  25.5  1.13673e-11
  25.625  1.46469e-11
  25.75  2.5488e-11
  25.875  8.03114e-12
  26  6.13439e-12
  26.125  8.43368e-12
  26.25  7.16139e-14
  26.375  1.60591e-14
  26.5  2.69244e-14
  26.625  2.29994e-14
  26.75  4.95613e-14
  26.875  2.93263e-14
  27  1.51146e-14
  27.125  2.5883e-15
  27.25  2.24971e-15
  27.375  1.32295e-15
  27.5  1.62951e-15
  27.625  2.17268e-15
  27.75  2.18721e-15
  27.875  4.78184e-15
  28  3.3037e-15
  28.125  5.61186e-15
  28.25  4.39588e-15
  28.375  3.25343e-15
  28.5  5.01904e-15
  28.625  1.68617e-16
  28.75  5.74386e-17
  28.875  1.09479e-16
  29  3.53879e-18
  29.125  6.9653e-18
  29.25  1.01071e-17
  29.375  1.10328e-17
  29.5  1.26402e-17
  29.625  1.43377e-17
  29.75  1.90309e-17
  29.875  1.81051e-17
  30  4.21728e-18
  30.125  3.6447e-18
  30.25  3.90297e-18
  30.375  5.42362e-18
  30.5  2.86958e-18
  30.625  4.88996e-18
  30.75  4.12633e-18
  30.875  8.53826e-18
  31  2.73699e-18
  31.125  1.55806e-18
  31.25  4.53742e-18
  31.375  5.35221e-18
  31.5  2.78514e-18
  31.625  1.60439e-18
  31.75  1.36036e-18
  31.875  2.12027e-18
  32  2.29957e-18
  32.125  3.29615e-18
  32.25  3.90686e-18
  32.375  9.43104e-18
  32.5  1.83547e-17
  32.625  1.42558e-17
  32.75  3.26467e-17
  32.875  1.15943e-17
  33  2.83474e-17
  33.125  2.66123e-17
  33.25  4.22815e-17
  33.375  9.64653e-17
  33.5  1.55529e-16
  33.625  2.67548e-16
  33.75  6.0997e-18
  33.875  2.0308e-18
  34  1.93762e-18
  34.125  4.30395e-18
  34.25  6.39016e-18
  34.375  1.98214e-18
  34.5  2.94368e-18
  34.625  2.37744e-18
  34.75  6.05835e-19
  34.875  5.20183e-19
  35  9.67036e-19
  35.125  6.85043e-19
  35.25  1.79631e-18
  35.375  4.65043e-19
  35.5  1.49462e-18
  35.625  1.24459e-18
  35.75  1.35864e-18
  35.875  3.84738e-18
  36  4.03803e-18
  36.125  2.412e-20
  36.25  1.64729e-20
  36.375  3.73974e-21
  36.5  6.16418e-21
  36.625  6.41248e-21
  36.75  3.18836e-21
  36.875  7.68854e-21
  37  1.51647e-20
  37.125  7.39119e-21
  37.25  5.74252e-22
  37.375  1.47758e-22
  37.5  1.47295e-22
  37.625  3.82613e-22
  37.75  8.66499e-23
  37.875  1.05342e-22
  38  1.91429e-22
  38.125  2.31504e-22
  38.25  2.45208e-22
  38.375  1.47372e-22
  38.5  1.14214e-22
  38.625  9.78317e-23
  38.75  1.57054e-22
  38.875  2.87333e-22
  39  2.37284e-22
  39.125  3.562e-22
  39.25  7.82564e-22
  39.375  5.13507e-22
  39.5  7.21191e-22
  39.625  6.85129e-22
  39.75  3.59902e-22
  39.875  3.98296e-22
  40  2.16254e-22
  40.125  4.60483e-22
  40.25  1.65224e-22
  40.375  1.79077e-22
  40.5  5.60884e-23
  40.625  2.81699e-23
  40.75  1.95592e-23
  40.875  1.29583e-23
  41  4.53713e-24
  41.125  7.53502e-24
  41.25  4.92837e-24
  41.375  9.39506e-24
  41.5  1.02145e-23
  41.625  1.21046e-23
  41.75  2.8366e-23
  41.875  5.42548e-23
  42  6.53766e-23
  42.125  8.36487e-23
  42.25  4.07561e-23
  42.375  2.14488e-23
  42.5  8.12383e-25
  42.625  5.98761e-25
  42.75  1.40182e-24
  42.875  9.64095e-25
  43  1.05029e-26
  43.125  1.70775e-26
  43.25  2.40399e-26
  43.375  4.77277e-26
  43.5  1.05287e-25
  43.625  4.56131e-26
  43.75  3.68845e-27
  43.875  1.07369e-27
  44  2.07693e-27
  44.125  2.19888e-27
  44.25  5.41622e-27
  44.375  5.21151e-27
  44.5  6.30903e-27
  44.625  1.7633e-26
  44.75  5.93901e-27
  44.875  5.20635e-27
  45  3.54626e-27
  45.125  6.282e-27
  45.25  1.54471e-26
  45.375  4.202e-26
  45.5  3.99319e-26
  45.625  1.0054e-25
  45.75  9.45327e-26
  45.875  7.09921e-26
  46  1.05997e-25
  46.125  1.34034e-25
  46.25  3.99514e-25
  46.375  4.28821e-25
  46.5  3.65571e-25
  46.625  1.31207e-26
  46.75  1.85259e-26
  46.875  2.32368e-26
  47  4.68524e-26
  47.125  4.06182e-26
  47.25  4.19042e-26
  47.375  5.8908e-26
  47.5  4.57554e-26
  47.625  5.14349e-26
  47.75  4.45226e-26
  47.875  7.93229e-26
  48  5.68099e-26
  48.125  6.74507e-26
  48.25  3.96025e-27
  48.375  5.79379e-27
  48.5  3.6082e-27
  48.625  6.01862e-27
  48.75  3.21118e-28
  48.875  4.68779e-28
  49  1.88784e-28
  49.125  1.42099e-28
  49.25  3.42631e-29
  49.375  1.78164e-29
  49.5  3.60339e-30
  49.625  8.53765e-30
  49.75  1.57194e-29
  49.875  1.80599e-29
  50  4.00698e-29
  50.125  1.56484e-29
  50.25  3.3394e-30
  50.375  2.29769e-30
  50.5  5.63091e-31
  50.625  2.24045e-32
  50.75  2.3703e-33
  50.875  2.57534e-33
  51  5.15545e-33
  51.125  4.08986e-34
  51.25  6.69443e-34
  51.375  1.93272e-34
  51.5  1.51448e-34
  51.625  1.31952e-34
  51.75  1.31761e-34
  51.875  1.33035e-34
  52  4.36669e-35
  52.125  3.47365e-35
  52.25  2.72764e-35
  52.375  3.85114e-36
  52.5  7.24501e-36
  52.625  5.29624e-36
  52.75  1.56362e-35
  52.875  1.43095e-35
  53  3.67867e-35
  53.125  2.19102e-35
  53.25  7.11886e-36
  53.375  8.60556e-36
  53.5  1.19607e-35
  53.625  1.90666e-35
  53.75  4.26468e-35
  53.875  8.1831e-36
  54  7.1099e-36
  54.125  8.26097e-36
  54.25  6.45085e-36
  54.375  4.47481e-36
  54.5  6.14088e-36
  54.625  3.16762e-36
  54.75  5.53662e-36
  54.875  3.69521e-36
  55  5.90372e-36
  55.125  3.17944e-36
  55.25  3.35276e-36
  55.375  8.84813e-37
  55.5  1.36736e-36
  55.625  1.39904e-36
  55.75  2.76101e-37
  55.875  1.03991e-37
  56  1.0921e-37
  56.125  1.53283e-37
  56.25  3.03417e-37
  56.375  8.52775e-38
  56.5  2.01526e-37
  56.625  2.883e-37
  56.75  3.63858e-37
  56.875  3.91031e-37
  57  6.54566e-37
  57.125  1.85196e-36
  57.25  2.66178e-36
  57.375  2.94064e-36
  57.5  2.03062e-36
  57.625  1.36695e-36
  57.75  6.58827e-37
  57.875  9.08001e-37
  58  1.01419e-36
  58.125  1.9994e-36
  58.25  5.90708e-36
  58.375  4.28589e-36
  58.5  2.14707e-36
  58.625  3.14394e-36
  58.75  5.89718e-36
  58.875  1.47017e-36
  59  1.88512e-37
  59.125  8.60185e-38
  59.25  1.66203e-37
  59.375  4.02179e-37
  59.5  1.02821e-36
  59.625  1.72577e-36
  59.75  1.12692e-36
  59.875  2.13888e-37
  60  3.47624e-37
  60.125  2.5867e-37
  60.25  4.16099e-37
  60.375  5.95017e-37
  60.5  2.35451e-37
  60.625  2.05184e-37
  60.75  3.84338e-37
  60.875  3.89278e-37
  61  2.35543e-37
  61.125  1.20265e-38
  61.25  3.27276e-38
  61.375  4.36133e-38
  61.5  1.15604e-37
  61.625  3.31334e-37
  61.75  4.63857e-37
  61.875  7.64873e-37
  62  6.67189e-37
  62.125  1.29295e-36
  62.25  1.44431e-36
  62.375  1.06948e-36
  62.5  7.32264e-37
  62.625  7.63405e-39
  62.75  2.01244e-39
  62.875  4.94914e-40
  63  5.71118e-40
  63.125  1.54742e-39
  63.25  1.77624e-40
  63.375  6.20478e-41
  63.5  1.4081e-40
  63.625  3.09147e-40
  63.75  3.88643e-40
  63.875  2.72602e-40
  64  1.58197e-40
  64.125  9.79725e-41
  64.25  2.34736e-40
  64.375  5.34607e-40
  64.5  1.37252e-39
  64.625  8.98944e-40
  64.75  8.31738e-40
  64.875  1.1007e-40
  65  7.04771e-41
  65.125  1.69121e-40
  65.25  2.37768e-40
  65.375  4.95618e-40
  65.5  2.90905e-40
  65.625  6.68369e-40
  65.75  1.36544e-39
  65.875  1.155e-39
  66  5.60025e-40
  66.125  5.1384e-40
  66.25  1.04994e-39
  66.375  1.27871e-39
  66.5  4.10585e-40
  66.625  2.20638e-41
  66.75  1.80081e-41
  66.875  2.33987e-43
  67  2.72232e-43
  67.125  1.23179e-43
  67.25  2.2181e-43
  67.375  8.62578e-44
  67.5  1.2798e-43
  67.625  8.69458e-44
  67.75  1.3431e-43
  67.875  2.15096e-43
  68  3.88962e-43
  68.125  5.11849e-43
  68.25  2.85968e-43
  68.375  3.52908e-43
  68.5  3.65821e-43
  68.625  2.2096e-45
  68.75  5.52209e-45
  68.875  5.06237e-45
  69  2.9502e-45
  69.125  2.85079e-46
  69.25  5.96772e-46
  69.375  1.77082e-46
  69.5  2.66599e-46
  69.625  4.22691e-46
  69.75  7.66683e-46
  69.875  7.80053e-47
  70  2.0573e-46
  70.125  2.58024e-46
  70.25  9.42646e-47
  70.375  7.52807e-47
  70.5  8.14559e-47
  70.625  9.31845e-47
  70.75  6.45866e-47
  70.875  1.80849e-47
  71  2.01897e-47
  71.125  1.95846e-47
  71.25  2.19232e-47
  71.375  2.08559e-47
  71.5  3.60886e-47
  71.625  3.88175e-47
  71.75  4.17553e-47
  71.875  7.58248e-48
  72  9.19444e-48
  72.125  2.56838e-47
  72.25  4.20448e-48
  72.375  3.11426e-48
  72.5  2.34563e-48
  72.625  2.14169e-48
  72.75  6.41655e-50
  72.875  2.80649e-50
  73  1.19419e-50
  73.125  2.41825e-50
  73.25  2.36559e-50
  73.375  2.4839e-50
  73.5  3.31868e-51
  73.625  7.37102e-51
  73.75  1.21442e-50
  73.875  7.93402e-51
  74  1.03836e-50
  74.125  1.33733e-50
  74.25  2.93034e-50
  74.375  1.47086e-50
  74.5  2.98905e-50
  74.625  4.113e-50
  74.75  6.33357e-50
  74.875  1.39472e-49
  75  8.70227e-50
  75.125  1.27756e-49
  75.25  2.89933e-49
  75.375  4.86952e-50
  75.5  6.10598e-50
  75.625  2.34954e-50
  75.75  3.7088e-50
  75.875  6.24934e-50
  76  5.13907e-50
  76.125  1.61933e-50
  76.25  4.87827e-51
  76.375  6.85445e-51
  76.5  9.53133e-51
  76.625  4.56355e-51
  76.75  5.55226e-51
  76.875  2.97581e-51
  77  3.00983e-51
  77.125  1.53547e-51
  77.25  9.3465e-52
  77.375  1.06943e-52
  77.5  3.98557e-53
  77.625  4.36848e-53
  77.75  6.02868e-53
  77.875  3.29463e-53
  78  4.29639e-53
  78.125  1.00536e-52
  78.25  1.15806e-52
  78.375  1.0259e-52
  78.5  6.58759e-53
  78.625  1.18358e-52
  78.75  1.27215e-53
  78.875  3.92612e-54
  79  8.51974e-54
  79.125  1.40936e-54
  79.25  2.49638e-54
  79.375  2.00916e-54
  79.5  2.97883e-54
  79.625  6.27576e-54
  79.75  1.08042e-53
  79.875  1.2848e-53
  80  1.10437e-53
  80.125  8.64321e-54
  80.25  1.23936e-53
  80.375  3.7903e-53
  80.5  9.53929e-54
  80.625  1.49197e-53
  80.75  2.22945e-53
  80.875  4.89464e-53
  81  3.69488e-53
  81.125  5.9096e-53
  81.25  7.40459e-53
  81.375  9.58382e-53
  81.5  1.2678e-52
  81.625  6.89287e-53
  81.75  7.56755e-53
  81.875  1.36006e-53
  82  2.61397e-53
  82.125  5.0597e-53
  82.25  1.83575e-53
  82.375  1.68221e-53
  82.5  2.23651e-53
  82.625  2.826e-55
  82.75  5.52542e-55
  82.875  7.11514e-55
  83  1.40602e-54
  83.125  2.97963e-54
  83.25  2.51921e-55
  83.375  8.69232e-56
  83.5  1.3845e-55
  83.625  1.71484e-55
  83.75  2.39603e-55
  83.875  5.07566e-55
  84  9.18612e-55
  84.125  1.69687e-54
  84.25  1.07976e-54
  84.375  1.39035e-54
  84.5  8.53946e-55
  84.625  1.58397e-54
  84.75  2.31142e-56
  84.875  3.58528e-56
  85  3.77338e-56
  85.125  1.04156e-55
  85.25  9.27702e-57
  85.375  1.38714e-58
  85.5  1.01613e-58
  85.625  1.38027e-58
  85.75  2.25876e-58
  85.875  3.68316e-58
  86  1.42678e-58
  86.125  2.73692e-58
  86.25  1.03426e-58
  86.375  7.43672e-59
  86.5  4.82737e-59
  86.625  1.10507e-60
  86.75  1.86302e-60
  86.875  3.48398e-60
  87  3.48127e-60
  87.125  2.5886e-60
  87.25  3.8187e-60
  87.375  5.3732e-60
  87.5  9.91429e-60
  87.625  1.85231e-59
  87.75  2.1866e-60
  87.875  7.63073e-61
  88  6.96613e-61
  88.125  7.1949e-62
  88.25  9.93659e-63
  88.375  9.83481e-63
  88.5  7.28334e-63
  88.625  8.80663e-63
  88.75  1.40256e-62
  88.875  7.68211e-63
  89  7.70134e-63
  89.125  1.15234e-62
  89.25  9.90793e-63
  89.375  9.7626e-63
  89.5  4.03838e-63
  89.625  6.42555e-63
  89.75  1.12396e-62
  89.875  1.0812e-62
  90  1.62456e-62
  90.125  1.98745e-62
  90.25  4.30895e-63
  90.375  2.04853e-63
  90.5  4.2837e-63
  90.625  7.77455e-63
  90.75  5.45606e-63
  90.875  1.35595e-62
  91  2.26036e-62
  91.125  1.18551e-62
  91.25  7.21602e-63
  91.375  5.13787e-63
  91.5  3.20236e-63
  91.625  5.94904e-63
  91.75  5.74486e-63
  91.875  6.3242e-63
  92  9.12372e-63
  92.125  8.364e-63
  92.25  1.27248e-62
  92.375  2.50933e-62
  92.5  1.51636e-62
  92.625  1.38009e-62
  92.75  3.72293e-63
  92.875  8.71327e-64
  93  9.70339e-64
  93.125  5.69858e-64
  93.25  8.68361e-65
  93.375  7.09444e-66
  93.5  4.27577e-66
  93.625  7.40903e-66
  93.75  3.81711e-66
  93.875  1.20673e-66
  94  2.36055e-66
  94.125  7.40405e-66
  94.25  1.65212e-65
  94.375  2.10771e-65
  94.5  9.47609e-66
  94.625  7.93616e-66
  94.75  7.33802e-66
  94.875  8.11875e-66
  95  9.89997e-66
  95.125  1.07508e-66
  95.25  3.24785e-66
  95.375  6.57854e-66
  95.5  1.6836e-65
  95.625  3.50499e-65
  95.75  5.45835e-65
  95.875  3.07649e-65
  96  2.84855e-65
  96.125  3.9598e-66
  96.25  3.71723e-66
  96.375  3.36974e-66
  96.5  3.50091e-66
  96.625  5.07781e-66
  96.75  1.54958e-65
  96.875  2.69265e-65
  97  1.09743e-65
  97.125  1.7096e-65
  97.25  1.38688e-65
  97.375  1.38195e-66
  97.5  1.04297e-67
  97.625  1.64674e-67
  97.75  1.56097e-67
  97.875  2.09397e-67
  98  1.76058e-67
  98.125  3.27805e-67
  98.25  4.53795e-67
  98.375  2.80536e-67
  98.5  2.05954e-67
  98.625  1.75035e-67
  98.75  2.17671e-67
  98.875  1.75436e-67
  99  8.65089e-69
  99.125  6.52908e-69
  99.25  5.91663e-69
  99.375  8.69729e-69
  99.5  9.04409e-70
  99.625  1.92171e-69
  99.75  2.19237e-69
  99.875  2.91145e-69
  100  3.86815e-69
  100.125  3.0608e-69
  100.25  3.63404e-69
  100.375  3.50361e-69
  100.5  5.21468e-69
  100.625  1.33058e-70
  100.75  1.30735e-70
  100.875  4.94967e-71
  101  5.37194e-71
  101.125  5.19884e-72
  101.25  2.13042e-72
  101.375  1.85662e-73
  101.5  4.32339e-73
  101.625  4.74658e-73
  101.75  4.98904e-74
  101.875  1.5051e-73
  102  2.37382e-73
  102.125  2.92243e-73
  102.25  4.593e-73
  102.375  2.35375e-73
  102.5  5.34038e-73
  102.625  1.14125e-72
  102.75  3.52078e-72
  102.875  3.39861e-73
  103  5.62798e-73
  103.125  3.80253e-73
  103.25  2.70373e-73
  103.375  2.90726e-73
  103.5  1.00554e-73
  103.625  1.96884e-74
  103.75  1.14787e-74
  103.875  3.06451e-74
  104  3.28663e-74
  104.125  2.17812e-74
  104.25  6.53421e-75
  104.375  5.94018e-75
  104.5  7.97098e-76
  104.625  1.82336e-75
  104.75  3.96221e-75
  104.875  4.74011e-75
  105  7.09833e-75
  105.125  8.55271e-75
  105.25  1.92354e-74
  105.375  1.01806e-74
  105.5  2.38035e-74
  105.625  2.96573e-74
  105.75  4.41532e-74
  105.875  6.43186e-74
  106  5.07366e-74
  106.125  8.44627e-74
  106.25  1.02006e-73
  106.375  1.28951e-73
  106.5  7.99515e-74
  106.625  6.68818e-74
  106.75  5.2403e-74
  106.875  6.14163e-74
  107  1.86332e-74
  107.125  3.8469e-74
  107.25  5.72771e-74
  107.375  5.87288e-74
  107.5  1.53222e-73
  107.625  5.66698e-73
  107.75  1.4756e-73
  107.875  8.75207e-74
  108  1.12265e-73
  108.125  3.79134e-73
  108.25  5.65241e-73
  108.375  1.14072e-72
  108.5  1.5474e-72
  108.625  3.58703e-73
  108.75  6.91417e-73
  108.875  3.37003e-73
  109  3.65165e-74
  109.125  8.25225e-74
  109.25  1.35005e-73
  109.375  7.41017e-74
  109.5  1.00994e-73
  109.625  1.50196e-73
  109.75  1.25118e-73
  109.875  1.208e-73
  110  1.7752e-73
  110.125  3.31382e-73
  110.25  2.90189e-73
  110.375  5.34232e-73
  110.5  9.2373e-73
  110.625  2.18316e-72
  110.75  4.67015e-72
  110.875  1.05562e-71
  111  1.63243e-71
  111.125  1.48314e-71
  111.25  1.04941e-72
  111.375  2.47134e-72
  111.5  4.01598e-72
  111.625  3.5649e-72
  111.75  1.83679e-72
  111.875  4.26387e-72
  112  2.74093e-72
  112.125  6.39033e-72
  112.25  1.12479e-71
  112.375  2.26749e-72
  112.5  2.29057e-72
  112.625  1.76367e-72
  112.75  2.50923e-72
  112.875  1.81811e-72
  113  9.01717e-73
  113.125  1.23339e-72
  113.25  1.07492e-72
  113.375  3.11434e-72
  113.5  5.42919e-72
  113.625  8.40073e-73
  113.75  1.5189e-72
  113.875  2.62341e-72
  114  6.73434e-73
  114.125  9.26987e-73
  114.25  3.66733e-73
  114.375  4.4238e-74
  114.5  4.03269e-74
  114.625  2.37083e-74
  114.75  2.69511e-74
  114.875  8.25368e-75
  115  3.55908e-75
  115.125  3.87533e-75
  115.25  8.39237e-75
  115.375  1.1666e-74
  115.5  8.19751e-75
  115.625  3.88143e-75
  115.75  2.79967e-75
  115.875  3.52153e-75
  116  4.40907e-75
  116.125  1.30139e-75
  116.25  2.26475e-75
  116.375  7.60106e-76
  116.5  4.86429e-76
  116.625  6.33898e-76
  116.75  1.26221e-76
  116.875  2.77281e-76
  117  2.7004e-76
  117.125  4.57612e-76
  117.25  9.011e-76
  117.375  8.89601e-76
  117.5  6.10337e-76
  117.625  1.06772e-75
  117.75  3.82172e-76
  117.875  2.08525e-76
  118  1.38899e-76
  118.125  3.10397e-77
  118.25  1.7596e-77
  118.375  5.95591e-77
  118.5  9.56156e-77
  118.625  1.7774e-77
  118.75  2.87802e-77
  118.875  3.64005e-77
  119  3.19414e-78
  119.125  3.32091e-78
  119.25  2.104e-78
  119.375  4.93616e-78
  119.5  1.13039e-77
  119.625  5.43193e-78
  119.75  8.62405e-78
  119.875  1.35539e-77
  120  4.92992e-77
  120.125  6.88762e-78
  120.25  8.87307e-78
  120.375  1.34871e-77
  120.5  2.24498e-77
  120.625  2.25845e-77
  120.75  2.79813e-78
  120.875  3.80945e-79
  121  6.58917e-79
  121.125  5.91174e-79
  121.25  3.97604e-79
  121.375  2.76098e-79
  121.5  1.07603e-79
  121.625  2.62405e-79
  121.75  6.48066e-79
  121.875  2.63165e-79
  122  3.15e-79
  122.125  1.05262e-78
  122.25  4.29846e-79
  122.375  5.8904e-80
  122.5  7.9453e-80
  122.625  5.2784e-80
  122.75  2.11153e-80
  122.875  1.51569e-80
  123  2.67803e-80
  123.125  1.27129e-80
  123.25  3.7202e-80
  123.375  2.91026e-80
  123.5  3.65474e-80
  123.625  5.65067e-80
  123.75  3.51357e-80
  123.875  2.36115e-80
  124  6.11518e-80
  124.125  1.04897e-79
  124.25  2.42949e-79
  124.375  4.35715e-79
  124.5  7.8343e-80
  124.625  3.96998e-81
  124.75  7.20593e-81
  124.875  2.4528e-81
  125  2.54243e-81
  125.125  2.80045e-81
  125.25  2.57693e-81
  125.375  5.14045e-81
  125.5  2.33382e-81
  125.625  1.76063e-81
  125.75  7.47824e-82
  125.875  4.53805e-82
  126  5.89731e-82
  126.125  5.07349e-82
  126.25  3.53602e-84
  126.375  4.17275e-84
  126.5  4.90095e-84
  126.625  1.33045e-83
  126.75  2.16009e-83
  126.875  3.86408e-83
  127  4.25199e-83
  127.125  4.78582e-84
  127.25  1.93694e-84
  127.375  2.90923e-84
  127.5  4.72705e-85
  127.625  6.68256e-86
  127.75  5.82134e-87
  127.875  6.83508e-87
  128  4.35314e-87
  128.125  1.3839e-87
  128.25  1.3839e-87
  128.375  1.3839e-87
  128.5  1.3839e-87
  128.625  1.3839e-87
  128.75  1.3839e-87
  128.875  1.3839e-87
  129  1.3839e-87
  129.125  1.3839e-87
  129.25  1.3839e-87
  129.375  1.3839e-87
  129.5  1.3839e-87
  129.625  1.3839e-87
  129.75  1.3839e-87
  129.875  1.3839e-87
  130  1.3839e-87
  130.125  1.3839e-87
  130.25  1.3839e-87
  130.375  1.3839e-87
  130.5  1.3839e-87
  130.625  1.3839e-87
  130.75  1.3839e-87
  130.875  1.3839e-87
  131  1.3839e-87
  131.125  1.3839e-87
  131.25  1.3839e-87
  131.375  1.3839e-87
  131.5  1.3839e-87
  131.625  1.3839e-87
  131.75  1.3839e-87
  131.875  1.3839e-87
  132  1.3839e-87
  132.125  1.3839e-87
  132.25  1.3839e-87
  132.375  1.3839e-87
  132.5  1.3839e-87
  132.625  1.3839e-87
  132.75  1.3839e-87
  132.875  1.3839e-87
  133  1.3839e-87
  133.125  1.3839e-87
  133.25  1.3839e-87
  133.375  1.3839e-87
  133.5  1.3839e-87
  133.625  1.3839e-87
  133.75  1.3839e-87
  133.875  1.3839e-87
  134  1.3839e-87
  134.125  1.3839e-87
  134.25  1.3839e-87
  134.375  1.3839e-87
  134.5  1.3839e-87
  134.625  1.3839e-87
  134.75  1.3839e-87
  134.875  1.3839e-87
  135  1.3839e-87
  135.125  1.3839e-87
  135.25  1.3839e-87
  135.375  1.3839e-87
  135.5  1.3839e-87
  135.625  1.3839e-87
  135.75  1.3839e-87
  135.875  1.3839e-87
  136  1.3839e-87
  136.125  1.3839e-87
  136.25  1.3839e-87
  136.375  1.3839e-87
  136.5  1.3839e-87
  136.625  1.3839e-87
  136.75  1.3839e-87
  136.875  1.3839e-87
  137  1.3839e-87
  137.125  1.3839e-87
  137.25  1.3839e-87
  137.375  1.3839e-87
  137.5  1.3839e-87
  137.625  1.3839e-87
  137.75  1.3839e-87
  137.875  1.3839e-87
  138  1.3839e-87
  138.125  1.3839e-87
  138.25  1.3839e-87
  138.375  1.3839e-87
  138.5  1.3839e-87
  138.625  1.3839e-87
  138.75  1.3839e-87
  138.875  1.3839e-87
  139  1.3839e-87
  139.125  1.3839e-87
  139.25  1.3839e-87
  139.375  1.3839e-87
  139.5  1.3839e-87
  139.625  1.3839e-87
  139.75  1.3839e-87
  139.875  1.3839e-87
  140  1.3839e-87
  140.125  1.3839e-87
  140.25  1.3839e-87
  140.375  1.3839e-87
  140.5  1.3839e-87
  140.625  1.3839e-87
  140.75  1.3839e-87
  140.875  1.3839e-87
  141  1.3839e-87
  141.125  1.3839e-87
  141.25  1.3839e-87
  141.375  1.3839e-87
  141.5  1.3839e-87
  141.625  1.3839e-87
  141.75  1.3839e-87
  141.875  1.3839e-87
  142  1.3839e-87
  142.125  1.3839e-87
  142.25  1.3839e-87
  142.375  1.3839e-87
  142.5  1.3839e-87
  142.625  1.3839e-87
  142.75  1.3839e-87
  142.875  1.3839e-87
  143  1.3839e-87
  143.125  1.3839e-87
  143.25  1.3839e-87
  143.375  1.3839e-87
  143.5  1.3839e-87
  143.625  1.3839e-87
  143.75  1.3839e-87
  143.875  1.3839e-87
  144  1.3839e-87
  144.125  1.3839e-87
  144.25  1.3839e-87
  144.375  1.3839e-87
  144.5  1.3839e-87
  144.625  1.3839e-87
  144.75  1.3839e-87
  144.875  1.3839e-87
  145  1.3839e-87
  145.125  1.3839e-87
  145.25  1.3839e-87
  145.375  1.3839e-87
  145.5  1.3839e-87
  145.625  1.3839e-87
  145.75  1.3839e-87
  145.875  1.3839e-87
  146  1.3839e-87
  146.125  1.3839e-87
  146.25  1.3839e-87
  146.375  1.3839e-87
  146.5  1.3839e-87
  146.625  1.3839e-87
  146.75  1.3839e-87
  146.875  1.3839e-87
  147  1.3839e-87
  147.125  1.3839e-87
  147.25  1.3839e-87
  147.375  1.3839e-87
  147.5  1.3839e-87
  147.625  1.3839e-87
  147.75  1.3839e-87
  147.875  1.3839e-87
  148  1.3839e-87
  148.125  1.3839e-87
  148.25  1.3839e-87
  148.375  1.3839e-87
  148.5  1.3839e-87
  148.625  1.3839e-87
  148.75  1.3839e-87
  148.875  1.3839e-87
  149  1.3839e-87
  149.125  1.3839e-87
  149.25  1.3839e-87
  149.375  1.3839e-87
  149.5  1.3839e-87
  149.625  1.3839e-87
  149.75  1.3839e-87
  149.875  1.3839e-87
  150  1.3839e-87
  150.125  1.3839e-87
  150.25  1.3839e-87
  150.375  1.3839e-87
  150.5  1.3839e-87
  150.625  1.3839e-87
  150.75  1.3839e-87
  150.875  1.3839e-87
  151  1.3839e-87
  151.125  1.3839e-87
  151.25  1.3839e-87
  151.375  1.3839e-87
  151.5  1.3839e-87
  151.625  1.3839e-87
  151.75  1.3839e-87
  151.875  1.3839e-87
  152  1.3839e-87
  152.125  1.3839e-87
  152.25  1.3839e-87
  152.375  1.3839e-87
  152.5  1.3839e-87
  152.625  1.3839e-87
  152.75  1.3839e-87
  152.875  1.3839e-87
  153  1.3839e-87
  153.125  1.3839e-87
  153.25  1.3839e-87
  153.375  1.3839e-87
  153.5  1.3839e-87
  153.625  1.3839e-87
  153.75  1.3839e-87
  153.875  1.3839e-87
  154  1.3839e-87
  154.125  1.3839e-87
  154.25  1.3839e-87
  154.375  1.3839e-87
  154.5  1.3839e-87
  154.625  1.3839e-87
  154.75  1.3839e-87
  154.875  1.3839e-87
  155  1.3839e-87
  155.125  1.3839e-87
  155.25  1.3839e-87
  155.375  1.3839e-87
  155.5  1.3839e-87
  155.625  1.3839e-87
  155.75  1.3839e-87
  155.875  1.3839e-87
  156  1.3839e-87
  156.125  1.3839e-87
  156.25  1.3839e-87
  156.375  1.3839e-87
  156.5  1.3839e-87
  156.625  1.3839e-87
  156.75  1.3839e-87
  156.875  1.3839e-87
  157  1.3839e-87
  157.125  1.3839e-87
  157.25  1.3839e-87
  157.375  1.3839e-87
  157.5  1.3839e-87
  157.625  1.3839e-87
  157.75  1.3839e-87
  157.875  1.3839e-87
  158  1.3839e-87
  158.125  1.3839e-87
  158.25  1.3839e-87
  158.375  1.3839e-87
  158.5  1.3839e-87
  158.625  1.3839e-87
  158.75  1.3839e-87
  158.875  1.3839e-87
  159  1.3839e-87
  159.125  1.3839e-87
  159.25  1.3839e-87
  159.375  1.3839e-87
  159.5  1.3839e-87
  159.625  1.3839e-87
  159.75  1.3839e-87
  159.875  1.3839e-87
  160  1.3839e-87
  160.125  1.3839e-87
  160.25  1.3839e-87
  160.375  1.3839e-87
  160.5  1.3839e-87
  160.625  1.3839e-87
  160.75  1.3839e-87
  160.875  1.3839e-87
  161  1.3839e-87
  161.125  1.3839e-87
  161.25  1.3839e-87
  161.375  1.3839e-87
  161.5  1.3839e-87
  161.625  1.3839e-87
  161.75  1.3839e-87
  161.875  1.3839e-87
  162  1.3839e-87
  162.125  1.3839e-87
  162.25  1.3839e-87
  162.375  1.3839e-87
  162.5  1.3839e-87
  162.625  1.3839e-87
  162.75  1.3839e-87
  162.875  1.3839e-87
  163  1.3839e-87
  163.125  1.3839e-87
  163.25  1.3839e-87
  163.375  1.3839e-87
  163.5  1.3839e-87
  163.625  1.3839e-87
  163.75  1.3839e-87
  163.875  1.3839e-87
  164  1.3839e-87
  164.125  1.3839e-87
  164.25  1.3839e-87
  164.375  1.3839e-87
  164.5  1.3839e-87
  164.625  1.3839e-87
  164.75  1.3839e-87
  164.875  1.3839e-87
  165  1.3839e-87
  165.125  1.3839e-87
  165.25  1.3839e-87
  165.375  1.3839e-87
  165.5  1.3839e-87
  165.625  1.3839e-87
  165.75  1.3839e-87
  165.875  1.3839e-87
  166  1.3839e-87
  166.125  1.3839e-87
  166.25  1.3839e-87
  166.375  1.3839e-87
  166.5  1.3839e-87
  166.625  1.3839e-87
  166.75  1.3839e-87
  166.875  1.3839e-87
  167  1.3839e-87
  167.125  1.3839e-87
  167.25  1.3839e-87
  167.375  1.3839e-87
  167.5  1.3839e-87
  167.625  1.3839e-87
  167.75  1.3839e-87
  167.875  1.3839e-87
  168  1.3839e-87
  168.125  1.3839e-87
  168.25  1.3839e-87
  168.375  1.3839e-87
  168.5  1.3839e-87
  168.625  1.3839e-87
  168.75  1.3839e-87
  168.875  1.3839e-87
  169  1.3839e-87
  169.125  1.3839e-87
  169.25  1.3839e-87
  169.375  1.3839e-87
  169.5  1.3839e-87
  169.625  1.3839e-87
  169.75  1.3839e-87
  169.875  1.3839e-87
  170  1.3839e-87
  170.125  1.3839e-87
  170.25  1.3839e-87
  170.375  1.3839e-87
  170.5  1.3839e-87
  170.625  1.3839e-87
  170.75  1.3839e-87
  170.875  1.3839e-87
  171  1.3839e-87
  171.125  1.3839e-87
  171.25  1.3839e-87
  171.375  1.3839e-87
  171.5  1.3839e-87
  171.625  1.3839e-87
  171.75  1.3839e-87
  171.875  1.3839e-87
  172  1.3839e-87
  172.125  1.3839e-87
  172.25  1.3839e-87
  172.375  1.3839e-87
  172.5  1.3839e-87
  172.625  1.3839e-87
  172.75  1.3839e-87
  172.875  1.3839e-87
  173  1.3839e-87
  173.125  1.3839e-87
  173.25  1.3839e-87
  173.375  1.3839e-87
  173.5  1.3839e-87
  173.625  1.3839e-87
  173.75  1.3839e-87
  173.875  1.3839e-87
  174  1.3839e-87
  174.125  1.3839e-87
  174.25  1.3839e-87
  174.375  1.3839e-87
  174.5  1.3839e-87
  174.625  1.3839e-87
  174.75  1.3839e-87
  174.875  1.3839e-87
  175  1.3839e-87
  175.125  1.3839e-87
  175.25  1.3839e-87
  175.375  1.3839e-87
  175.5  1.3839e-87
  175.625  1.3839e-87
  175.75  1.3839e-87
  175.875  1.3839e-87
  176  1.3839e-87
  176.125  1.3839e-87
  176.25  1.3839e-87
  176.375  1.3839e-87
  176.5  1.3839e-87
  176.625  1.3839e-87
  176.75  1.3839e-87
  176.875  1.3839e-87
  177  1.3839e-87
  177.125  1.3839e-87
  177.25  1.3839e-87
  177.375  1.3839e-87
  177.5  1.3839e-87
  177.625  1.3839e-87
  177.75  1.3839e-87
  177.875  1.3839e-87
  178  1.3839e-87
  178.125  1.3839e-87
  178.25  1.3839e-87
  178.375  1.3839e-87
  178.5  1.3839e-87
  178.625  1.3839e-87
  178.75  1.3839e-87
  178.875  1.3839e-87
  179  1.3839e-87
  179.125  1.3839e-87
  179.25  1.3839e-87
  179.375  1.3839e-87
  179.5  1.3839e-87
  179.625  1.3839e-87
  179.75  1.3839e-87
  179.875  1.3839e-87
  180  1.3839e-87
  180.125  1.3839e-87
  180.25  1.3839e-87
  180.375  1.3839e-87
  180.5  1.3839e-87
  180.625  1.3839e-87
  180.75  1.3839e-87
  180.875  1.3839e-87
  181  1.3839e-87
  181.125  1.3839e-87
  181.25  1.3839e-87
  181.375  1.3839e-87
  181.5  1.3839e-87
  181.625  1.3839e-87
  181.75  1.3839e-87
  181.875  1.3839e-87
  182  1.3839e-87
  182.125  1.3839e-87
  182.25  1.3839e-87
  182.375  1.3839e-87
  182.5  1.3839e-87
  182.625  1.3839e-87
  182.75  1.3839e-87
  182.875  1.3839e-87
  183  1.3839e-87
  183.125  1.3839e-87
  183.25  1.3839e-87
  183.375  1.3839e-87
  183.5  1.3839e-87
  183.625  1.3839e-87
  183.75  1.3839e-87
  183.875  1.3839e-87
  184  1.3839e-87
  184.125  1.3839e-87
  184.25  1.3839e-87
  184.375  1.3839e-87
  184.5  1.3839e-87
  184.625  1.3839e-87
  184.75  1.3839e-87
  184.875  1.3839e-87
  185  1.3839e-87
  185.125  1.3839e-87
  185.25  1.3839e-87
  185.375  1.3839e-87
  185.5  1.3839e-87
  185.625  1.3839e-87
  185.75  1.3839e-87
  185.875  1.3839e-87
  186  1.3839e-87
  186.125  1.3839e-87
  186.25  1.3839e-87
  186.375  1.3839e-87
  186.5  1.3839e-87
  186.625  1.3839e-87
  186.75  1.3839e-87
  186.875  1.3839e-87
  187  1.3839e-87
  187.125  1.3839e-87
  187.25  1.3839e-87
  187.375  1.3839e-87
  187.5  1.3839e-87
  187.625  1.3839e-87
  187.75  1.3839e-87
  187.875  1.3839e-87
  188  1.3839e-87
  188.125  1.3839e-87
  188.25  1.3839e-87
  188.375  1.3839e-87
  188.5  1.3839e-87
  188.625  1.3839e-87
  188.75  1.3839e-87
  188.875  1.3839e-87
  189  1.3839e-87
  189.125  1.3839e-87
  189.25  1.3839e-87
  189.375  1.3839e-87
  189.5  1.3839e-87
  189.625  1.3839e-87
  189.75  1.3839e-87
  189.875  1.3839e-87
  190  1.3839e-87
  190.125  1.3839e-87
  190.25  1.3839e-87
  190.375  1.3839e-87
  190.5  1.3839e-87
  190.625  1.3839e-87
  190.75  1.3839e-87
  190.875  1.3839e-87
  191  1.3839e-87
  191.125  1.3839e-87
  191.25  1.3839e-87
  191.375  1.3839e-87
  191.5  1.3839e-87
  191.625  1.3839e-87
  191.75  1.3839e-87
  191.875  1.3839e-87
  192  1.3839e-87
  192.125  1.3839e-87
  192.25  1.3839e-87
  192.375  1.3839e-87
  192.5  1.3839e-87
  192.625  1.3839e-87
  192.75  1.3839e-87
  192.875  1.3839e-87
  193  1.3839e-87
  193.125  1.3839e-87
  193.25  1.3839e-87
  193.375  1.3839e-87
  193.5  1.3839e-87
  193.625  1.3839e-87
  193.75  1.3839e-87
  193.875  1.3839e-87
  194  1.3839e-87
  194.125  1.3839e-87
  194.25  1.3839e-87
  194.375  1.3839e-87
  194.5  1.3839e-87
  194.625  1.3839e-87
  194.75  1.3839e-87
  194.875  1.3839e-87
  195  1.3839e-87
  195.125  1.3839e-87
  195.25  1.3839e-87
  195.375  1.3839e-87
  195.5  1.3839e-87
  195.625  1.3839e-87
  195.75  1.3839e-87
  195.875  1.3839e-87
  196  1.3839e-87
  196.125  1.3839e-87
  196.25  1.3839e-87
  196.375  1.3839e-87
  196.5  1.3839e-87
  196.625  1.3839e-87
  196.75  1.3839e-87
  196.875  1.3839e-87
  197  1.3839e-87
  197.125  1.3839e-87
  197.25  1.3839e-87
  197.375  1.3839e-87
  197.5  1.3839e-87
  197.625  1.3839e-87
  197.75  1.3839e-87
  197.875  1.3839e-87
  198  1.3839e-87
  198.125  1.3839e-87
  198.25  1.3839e-87
  198.375  1.3839e-87
  198.5  1.3839e-87
  198.625  1.3839e-87
  198.75  1.3839e-87
  198.875  1.3839e-87
  199  1.3839e-87
  199.125  1.3839e-87
  199.25  1.3839e-87
  199.375  1.3839e-87
  199.5  1.3839e-87
  199.625  1.3839e-87
  199.75  1.3839e-87
  199.875  1.3839e-87
  200  1.3839e-87
  200.125  1.3839e-87
  200.25  1.3839e-87
  200.375  1.3839e-87
  200.5  1.3839e-87
  200.625  1.3839e-87
  200.75  1.3839e-87
  200.875  1.3839e-87
  201  1.3839e-87
  201.125  1.3839e-87
  201.25  1.3839e-87
  201.375  1.3839e-87
  201.5  1.3839e-87
  201.625  1.3839e-87
  201.75  1.3839e-87
  201.875  1.3839e-87
  202  1.3839e-87
  202.125  1.3839e-87
  202.25  1.3839e-87
  202.375  1.3839e-87
  202.5  1.3839e-87
  202.625  1.3839e-87
  202.75  1.3839e-87
  202.875  1.3839e-87
  203  1.3839e-87
  203.125  1.3839e-87
  203.25  1.3839e-87
  203.375  1.3839e-87
  203.5  1.3839e-87
  203.625  1.3839e-87
  203.75  1.3839e-87
  203.875  1.3839e-87
  204  1.3839e-87
  204.125  1.3839e-87
  204.25  1.3839e-87
  204.375  1.3839e-87
  204.5  1.3839e-87
  204.625  1.3839e-87
  204.75  1.3839e-87
  204.875  1.3839e-87
  205  1.3839e-87
  205.125  1.3839e-87
  205.25  1.3839e-87
  205.375  1.3839e-87
  205.5  1.3839e-87
  205.625  1.3839e-87
  205.75  1.3839e-87
  205.875  1.3839e-87
  206  1.3839e-87
  206.125  1.3839e-87
  206.25  1.3839e-87
  206.375  1.3839e-87
  206.5  1.3839e-87
  206.625  1.3839e-87
  206.75  1.3839e-87
  206.875  1.3839e-87
  207  1.3839e-87
  207.125  1.3839e-87
  207.25  1.3839e-87
  207.375  1.3839e-87
  207.5  1.3839e-87
  207.625  1.3839e-87
  207.75  1.3839e-87
  207.875  1.3839e-87
  208  1.3839e-87
  208.125  1.3839e-87
  208.25  1.3839e-87
  208.375  1.3839e-87
  208.5  1.3839e-87
  208.625  1.3839e-87
  208.75  1.3839e-87
  208.875  1.3839e-87
  209  1.3839e-87
  209.125  1.3839e-87
  209.25  1.3839e-87
  209.375  1.3839e-87
  209.5  1.3839e-87
  209.625  1.3839e-87
  209.75  1.3839e-87
  209.875  1.3839e-87
  210  1.3839e-87
  210.125  1.3839e-87
  210.25  1.3839e-87
  210.375  1.3839e-87
  210.5  1.3839e-87
  210.625  1.3839e-87
  210.75  1.3839e-87
  210.875  1.3839e-87
  211  1.3839e-87
  211.125  1.3839e-87
  211.25  1.3839e-87
  211.375  1.3839e-87
  211.5  1.3839e-87
  211.625  1.3839e-87
  211.75  1.3839e-87
  211.875  1.3839e-87
  212  1.3839e-87
  212.125  1.3839e-87
  212.25  1.3839e-87
  212.375  1.3839e-87
  212.5  1.3839e-87
  212.625  1.3839e-87
  212.75  1.3839e-87
  212.875  1.3839e-87
  213  1.3839e-87
  213.125  1.3839e-87
  213.25  1.3839e-87
  213.375  1.3839e-87
  213.5  1.3839e-87
  213.625  1.3839e-87
  213.75  1.3839e-87
  213.875  1.3839e-87
  214  1.3839e-87
  214.125  1.3839e-87
  214.25  1.3839e-87
  214.375  1.3839e-87
  214.5  1.3839e-87
  214.625  1.3839e-87
  214.75  1.3839e-87
  214.875  1.3839e-87
  215  1.3839e-87
  215.125  1.3839e-87
  215.25  1.3839e-87
  215.375  1.3839e-87
  215.5  1.3839e-87
  215.625  1.3839e-87
  215.75  1.3839e-87
  215.875  1.3839e-87
  216  1.3839e-87
  216.125  1.3839e-87
  216.25  1.3839e-87
  216.375  1.3839e-87
  216.5  1.3839e-87
  216.625  1.3839e-87
  216.75  1.3839e-87
  216.875  1.3839e-87
  217  1.3839e-87
  217.125  1.3839e-87
  217.25  1.3839e-87
  217.375  1.3839e-87
  217.5  1.3839e-87
  217.625  1.3839e-87
  217.75  1.3839e-87
  217.875  1.3839e-87
  218  1.3839e-87
  218.125  1.3839e-87
  218.25  1.3839e-87
  218.375  1.3839e-87
  218.5  1.3839e-87
  218.625  1.3839e-87
  218.75  1.3839e-87
  218.875  1.3839e-87
  219  1.3839e-87
  219.125  1.3839e-87
  219.25  1.3839e-87
  219.375  1.3839e-87
  219.5  1.3839e-87
  219.625  1.3839e-87
  219.75  1.3839e-87
  219.875  1.3839e-87
  220  1.3839e-87
  220.125  1.3839e-87
  220.25  1.3839e-87
  220.375  1.3839e-87
  220.5  1.3839e-87
  220.625  1.3839e-87
  220.75  1.3839e-87
  220.875  1.3839e-87
  221  1.3839e-87
  221.125  1.3839e-87
  221.25  1.3839e-87
  221.375  1.3839e-87
  221.5  1.3839e-87
  221.625  1.3839e-87
  221.75  1.3839e-87
  221.875  1.3839e-87
  222  1.3839e-87
  222.125  1.3839e-87
  222.25  1.3839e-87
  222.375  1.3839e-87
  222.5  1.3839e-87
  222.625  1.3839e-87
  222.75  1.3839e-87
  222.875  1.3839e-87
  223  1.3839e-87
  223.125  1.3839e-87
  223.25  1.3839e-87
  223.375  1.3839e-87
  223.5  1.3839e-87
  223.625  1.3839e-87
  223.75  1.3839e-87
  223.875  1.3839e-87
  224  1.3839e-87
  224.125  1.3839e-87
  224.25  1.3839e-87
  224.375  1.3839e-87
  224.5  1.3839e-87
  224.625  1.3839e-87
  224.75  1.3839e-87
  224.875  1.3839e-87
  225  1.3839e-87
  225.125  1.3839e-87
  225.25  1.3839e-87
  225.375  1.3839e-87
  225.5  1.3839e-87
  225.625  1.3839e-87
  225.75  1.3839e-87
  225.875  1.3839e-87
  226  1.3839e-87
  226.125  1.3839e-87
  226.25  1.3839e-87
  226.375  1.3839e-87
  226.5  1.3839e-87
  226.625  1.3839e-87
  226.75  1.3839e-87
  226.875  1.3839e-87
  227  1.3839e-87
  227.125  1.3839e-87
  227.25  1.3839e-87
  227.375  1.3839e-87
  227.5  1.3839e-87
  227.625  1.3839e-87
  227.75  1.3839e-87
  227.875  1.3839e-87
  228  1.3839e-87
  228.125  1.3839e-87
  228.25  1.3839e-87
  228.375  1.3839e-87
  228.5  1.3839e-87
  228.625  1.3839e-87
  228.75  1.3839e-87
  228.875  1.3839e-87
  229  1.3839e-87
  229.125  1.3839e-87
  229.25  1.3839e-87
  229.375  1.3839e-87
  229.5  1.3839e-87
  229.625  1.3839e-87
  229.75  1.3839e-87
  229.875  1.3839e-87
  230  1.3839e-87
  230.125  1.3839e-87
  230.25  1.3839e-87
  230.375  1.3839e-87
  230.5  1.3839e-87
  230.625  1.3839e-87
  230.75  1.3839e-87
  230.875  1.3839e-87
  231  1.3839e-87
  231.125  1.3839e-87
  231.25  1.3839e-87
  231.375  1.3839e-87
  231.5  1.3839e-87
  231.625  1.3839e-87
  231.75  1.3839e-87
  231.875  1.3839e-87
  232  1.3839e-87
  232.125  1.3839e-87
  232.25  1.3839e-87
  232.375  1.3839e-87
  232.5  1.3839e-87
  232.625  1.3839e-87
  232.75  1.3839e-87
  232.875  1.3839e-87
  233  1.3839e-87
  233.125  1.3839e-87
  233.25  1.3839e-87
  233.375  1.3839e-87
  233.5  1.3839e-87
  233.625  1.3839e-87
  233.75  1.3839e-87
  233.875  1.3839e-87
  234  1.3839e-87
  234.125  1.3839e-87
  234.25  1.3839e-87
  234.375  1.3839e-87
  234.5  1.3839e-87
  234.625  1.3839e-87
  234.75  1.3839e-87
  234.875  1.3839e-87
  235  1.3839e-87
  235.125  1.3839e-87
  235.25  1.3839e-87
  235.375  1.3839e-87
  235.5  1.3839e-87
  235.625  1.3839e-87
  235.75  1.3839e-87
  235.875  1.3839e-87
  236  1.3839e-87
  236.125  1.3839e-87
  236.25  1.3839e-87
  236.375  1.3839e-87
  236.5  1.3839e-87
  236.625  1.3839e-87
  236.75  1.3839e-87
  236.875  1.3839e-87
  237  1.3839e-87
  237.125  1.3839e-87
  237.25  1.3839e-87
  237.375  1.3839e-87
  237.5  1.3839e-87
  237.625  1.3839e-87
  237.75  1.3839e-87
  237.875  1.3839e-87
  238  1.3839e-87
  238.125  1.3839e-87
  238.25  1.3839e-87
  238.375  1.3839e-87
  238.5  1.3839e-87
  238.625  1.3839e-87
  238.75  1.3839e-87
  238.875  1.3839e-87
  239  1.3839e-87
  239.125  1.3839e-87
  239.25  1.3839e-87
  239.375  1.3839e-87
  239.5  1.3839e-87
  239.625  1.3839e-87
  239.75  1.3839e-87
  239.875  1.3839e-87
  240  1.3839e-87
  240.125  1.3839e-87
  240.25  1.3839e-87
  240.375  1.3839e-87
  240.5  1.3839e-87
  240.625  1.3839e-87
  240.75  1.3839e-87
  240.875  1.3839e-87
  241  1.3839e-87
  241.125  1.3839e-87
  241.25  1.3839e-87
  241.375  1.3839e-87
  241.5  1.3839e-87
  241.625  1.3839e-87
  241.75  1.3839e-87
  241.875  1.3839e-87
  242  1.3839e-87
  242.125  1.3839e-87
  242.25  1.3839e-87
  242.375  1.3839e-87
  242.5  1.3839e-87
  242.625  1.3839e-87
  242.75  1.3839e-87
  242.875  1.3839e-87
  243  1.3839e-87
  243.125  1.3839e-87
  243.25  1.3839e-87
  243.375  1.3839e-87
  243.5  1.3839e-87
  243.625  1.3839e-87
  243.75  1.3839e-87
  243.875  1.3839e-87
  244  1.3839e-87
  244.125  1.3839e-87
  244.25  1.3839e-87
  244.375  1.3839e-87
  244.5  1.3839e-87
  244.625  1.3839e-87
  244.75  1.3839e-87
  244.875  1.3839e-87
  245  1.3839e-87
  245.125  1.3839e-87
  245.25  1.3839e-87
  245.375  1.3839e-87
  245.5  1.3839e-87
  245.625  1.3839e-87
  245.75  1.3839e-87
  245.875  1.3839e-87
  246  1.3839e-87
  246.125  1.3839e-87
  246.25  1.3839e-87
  246.375  1.3839e-87
  246.5  1.3839e-87
  246.625  1.3839e-87
  246.75  1.3839e-87
  246.875  1.3839e-87
  247  1.3839e-87
  247.125  1.3839e-87
  247.25  1.3839e-87
  247.375  1.3839e-87
  247.5  1.3839e-87
  247.625  1.3839e-87
  247.75  1.3839e-87
  247.875  1.3839e-87
  248  1.3839e-87
  248.125  1.3839e-87
  248.25  1.3839e-87
  248.375  1.3839e-87
  248.5  1.3839e-87
  248.625  1.3839e-87
  248.75  1.3839e-87
  248.875  1.3839e-87
  249  1.3839e-87
  249.125  1.3839e-87
  249.25  1.3839e-87
  249.375  1.3839e-87
  249.5  1.3839e-87
  249.625  1.3839e-87
  249.75  1.3839e-87
  249.875  1.3839e-87
  250  1.3839e-87
  250.125  1.3839e-87
  250.25  1.3839e-87
  250.375  1.3839e-87
  250.5  1.3839e-87
  250.625  1.3839e-87
  250.75  1.3839e-87
  250.875  1.3839e-87
  251  1.3839e-87
  251.125  1.3839e-87
  251.25  1.3839e-87
  251.375  1.3839e-87
  251.5  1.3839e-87
  251.625  1.3839e-87
  251.75  1.3839e-87
  251.875  1.3839e-87
  252  1.3839e-87
  252.125  1.3839e-87
  252.25  1.3839e-87
  252.375  1.3839e-87
  252.5  1.3839e-87
  252.625  1.3839e-87
  252.75  1.3839e-87
  252.875  1.3839e-87
  253  1.3839e-87
  253.125  1.3839e-87
  253.25  1.3839e-87
  253.375  1.3839e-87
  253.5  1.3839e-87
  253.625  1.3839e-87
  253.75  1.3839e-87
  253.875  1.3839e-87
  254  1.3839e-87
  254.125  1.3839e-87
  254.25  1.3839e-87
  254.375  1.3839e-87
  254.5  1.3839e-87
  254.625  1.3839e-87
  254.75  1.3839e-87
  254.875  1.3839e-87
  255  1.3839e-87
  255.125  1.3839e-87
  255.25  1.3839e-87
  255.375  1.3839e-87
  255.5  1.3839e-87
  255.625  1.3839e-87
  255.75  1.3839e-87
  255.875  1.3839e-87
  256  1.3839e-87
  256.125  1.3839e-87
  256.25  1.3839e-87
  256.375  1.3839e-87
  256.5  1.3839e-87
  256.625  1.3839e-87
  256.75  1.3839e-87
  256.875  1.3839e-87
  257  1.3839e-87
  257.125  1.3839e-87
  257.25  1.3839e-87
  257.375  1.3839e-87
  257.5  1.3839e-87
  257.625  1.3839e-87
  257.75  1.3839e-87
  257.875  1.3839e-87
  258  1.3839e-87
  258.125  1.3839e-87
  258.25  1.3839e-87
  258.375  1.3839e-87
  258.5  1.3839e-87
  258.625  1.3839e-87
  258.75  1.3839e-87
  258.875  1.3839e-87
  259  1.3839e-87
  259.125  1.3839e-87
  259.25  1.3839e-87
  259.375  1.3839e-87
  259.5  1.3839e-87
  259.625  1.3839e-87
  259.75  1.3839e-87
  259.875  1.3839e-87
  260  1.3839e-87
  260.125  1.3839e-87
  260.25  1.3839e-87
  260.375  1.3839e-87
  260.5  1.3839e-87
  260.625  1.3839e-87
  260.75  1.3839e-87
  260.875  1.3839e-87
  261  1.3839e-87
  261.125  1.3839e-87
  261.25  1.3839e-87
  261.375  1.3839e-87
  261.5  1.3839e-87
  261.625  1.3839e-87
  261.75  1.3839e-87
  261.875  1.3839e-87
  262  1.3839e-87
  262.125  1.3839e-87
  262.25  1.3839e-87
  262.375  1.3839e-87
  262.5  1.3839e-87
  262.625  1.3839e-87
  262.75  1.3839e-87
  262.875  1.3839e-87
  263  1.3839e-87
  263.125  1.3839e-87
  263.25  1.3839e-87
  263.375  1.3839e-87
  263.5  1.3839e-87
  263.625  1.3839e-87
  263.75  1.3839e-87
  263.875  1.3839e-87
  264  1.3839e-87
  264.125  1.3839e-87
  264.25  1.3839e-87
  264.375  1.3839e-87
  264.5  1.3839e-87
  264.625  1.3839e-87
  264.75  1.3839e-87
  264.875  1.3839e-87
  265  1.3839e-87
  265.125  1.3839e-87
  265.25  1.3839e-87
  265.375  1.3839e-87
  265.5  1.3839e-87
  265.625  1.3839e-87
  265.75  1.3839e-87
  265.875  1.3839e-87
  266  1.3839e-87
  266.125  1.3839e-87
  266.25  1.3839e-87
  266.375  1.3839e-87
  266.5  1.3839e-87
  266.625  1.3839e-87
  266.75  1.3839e-87
  266.875  1.3839e-87
  267  1.3839e-87
  267.125  1.3839e-87
  267.25  1.3839e-87
  267.375  1.3839e-87
  267.5  1.3839e-87
  267.625  1.3839e-87
  267.75  1.3839e-87
  267.875  1.3839e-87
  268  1.3839e-87
  268.125  1.3839e-87
  268.25  1.3839e-87
  268.375  1.3839e-87
  268.5  1.3839e-87
  268.625  1.3839e-87
  268.75  1.3839e-87
  268.875  1.3839e-87
  269  1.3839e-87
  269.125  1.3839e-87
  269.25  1.3839e-87
  269.375  1.3839e-87
  269.5  1.3839e-87
  269.625  1.3839e-87
  269.75  1.3839e-87
  269.875  1.3839e-87
  270  1.3839e-87
  270.125  1.3839e-87
  270.25  1.3839e-87
  270.375  1.3839e-87
  270.5  1.3839e-87
  270.625  1.3839e-87
  270.75  1.3839e-87
  270.875  1.3839e-87
  271  1.3839e-87
  271.125  1.3839e-87
  271.25  1.3839e-87
  271.375  1.3839e-87
  271.5  1.3839e-87
  271.625  1.3839e-87
  271.75  1.3839e-87
  271.875  1.3839e-87
  272  1.3839e-87
  272.125  1.3839e-87
  272.25  1.3839e-87
  272.375  1.3839e-87
  272.5  1.3839e-87
  272.625  1.3839e-87
  272.75  1.3839e-87
  272.875  1.3839e-87
  273  1.3839e-87
  273.125  1.3839e-87
  273.25  1.3839e-87
  273.375  1.3839e-87
  273.5  1.3839e-87
  273.625  1.3839e-87
  273.75  1.3839e-87
  273.875  1.3839e-87
  274  1.3839e-87
  274.125  1.3839e-87
  274.25  1.3839e-87
  274.375  1.3839e-87
  274.5  1.3839e-87
  274.625  1.3839e-87
  274.75  1.3839e-87
  274.875  1.3839e-87
  275  1.3839e-87
  275.125  1.3839e-87
  275.25  1.3839e-87
  275.375  1.3839e-87
  275.5  1.3839e-87
  275.625  1.3839e-87
  275.75  1.3839e-87
  275.875  1.3839e-87
  276  1.3839e-87
  276.125  1.3839e-87
  276.25  1.3839e-87
  276.375  1.3839e-87
  276.5  1.3839e-87
  276.625  1.3839e-87
  276.75  1.3839e-87
  276.875  1.3839e-87
  277  1.3839e-87
  277.125  1.3839e-87
  277.25  1.3839e-87
  277.375  1.3839e-87
  277.5  1.3839e-87
  277.625  1.3839e-87
  277.75  1.3839e-87
  277.875  1.3839e-87
  278  1.3839e-87
  278.125  1.3839e-87
  278.25  1.3839e-87
  278.375  1.3839e-87
  278.5  1.3839e-87
  278.625  1.3839e-87
  278.75  1.3839e-87
  278.875  1.3839e-87
  279  1.3839e-87
  279.125  1.3839e-87
  279.25  1.3839e-87
  279.375  1.3839e-87
  279.5  1.3839e-87
  279.625  1.3839e-87
  279.75  1.3839e-87
  279.875  1.3839e-87
  280  1.3839e-87
  280.125  1.3839e-87
  280.25  1.3839e-87
  280.375  1.3839e-87
  280.5  1.3839e-87
  280.625  1.3839e-87
  280.75  1.3839e-87
  280.875  1.3839e-87
  281  1.3839e-87
  281.125  1.3839e-87
  281.25  1.3839e-87
  281.375  1.3839e-87
  281.5  1.3839e-87
  281.625  1.3839e-87
  281.75  1.3839e-87
  281.875  1.3839e-87
  282  1.3839e-87
  282.125  1.3839e-87
  282.25  1.3839e-87
  282.375  1.3839e-87
  282.5  1.3839e-87
  282.625  1.3839e-87
  282.75  1.3839e-87
  282.875  1.3839e-87
  283  1.3839e-87
  283.125  1.3839e-87
  283.25  1.3839e-87
  283.375  1.3839e-87
  283.5  1.3839e-87
  283.625  1.3839e-87
  283.75  1.3839e-87
  283.875  1.3839e-87
  284  1.3839e-87
  284.125  1.3839e-87
  284.25  1.3839e-87
  284.375  1.3839e-87
  284.5  1.3839e-87
  284.625  1.3839e-87
  284.75  1.3839e-87
  284.875  1.3839e-87
  285  1.3839e-87
  285.125  1.3839e-87
  285.25  1.3839e-87
  285.375  1.3839e-87
  285.5  1.3839e-87
  285.625  1.3839e-87
  285.75  1.3839e-87
  285.875  1.3839e-87
  286  1.3839e-87
  286.125  1.3839e-87
  286.25  1.3839e-87
  286.375  1.3839e-87
  286.5  1.3839e-87
  286.625  1.3839e-87
  286.75  1.3839e-87
  286.875  1.3839e-87
  287  1.3839e-87
  287.125  1.3839e-87
  287.25  1.3839e-87
  287.375  1.3839e-87
  287.5  1.3839e-87
  287.625  1.3839e-87
  287.75  1.3839e-87
  287.875  1.3839e-87
  288  1.3839e-87
  288.125  1.3839e-87
  288.25  1.3839e-87
  288.375  1.3839e-87
  288.5  1.3839e-87
  288.625  1.3839e-87
  288.75  1.3839e-87
  288.875  1.3839e-87
  289  1.3839e-87
  289.125  1.3839e-87
  289.25  1.3839e-87
  289.375  1.3839e-87
  289.5  1.3839e-87
  289.625  1.3839e-87
  289.75  1.3839e-87
  289.875  1.3839e-87
  290  1.3839e-87
  290.125  1.3839e-87
  290.25  1.3839e-87
  290.375  1.3839e-87
  290.5  1.3839e-87
  290.625  1.3839e-87
  290.75  1.3839e-87
  290.875  1.3839e-87
  291  1.3839e-87
  291.125  1.3839e-87
  291.25  1.3839e-87
  291.375  1.3839e-87
  291.5  1.3839e-87
  291.625  1.3839e-87
  291.75  1.3839e-87
  291.875  1.3839e-87
  292  1.3839e-87
  292.125  1.3839e-87
  292.25  1.3839e-87
  292.375  1.3839e-87
  292.5  1.3839e-87
  292.625  1.3839e-87
  292.75  1.3839e-87
  292.875  1.3839e-87
  293  1.3839e-87
  293.125  1.3839e-87
  293.25  1.3839e-87
  293.375  1.3839e-87
  293.5  1.3839e-87
  293.625  1.3839e-87
  293.75  1.3839e-87
  293.875  1.3839e-87
  294  1.3839e-87
  294.125  1.3839e-87
  294.25  1.3839e-87
  294.375  1.3839e-87
  294.5  1.3839e-87
  294.625  1.3839e-87
  294.75  1.3839e-87
  294.875  1.3839e-87
  295  1.3839e-87
  295.125  1.3839e-87
  295.25  1.3839e-87
  295.375  1.3839e-87
  295.5  1.3839e-87
  295.625  1.3839e-87
  295.75  1.3839e-87
  295.875  1.3839e-87
  296  1.3839e-87
  296.125  1.3839e-87
  296.25  1.3839e-87
  296.375  1.3839e-87
  296.5  1.3839e-87
  296.625  1.3839e-87
  296.75  1.3839e-87
  296.875  1.3839e-87
  297  1.3839e-87
  297.125  1.3839e-87
  297.25  1.3839e-87
  297.375  1.3839e-87
  297.5  1.3839e-87
  297.625  1.3839e-87
  297.75  1.3839e-87
  297.875  1.3839e-87
  298  1.3839e-87
  298.125  1.3839e-87
  298.25  1.3839e-87
  298.375  1.3839e-87
  298.5  1.3839e-87
  298.625  1.3839e-87
  298.75  1.3839e-87
  298.875  1.3839e-87
  299  1.3839e-87
  299.125  1.3839e-87
  299.25  1.3839e-87
  299.375  1.3839e-87
  299.5  1.3839e-87
  299.625  1.3839e-87
  299.75  1.3839e-87
  299.875  1.3839e-87
  300  1.3839e-87
  300.125  1.3839e-87
  300.25  1.3839e-87
  300.375  1.3839e-87
  300.5  1.3839e-87
  300.625  1.3839e-87
  300.75  1.3839e-87
  300.875  1.3839e-87
  301  1.3839e-87
  301.125  1.3839e-87
  301.25  1.3839e-87
  301.375  1.3839e-87
  301.5  1.3839e-87
  301.625  1.3839e-87
  301.75  1.3839e-87
  301.875  1.3839e-87
  302  1.3839e-87
  302.125  1.3839e-87
  302.25  1.3839e-87
  302.375  1.3839e-87
  302.5  1.3839e-87
  302.625  1.3839e-87
  302.75  1.3839e-87
  302.875  1.3839e-87
  303  1.3839e-87
  303.125  1.3839e-87
  303.25  1.3839e-87
  303.375  1.3839e-87
  303.5  1.3839e-87
  303.625  1.3839e-87
  303.75  1.3839e-87
  303.875  1.3839e-87
  304  1.3839e-87
  304.125  1.3839e-87
  304.25  1.3839e-87
  304.375  1.3839e-87
  304.5  1.3839e-87
  304.625  1.3839e-87
  304.75  1.3839e-87
  304.875  1.3839e-87
  305  1.3839e-87
  305.125  1.3839e-87
  305.25  1.3839e-87
  305.375  1.3839e-87
  305.5  1.3839e-87
  305.625  1.3839e-87
  305.75  1.3839e-87
  305.875  1.3839e-87
  306  1.3839e-87
  306.125  1.3839e-87
  306.25  1.3839e-87
  306.375  1.3839e-87
  306.5  1.3839e-87
  306.625  1.3839e-87
  306.75  1.3839e-87
  306.875  1.3839e-87
  307  1.3839e-87
  307.125  1.3839e-87
  307.25  1.3839e-87
  307.375  1.3839e-87
  307.5  1.3839e-87
  307.625  1.3839e-87
  307.75  1.3839e-87
  307.875  1.3839e-87
  308  1.3839e-87
  308.125  1.3839e-87
  308.25  1.3839e-87
  308.375  1.3839e-87
  308.5  1.3839e-87
  308.625  1.3839e-87
  308.75  1.3839e-87
  308.875  1.3839e-87
  309  1.3839e-87
  309.125  1.3839e-87
  309.25  1.3839e-87
  309.375  1.3839e-87
  309.5  1.3839e-87
  309.625  1.3839e-87
  309.75  1.3839e-87
  309.875  1.3839e-87
  310  1.3839e-87
  310.125  1.3839e-87
  310.25  1.3839e-87
  310.375  1.3839e-87
  310.5  1.3839e-87
  310.625  1.3839e-87
  310.75  1.3839e-87
  310.875  1.3839e-87
  311  1.3839e-87
  311.125  1.3839e-87
  311.25  1.3839e-87
  311.375  1.3839e-87
  311.5  1.3839e-87
  311.625  1.3839e-87
  311.75  1.3839e-87
  311.875  1.3839e-87
  312  1.3839e-87
  312.125  1.3839e-87
  312.25  1.3839e-87
  312.375  1.3839e-87
  312.5  1.3839e-87
  312.625  1.3839e-87
  312.75  1.3839e-87
  312.875  1.3839e-87
  313  1.3839e-87
  313.125  1.3839e-87
  313.25  1.3839e-87
  313.375  1.3839e-87
  313.5  1.3839e-87
  313.625  1.3839e-87
  313.75  1.3839e-87
  313.875  1.3839e-87
  314  1.3839e-87
  314.125  1.3839e-87
  314.25  1.3839e-87
  314.375  1.3839e-87
  314.5  1.3839e-87
  314.625  1.3839e-87
  314.75  1.3839e-87
  314.875  1.3839e-87
  315  1.3839e-87
  315.125  1.3839e-87
  315.25  1.3839e-87
  315.375  1.3839e-87
  315.5  1.3839e-87
  315.625  1.3839e-87
  315.75  1.3839e-87
  315.875  1.3839e-87
  316  1.3839e-87
  316.125  1.3839e-87
  316.25  1.3839e-87
  316.375  1.3839e-87
  316.5  1.3839e-87
  316.625  1.3839e-87
  316.75  1.3839e-87
  316.875  1.3839e-87
  317  1.3839e-87
  317.125  1.3839e-87
  317.25  1.3839e-87
  317.375  1.3839e-87
  317.5  1.3839e-87
  317.625  1.3839e-87
  317.75  1.3839e-87
  317.875  1.3839e-87
  318  1.3839e-87
  318.125  1.3839e-87
  318.25  1.3839e-87
  318.375  1.3839e-87
  318.5  1.3839e-87
  318.625  1.3839e-87
  318.75  1.3839e-87
  318.875  1.3839e-87
  319  1.3839e-87
  319.125  1.3839e-87
  319.25  1.3839e-87
  319.375  1.3839e-87
  319.5  1.3839e-87
  319.625  1.3839e-87
  319.75  1.3839e-87
  319.875  1.3839e-87
  320  1.3839e-87
  320.125  1.3839e-87
  320.25  1.3839e-87
  320.375  1.3839e-87
  320.5  1.3839e-87
  320.625  1.3839e-87
  320.75  1.3839e-87
  320.875  1.3839e-87
  321  1.3839e-87
  321.125  1.3839e-87
  321.25  1.3839e-87
  321.375  1.3839e-87
  321.5  1.3839e-87
  321.625  1.3839e-87
  321.75  1.3839e-87
  321.875  1.3839e-87
  322  1.3839e-87
  322.125  1.3839e-87
  322.25  1.3839e-87
  322.375  1.3839e-87
  322.5  1.3839e-87
  322.625  1.3839e-87
  322.75  1.3839e-87
  322.875  1.3839e-87
  323  1.3839e-87
  323.125  1.3839e-87
  323.25  1.3839e-87
  323.375  1.3839e-87
  323.5  1.3839e-87
  323.625  1.3839e-87
  323.75  1.3839e-87
  323.875  1.3839e-87
  324  1.3839e-87
  324.125  1.3839e-87
  324.25  1.3839e-87
  324.375  1.3839e-87
  324.5  1.3839e-87
  324.625  1.3839e-87
  324.75  1.3839e-87
  324.875  1.3839e-87
  325  1.3839e-87
  325.125  1.3839e-87
  325.25  1.3839e-87
  325.375  1.3839e-87
  325.5  1.3839e-87
  325.625  1.3839e-87
  325.75  1.3839e-87
  325.875  1.3839e-87
  326  1.3839e-87
  326.125  1.3839e-87
  326.25  1.3839e-87
  326.375  1.3839e-87
  326.5  1.3839e-87
  326.625  1.3839e-87
  326.75  1.3839e-87
  326.875  1.3839e-87
  327  1.3839e-87
  327.125  1.3839e-87
  327.25  1.3839e-87
  327.375  1.3839e-87
  327.5  1.3839e-87
  327.625  1.3839e-87
  327.75  1.3839e-87
  327.875  1.3839e-87
  328  1.3839e-87
  328.125  1.3839e-87
  328.25  1.3839e-87
  328.375  1.3839e-87
  328.5  1.3839e-87
  328.625  1.3839e-87
  328.75  1.3839e-87
  328.875  1.3839e-87
  329  1.3839e-87
  329.125  1.3839e-87
  329.25  1.3839e-87
  329.375  1.3839e-87
  329.5  1.3839e-87
  329.625  1.3839e-87
  329.75  1.3839e-87
  329.875  1.3839e-87
  330  1.3839e-87
  330.125  1.3839e-87
  330.25  1.3839e-87
  330.375  1.3839e-87
  330.5  1.3839e-87
  330.625  1.3839e-87
  330.75  1.3839e-87
  330.875  1.3839e-87
  331  1.3839e-87
  331.125  1.3839e-87
  331.25  1.3839e-87
  331.375  1.3839e-87
  331.5  1.3839e-87
  331.625  1.3839e-87
  331.75  1.3839e-87
  331.875  1.3839e-87
  332  1.3839e-87
  332.125  1.3839e-87
  332.25  1.3839e-87
  332.375  1.3839e-87
  332.5  1.3839e-87
  332.625  1.3839e-87
  332.75  1.3839e-87
  332.875  1.3839e-87
  333  1.3839e-87
  333.125  1.3839e-87
  333.25  1.3839e-87
  333.375  1.3839e-87
  333.5  1.3839e-87
  333.625  1.3839e-87
  333.75  1.3839e-87
  333.875  1.3839e-87
  334  1.3839e-87
  334.125  1.3839e-87
  334.25  1.3839e-87
  334.375  1.3839e-87
  334.5  1.3839e-87
  334.625  1.3839e-87
  334.75  1.3839e-87
  334.875  1.3839e-87
  335  1.3839e-87
  335.125  1.3839e-87
  335.25  1.3839e-87
  335.375  1.3839e-87
  335.5  1.3839e-87
  335.625  1.3839e-87
  335.75  1.3839e-87
  335.875  1.3839e-87
  336  1.3839e-87
  336.125  1.3839e-87
  336.25  1.3839e-87
  336.375  1.3839e-87
  336.5  1.3839e-87
  336.625  1.3839e-87
  336.75  1.3839e-87
  336.875  1.3839e-87
  337  1.3839e-87
  337.125  1.3839e-87
  337.25  1.3839e-87
  337.375  1.3839e-87
  337.5  1.3839e-87
  337.625  1.3839e-87
  337.75  1.3839e-87
  337.875  1.3839e-87
  338  1.3839e-87
  338.125  1.3839e-87
  338.25  1.3839e-87
  338.375  1.3839e-87
  338.5  1.3839e-87
  338.625  1.3839e-87
  338.75  1.3839e-87
  338.875  1.3839e-87
  339  1.3839e-87
  339.125  1.3839e-87
  339.25  1.3839e-87
  339.375  1.3839e-87
  339.5  1.3839e-87
  339.625  1.3839e-87
  339.75  1.3839e-87
  339.875  1.3839e-87
  340  1.3839e-87
  340.125  1.3839e-87
  340.25  1.3839e-87
  340.375  1.3839e-87
  340.5  1.3839e-87
  340.625  1.3839e-87
  340.75  1.3839e-87
  340.875  1.3839e-87
  341  1.3839e-87
  341.125  1.3839e-87
  341.25  1.3839e-87
  341.375  1.3839e-87
  341.5  1.3839e-87
  341.625  1.3839e-87
  341.75  1.3839e-87
  341.875  1.3839e-87
  342  1.3839e-87
  342.125  1.3839e-87
  342.25  1.3839e-87
  342.375  1.3839e-87
  342.5  1.3839e-87
  342.625  1.3839e-87
  342.75  1.3839e-87
  342.875  1.3839e-87
  343  1.3839e-87
  343.125  1.3839e-87
  343.25  1.3839e-87
  343.375  1.3839e-87
  343.5  1.3839e-87
  343.625  1.3839e-87
  343.75  1.3839e-87
  343.875  1.3839e-87
  344  1.3839e-87
  344.125  1.3839e-87
  344.25  1.3839e-87
  344.375  1.3839e-87
  344.5  1.3839e-87
  344.625  1.3839e-87
  344.75  1.3839e-87
  344.875  1.3839e-87
  345  1.3839e-87
  345.125  1.3839e-87
  345.25  1.3839e-87
  345.375  1.3839e-87
  345.5  1.3839e-87
  345.625  1.3839e-87
  345.75  1.3839e-87
  345.875  1.3839e-87
  346  1.3839e-87
  346.125  1.3839e-87
  346.25  1.3839e-87
  346.375  1.3839e-87
  346.5  1.3839e-87
  346.625  1.3839e-87
  346.75  1.3839e-87
  346.875  1.3839e-87
  347  1.3839e-87
  347.125  1.3839e-87
  347.25  1.3839e-87
  347.375  1.3839e-87
  347.5  1.3839e-87
  347.625  1.3839e-87
  347.75  1.3839e-87
  347.875  1.3839e-87
  348  1.3839e-87
  348.125  1.3839e-87
  348.25  1.3839e-87
  348.375  1.3839e-87
  348.5  1.3839e-87
  348.625  1.3839e-87
  348.75  1.3839e-87
  348.875  1.3839e-87
  349  1.3839e-87
  349.125  1.3839e-87
  349.25  1.3839e-87
  349.375  1.3839e-87
  349.5  1.3839e-87
  349.625  1.3839e-87
  349.75  1.3839e-87
  349.875  1.3839e-87
  350  1.3839e-87
  350.125  1.3839e-87
  350.25  1.3839e-87
  350.375  1.3839e-87
  350.5  1.3839e-87
  350.625  1.3839e-87
  350.75  1.3839e-87
  350.875  1.3839e-87
  351  1.3839e-87
  351.125  1.3839e-87
  351.25  1.3839e-87
  351.375  1.3839e-87
  351.5  1.3839e-87
  351.625  1.3839e-87
  351.75  1.3839e-87
  351.875  1.3839e-87
  352  1.3839e-87
  352.125  1.3839e-87
  352.25  1.3839e-87
  352.375  1.3839e-87
  352.5  1.3839e-87
  352.625  1.3839e-87
  352.75  1.3839e-87
  352.875  1.3839e-87
  353  1.3839e-87
  353.125  1.3839e-87
  353.25  1.3839e-87
  353.375  1.3839e-87
  353.5  1.3839e-87
  353.625  1.3839e-87
  353.75  1.3839e-87
  353.875  1.3839e-87
  354  1.3839e-87
  354.125  1.3839e-87
  354.25  1.3839e-87
  354.375  1.3839e-87
  354.5  1.3839e-87
  354.625  1.3839e-87
  354.75  1.3839e-87
  354.875  1.3839e-87
  355  1.3839e-87
  355.125  1.3839e-87
  355.25  1.3839e-87
  355.375  1.3839e-87
  355.5  1.3839e-87
  355.625  1.3839e-87
  355.75  1.3839e-87
  355.875  1.3839e-87
  356  1.3839e-87
  356.125  1.3839e-87
  356.25  1.3839e-87
  356.375  1.3839e-87
  356.5  1.3839e-87
  356.625  1.3839e-87
  356.75  1.3839e-87
  356.875  1.3839e-87
  357  1.3839e-87
  357.125  1.3839e-87
  357.25  1.3839e-87
  357.375  1.3839e-87
  357.5  1.3839e-87
  357.625  1.3839e-87
  357.75  1.3839e-87
  357.875  1.3839e-87
  358  1.3839e-87
  358.125  1.3839e-87
  358.25  1.3839e-87
  358.375  1.3839e-87
  358.5  1.3839e-87
  358.625  1.3839e-87
  358.75  1.3839e-87
  358.875  1.3839e-87
  359  1.3839e-87
  359.125  1.3839e-87
  359.25  1.3839e-87
  359.375  1.3839e-87
  359.5  1.3839e-87
  359.625  1.3839e-87
  359.75  1.3839e-87
  359.875  1.3839e-87
  360  1.3839e-87
  360.125  1.3839e-87
  360.25  1.3839e-87
  360.375  1.3839e-87
  360.5  1.3839e-87
  360.625  1.3839e-87
  360.75  1.3839e-87
  360.875  1.3839e-87
  361  1.3839e-87
  361.125  1.3839e-87
  361.25  1.3839e-87
  361.375  1.3839e-87
  361.5  1.3839e-87
  361.625  1.3839e-87
  361.75  1.3839e-87
  361.875  1.3839e-87
  362  1.3839e-87
  362.125  1.3839e-87
  362.25  1.3839e-87
  362.375  1.3839e-87
  362.5  1.3839e-87
  362.625  1.3839e-87
  362.75  1.3839e-87
  362.875  1.3839e-87
  363  1.3839e-87
  363.125  1.3839e-87
  363.25  1.3839e-87
  363.375  1.3839e-87
  363.5  1.3839e-87
  363.625  1.3839e-87
  363.75  1.3839e-87
  363.875  1.3839e-87
  364  1.3839e-87
  364.125  1.3839e-87
  364.25  1.3839e-87
  364.375  1.3839e-87
  364.5  1.3839e-87
  364.625  1.3839e-87
  364.75  1.3839e-87
  364.875  1.3839e-87
  365  1.3839e-87
  365.125  1.3839e-87
  365.25  1.3839e-87
  365.375  1.3839e-87
  365.5  1.3839e-87
  365.625  1.3839e-87
  365.75  1.3839e-87
  365.875  1.3839e-87
  366  1.3839e-87
  366.125  1.3839e-87
  366.25  1.3839e-87
  366.375  1.3839e-87
  366.5  1.3839e-87
  366.625  1.3839e-87
  366.75  1.3839e-87
  366.875  1.3839e-87
  367  1.3839e-87
  367.125  1.3839e-87
  367.25  1.3839e-87
  367.375  1.3839e-87
  367.5  1.3839e-87
  367.625  1.3839e-87
  367.75  1.3839e-87
  367.875  1.3839e-87
  368  1.3839e-87
  368.125  1.3839e-87
  368.25  1.3839e-87
  368.375  1.3839e-87
  368.5  1.3839e-87
  368.625  1.3839e-87
  368.75  1.3839e-87
  368.875  1.3839e-87
  369  1.3839e-87
  369.125  1.3839e-87
  369.25  1.3839e-87
  369.375  1.3839e-87
  369.5  1.3839e-87
  369.625  1.3839e-87
  369.75  1.3839e-87
  369.875  1.3839e-87
  370  1.3839e-87
  370.125  1.3839e-87
  370.25  1.3839e-87
  370.375  1.3839e-87
  370.5  1.3839e-87
  370.625  1.3839e-87
  370.75  1.3839e-87
  370.875  1.3839e-87
  371  1.3839e-87
  371.125  1.3839e-87
  371.25  1.3839e-87
  371.375  1.3839e-87
  371.5  1.3839e-87
  371.625  1.3839e-87
  371.75  1.3839e-87
  371.875  1.3839e-87
  372  1.3839e-87
  372.125  1.3839e-87
  372.25  1.3839e-87
  372.375  1.3839e-87
  372.5  1.3839e-87
  372.625  1.3839e-87
  372.75  1.3839e-87
  372.875  1.3839e-87
  373  1.3839e-87
  373.125  1.3839e-87
  373.25  1.3839e-87
  373.375  1.3839e-87
  373.5  1.3839e-87
  373.625  1.3839e-87
  373.75  1.3839e-87
  373.875  1.3839e-87
  374  1.3839e-87
  374.125  1.3839e-87
  374.25  1.3839e-87
  374.375  1.3839e-87
  374.5  1.3839e-87
  374.625  1.3839e-87
  374.75  1.3839e-87
  374.875  1.3839e-87
  375  1.3839e-87
  375.125  1.3839e-87
  375.25  1.3839e-87
  375.375  1.3839e-87
  375.5  1.3839e-87
  375.625  1.3839e-87
  375.75  1.3839e-87
  375.875  1.3839e-87
  376  1.3839e-87
  376.125  1.3839e-87
  376.25  1.3839e-87
  376.375  1.3839e-87
  376.5  1.3839e-87
  376.625  1.3839e-87
  376.75  1.3839e-87
  376.875  1.3839e-87
  377  1.3839e-87
  377.125  1.3839e-87
  377.25  1.3839e-87
  377.375  1.3839e-87
  377.5  1.3839e-87
  377.625  1.3839e-87
  377.75  1.3839e-87
  377.875  1.3839e-87
  378  1.3839e-87
  378.125  1.3839e-87
  378.25  1.3839e-87
  378.375  1.3839e-87
  378.5  1.3839e-87
  378.625  1.3839e-87
  378.75  1.3839e-87
  378.875  1.3839e-87
  379  1.3839e-87
  379.125  1.3839e-87
  379.25  1.3839e-87
  379.375  1.3839e-87
  379.5  1.3839e-87
  379.625  1.3839e-87
  379.75  1.3839e-87
  379.875  1.3839e-87
  380  1.3839e-87
  380.125  1.3839e-87
  380.25  1.3839e-87
  380.375  1.3839e-87
  380.5  1.3839e-87
  380.625  1.3839e-87
  380.75  1.3839e-87
  380.875  1.3839e-87
  381  1.3839e-87
  381.125  1.3839e-87
  381.25  1.3839e-87
  381.375  1.3839e-87
  381.5  1.3839e-87
  381.625  1.3839e-87
  381.75  1.3839e-87
  381.875  1.3839e-87
  382  1.3839e-87
  382.125  1.3839e-87
  382.25  1.3839e-87
  382.375  1.3839e-87
  382.5  1.3839e-87
  382.625  1.3839e-87
  382.75  1.3839e-87
  382.875  1.3839e-87
  383  1.3839e-87
  383.125  1.3839e-87
  383.25  1.3839e-87
  383.375  1.3839e-87
  383.5  1.3839e-87
  383.625  1.3839e-87
  383.75  1.3839e-87
  383.875  1.3839e-87
  384  1.3839e-87
  384.125  1.3839e-87
  384.25  1.3839e-87
  384.375  1.3839e-87
  384.5  1.3839e-87
  384.625  1.3839e-87
  384.75  1.3839e-87
  384.875  1.3839e-87
  385  1.3839e-87
  385.125  1.3839e-87
  385.25  1.3839e-87
  385.375  1.3839e-87
  385.5  1.3839e-87
  385.625  1.3839e-87
  385.75  1.3839e-87
  385.875  1.3839e-87
  386  1.3839e-87
  386.125  1.3839e-87
  386.25  1.3839e-87
  386.375  1.3839e-87
  386.5  1.3839e-87
  386.625  1.3839e-87
  386.75  1.3839e-87
  386.875  1.3839e-87
  387  1.3839e-87
  387.125  1.3839e-87
  387.25  1.3839e-87
  387.375  1.3839e-87
  387.5  1.3839e-87
  387.625  1.3839e-87
  387.75  1.3839e-87
  387.875  1.3839e-87
  388  1.3839e-87
  388.125  1.3839e-87
  388.25  1.3839e-87
  388.375  1.3839e-87
  388.5  1.3839e-87
  388.625  1.3839e-87
  388.75  1.3839e-87
  388.875  1.3839e-87
  389  1.3839e-87
  389.125  1.3839e-87
  389.25  1.3839e-87
  389.375  1.3839e-87
  389.5  1.3839e-87
  389.625  1.3839e-87
  389.75  1.3839e-87
  389.875  1.3839e-87
  390  1.3839e-87
  390.125  1.3839e-87
  390.25  1.3839e-87
  390.375  1.3839e-87
  390.5  1.3839e-87
  390.625  1.3839e-87
  390.75  1.3839e-87
  390.875  1.3839e-87
  391  1.3839e-87
  391.125  1.3839e-87
  391.25  1.3839e-87
  391.375  1.3839e-87
  391.5  1.3839e-87
  391.625  1.3839e-87
  391.75  1.3839e-87
  391.875  1.3839e-87
  392  1.3839e-87
  392.125  1.3839e-87
  392.25  1.3839e-87
  392.375  1.3839e-87
  392.5  1.3839e-87
  392.625  1.3839e-87
  392.75  1.3839e-87
  392.875  1.3839e-87
  393  1.3839e-87
  393.125  1.3839e-87
  393.25  1.3839e-87
  393.375  1.3839e-87
  393.5  1.3839e-87
  393.625  1.3839e-87
  393.75  1.3839e-87
  393.875  1.3839e-87
  394  1.3839e-87
  394.125  1.3839e-87
  394.25  1.3839e-87
  394.375  1.3839e-87
  394.5  1.3839e-87
  394.625  1.3839e-87
  394.75  1.3839e-87
  394.875  1.3839e-87
  395  1.3839e-87
  395.125  1.3839e-87
  395.25  1.3839e-87
  395.375  1.3839e-87
  395.5  1.3839e-87
  395.625  1.3839e-87
  395.75  1.3839e-87
  395.875  1.3839e-87
  396  1.3839e-87
  396.125  1.3839e-87
  396.25  1.3839e-87
  396.375  1.3839e-87
  396.5  1.3839e-87
  396.625  1.3839e-87
  396.75  1.3839e-87
  396.875  1.3839e-87
  397  1.3839e-87
  397.125  1.3839e-87
  397.25  1.3839e-87
  397.375  1.3839e-87
  397.5  1.3839e-87
  397.625  1.3839e-87
  397.75  1.3839e-87
  397.875  1.3839e-87
  398  1.3839e-87
  398.125  1.3839e-87
  398.25  1.3839e-87
  398.375  1.3839e-87
  398.5  1.3839e-87
  398.625  1.3839e-87
  398.75  1.3839e-87
  398.875  1.3839e-87
  399  1.3839e-87
  399.125  1.3839e-87
  399.25  1.3839e-87
  399.375  1.3839e-87
  399.5  1.3839e-87
  399.625  1.3839e-87
  399.75  1.3839e-87
  399.875  1.3839e-87
  400  1.3839e-87
  400.125  1.3839e-87
  400.25  1.3839e-87
  400.375  1.3839e-87
  400.5  1.3839e-87
  400.625  1.3839e-87
  400.75  1.3839e-87
  400.875  1.3839e-87
  401  1.3839e-87
  401.125  1.3839e-87
  401.25  1.3839e-87
  401.375  1.3839e-87
  401.5  1.3839e-87
  401.625  1.3839e-87
  401.75  1.3839e-87
  401.875  1.3839e-87
  402  1.3839e-87
  402.125  1.3839e-87
  402.25  1.3839e-87
  402.375  1.3839e-87
  402.5  1.3839e-87
  402.625  1.3839e-87
  402.75  1.3839e-87
  402.875  1.3839e-87
  403  1.3839e-87
  403.125  1.3839e-87
  403.25  1.3839e-87
  403.375  1.3839e-87
  403.5  1.3839e-87
  403.625  1.3839e-87
  403.75  1.3839e-87
  403.875  1.3839e-87
  404  1.3839e-87
  404.125  1.3839e-87
  404.25  1.3839e-87
  404.375  1.3839e-87
  404.5  1.3839e-87
  404.625  1.3839e-87
  404.75  1.3839e-87
  404.875  1.3839e-87
  405  1.3839e-87
  405.125  1.3839e-87
  405.25  1.3839e-87
  405.375  1.3839e-87
  405.5  1.3839e-87
  405.625  1.3839e-87
  405.75  1.3839e-87
  405.875  1.3839e-87
  406  1.3839e-87
  406.125  1.3839e-87
  406.25  1.3839e-87
  406.375  1.3839e-87
  406.5  1.3839e-87
  406.625  1.3839e-87
  406.75  1.3839e-87
  406.875  1.3839e-87
  407  1.3839e-87
  407.125  1.3839e-87
  407.25  1.3839e-87
  407.375  1.3839e-87
  407.5  1.3839e-87
  407.625  1.3839e-87
  407.75  1.3839e-87
  407.875  1.3839e-87
  408  1.3839e-87
  408.125  1.3839e-87
  408.25  1.3839e-87
  408.375  1.3839e-87
  408.5  1.3839e-87
  408.625  1.3839e-87
  408.75  1.3839e-87
  408.875  1.3839e-87
  409  1.3839e-87
  409.125  1.3839e-87
  409.25  1.3839e-87
  409.375  1.3839e-87
  409.5  1.3839e-87
  409.625  1.3839e-87
  409.75  1.3839e-87
  409.875  1.3839e-87
  410  1.3839e-87
  410.125  1.3839e-87
  410.25  1.3839e-87
  410.375  1.3839e-87
  410.5  1.3839e-87
  410.625  1.3839e-87
  410.75  1.3839e-87
  410.875  1.3839e-87
  411  1.3839e-87
  411.125  1.3839e-87
  411.25  1.3839e-87
  411.375  1.3839e-87
  411.5  1.3839e-87
  411.625  1.3839e-87
  411.75  1.3839e-87
  411.875  1.3839e-87
  412  1.3839e-87
  412.125  1.3839e-87
  412.25  1.3839e-87
  412.375  1.3839e-87
  412.5  1.3839e-87
  412.625  1.3839e-87
  412.75  1.3839e-87
  412.875  1.3839e-87
  413  1.3839e-87
  413.125  1.3839e-87
  413.25  1.3839e-87
  413.375  1.3839e-87
  413.5  1.3839e-87
  413.625  1.3839e-87
  413.75  1.3839e-87
  413.875  1.3839e-87
  414  1.3839e-87
  414.125  1.3839e-87
  414.25  1.3839e-87
  414.375  1.3839e-87
  414.5  1.3839e-87
  414.625  1.3839e-87
  414.75  1.3839e-87
  414.875  1.3839e-87
  415  1.3839e-87
  415.125  1.3839e-87
  415.25  1.3839e-87
  415.375  1.3839e-87
  415.5  1.3839e-87
  415.625  1.3839e-87
  415.75  1.3839e-87
  415.875  1.3839e-87
  416  1.3839e-87
  416.125  1.3839e-87
  416.25  1.3839e-87
  416.375  1.3839e-87
  416.5  1.3839e-87
  416.625  1.3839e-87
  416.75  1.3839e-87
  416.875  1.3839e-87
  417  1.3839e-87
  417.125  1.3839e-87
  417.25  1.3839e-87
  417.375  1.3839e-87
  417.5  1.3839e-87
  417.625  1.3839e-87
  417.75  1.3839e-87
  417.875  1.3839e-87
  418  1.3839e-87
  418.125  1.3839e-87
  418.25  1.3839e-87
  418.375  1.3839e-87
  418.5  1.3839e-87
  418.625  1.3839e-87
  418.75  1.3839e-87
  418.875  1.3839e-87
  419  1.3839e-87
  419.125  1.3839e-87
  419.25  1.3839e-87
  419.375  1.3839e-87
  419.5  1.3839e-87
  419.625  1.3839e-87
  419.75  1.3839e-87
  419.875  1.3839e-87
  420  1.3839e-87
  420.125  1.3839e-87
  420.25  1.3839e-87
  420.375  1.3839e-87
  420.5  1.3839e-87
  420.625  1.3839e-87
  420.75  1.3839e-87
  420.875  1.3839e-87
  421  1.3839e-87
  421.125  1.3839e-87
  421.25  1.3839e-87
  421.375  1.3839e-87
  421.5  1.3839e-87
  421.625  1.3839e-87
  421.75  1.3839e-87
  421.875  1.3839e-87
  422  1.3839e-87
  422.125  1.3839e-87
  422.25  1.3839e-87
  422.375  1.3839e-87
  422.5  1.3839e-87
  422.625  1.3839e-87
  422.75  1.3839e-87
  422.875  1.3839e-87
  423  1.3839e-87
  423.125  1.3839e-87
  423.25  1.3839e-87
  423.375  1.3839e-87
  423.5  1.3839e-87
  423.625  1.3839e-87
  423.75  1.3839e-87
  423.875  1.3839e-87
  424  1.3839e-87
  424.125  1.3839e-87
  424.25  1.3839e-87
  424.375  1.3839e-87
  424.5  1.3839e-87
  424.625  1.3839e-87
  424.75  1.3839e-87
  424.875  1.3839e-87
  425  1.3839e-87
  425.125  1.3839e-87
  425.25  1.3839e-87
  425.375  1.3839e-87
  425.5  1.3839e-87
  425.625  1.3839e-87
  425.75  1.3839e-87
  425.875  1.3839e-87
  426  1.3839e-87
  426.125  1.3839e-87
  426.25  1.3839e-87
  426.375  1.3839e-87
  426.5  1.3839e-87
  426.625  1.3839e-87
  426.75  1.3839e-87
  426.875  1.3839e-87
  427  1.3839e-87
  427.125  1.3839e-87
  427.25  1.3839e-87
  427.375  1.3839e-87
  427.5  1.3839e-87
  427.625  1.3839e-87
  427.75  1.3839e-87
  427.875  1.3839e-87
  428  1.3839e-87
  428.125  1.3839e-87
  428.25  1.3839e-87
  428.375  1.3839e-87
  428.5  1.3839e-87
  428.625  1.3839e-87
  428.75  1.3839e-87
  428.875  1.3839e-87
  429  1.3839e-87
  429.125  1.3839e-87
  429.25  1.3839e-87
  429.375  1.3839e-87
  429.5  1.3839e-87
  429.625  1.3839e-87
  429.75  1.3839e-87
  429.875  1.3839e-87
  430  1.3839e-87
  430.125  1.3839e-87
  430.25  1.3839e-87
  430.375  1.3839e-87
  430.5  1.3839e-87
  430.625  1.3839e-87
  430.75  1.3839e-87
  430.875  1.3839e-87
  431  1.3839e-87
  431.125  1.3839e-87
  431.25  1.3839e-87
  431.375  1.3839e-87
  431.5  1.3839e-87
  431.625  1.3839e-87
  431.75  1.3839e-87
  431.875  1.3839e-87
  432  1.3839e-87
  432.125  1.3839e-87
  432.25  1.3839e-87
  432.375  1.3839e-87
  432.5  1.3839e-87
  432.625  1.3839e-87
  432.75  1.3839e-87
  432.875  1.3839e-87
  433  1.3839e-87
  433.125  1.3839e-87
  433.25  1.3839e-87
  433.375  1.3839e-87
  433.5  1.3839e-87
  433.625  1.3839e-87
  433.75  1.3839e-87
  433.875  1.3839e-87
  434  1.3839e-87
  434.125  1.3839e-87
  434.25  1.3839e-87
  434.375  1.3839e-87
  434.5  1.3839e-87
  434.625  1.3839e-87
  434.75  1.3839e-87
  434.875  1.3839e-87
  435  1.3839e-87
  435.125  1.3839e-87
  435.25  1.3839e-87
  435.375  1.3839e-87
  435.5  1.3839e-87
  435.625  1.3839e-87
  435.75  1.3839e-87
  435.875  1.3839e-87
  436  1.3839e-87
  436.125  1.3839e-87
  436.25  1.3839e-87
  436.375  1.3839e-87
  436.5  1.3839e-87
  436.625  1.3839e-87
  436.75  1.3839e-87
  436.875  1.3839e-87
  437  1.3839e-87
  437.125  1.3839e-87
  437.25  1.3839e-87
  437.375  1.3839e-87
  437.5  1.3839e-87
  437.625  1.3839e-87
  437.75  1.3839e-87
  437.875  1.3839e-87
  438  1.3839e-87
  438.125  1.3839e-87
  438.25  1.3839e-87
  438.375  1.3839e-87
  438.5  1.3839e-87
  438.625  1.3839e-87
  438.75  1.3839e-87
  438.875  1.3839e-87
  439  1.3839e-87
  439.125  1.3839e-87
  439.25  1.3839e-87
  439.375  1.3839e-87
  439.5  1.3839e-87
  439.625  1.3839e-87
  439.75  1.3839e-87
  439.875  1.3839e-87
  440  1.3839e-87
  440.125  1.3839e-87
  440.25  1.3839e-87
  440.375  1.3839e-87
  440.5  1.3839e-87
  440.625  1.3839e-87
  440.75  1.3839e-87
  440.875  1.3839e-87
  441  1.3839e-87
  441.125  1.3839e-87
  441.25  1.3839e-87
  441.375  1.3839e-87
  441.5  1.3839e-87
  441.625  1.3839e-87
  441.75  1.3839e-87
  441.875  1.3839e-87
  442  1.3839e-87
  442.125  1.3839e-87
  442.25  1.3839e-87
  442.375  1.3839e-87
  442.5  1.3839e-87
  442.625  1.3839e-87
  442.75  1.3839e-87
  442.875  1.3839e-87
  443  1.3839e-87
  443.125  1.3839e-87
  443.25  1.3839e-87
  443.375  1.3839e-87
  443.5  1.3839e-87
  443.625  1.3839e-87
  443.75  1.3839e-87
  443.875  1.3839e-87
  444  1.3839e-87
  444.125  1.3839e-87
  444.25  1.3839e-87
  444.375  1.3839e-87
  444.5  1.3839e-87
  444.625  1.3839e-87
  444.75  1.3839e-87
  444.875  1.3839e-87
  445  1.3839e-87
  445.125  1.3839e-87
  445.25  1.3839e-87
  445.375  1.3839e-87
  445.5  1.3839e-87
  445.625  1.3839e-87
  445.75  1.3839e-87
  445.875  1.3839e-87
  446  1.3839e-87
  446.125  1.3839e-87
  446.25  1.3839e-87
  446.375  1.3839e-87
  446.5  1.3839e-87
  446.625  1.3839e-87
  446.75  1.3839e-87
  446.875  1.3839e-87
  447  1.3839e-87
  447.125  1.3839e-87
  447.25  1.3839e-87
  447.375  1.3839e-87
  447.5  1.3839e-87
  447.625  1.3839e-87
  447.75  1.3839e-87
  447.875  1.3839e-87
  448  1.3839e-87
  448.125  1.3839e-87
  448.25  1.3839e-87
  448.375  1.3839e-87
  448.5  1.3839e-87
  448.625  1.3839e-87
  448.75  1.3839e-87
  448.875  1.3839e-87
  449  1.3839e-87
  449.125  1.3839e-87
  449.25  1.3839e-87
  449.375  1.3839e-87
  449.5  1.3839e-87
  449.625  1.3839e-87
  449.75  1.3839e-87
  449.875  1.3839e-87
  450  1.3839e-87
  450.125  1.3839e-87
  450.25  1.3839e-87
  450.375  1.3839e-87
  450.5  1.3839e-87
  450.625  1.3839e-87
  450.75  1.3839e-87
  450.875  1.3839e-87
  451  1.3839e-87
  451.125  1.3839e-87
  451.25  1.3839e-87
  451.375  1.3839e-87
  451.5  1.3839e-87
  451.625  1.3839e-87
  451.75  1.3839e-87
  451.875  1.3839e-87
  452  1.3839e-87
  452.125  1.3839e-87
  452.25  1.3839e-87
  452.375  1.3839e-87
  452.5  1.3839e-87
  452.625  1.3839e-87
  452.75  1.3839e-87
  452.875  1.3839e-87
  453  1.3839e-87
  453.125  1.3839e-87
  453.25  1.3839e-87
  453.375  1.3839e-87
  453.5  1.3839e-87
  453.625  1.3839e-87
  453.75  1.3839e-87
  453.875  1.3839e-87
  454  1.3839e-87
  454.125  1.3839e-87
  454.25  1.3839e-87
  454.375  1.3839e-87
  454.5  1.3839e-87
  454.625  1.3839e-87
  454.75  1.3839e-87
  454.875  1.3839e-87
  455  1.3839e-87
  455.125  1.3839e-87
  455.25  1.3839e-87
  455.375  1.3839e-87
  455.5  1.3839e-87
  455.625  1.3839e-87
  455.75  1.3839e-87
  455.875  1.3839e-87
  456  1.3839e-87
  456.125  1.3839e-87
  456.25  1.3839e-87
  456.375  1.3839e-87
  456.5  1.3839e-87
  456.625  1.3839e-87
  456.75  1.3839e-87
  456.875  1.3839e-87
  457  1.3839e-87
  457.125  1.3839e-87
  457.25  1.3839e-87
  457.375  1.3839e-87
  457.5  1.3839e-87
  457.625  1.3839e-87
  457.75  1.3839e-87
  457.875  1.3839e-87
  458  1.3839e-87
  458.125  1.3839e-87
  458.25  1.3839e-87
  458.375  1.3839e-87
  458.5  1.3839e-87
  458.625  1.3839e-87
  458.75  1.3839e-87
  458.875  1.3839e-87
  459  1.3839e-87
  459.125  1.3839e-87
  459.25  1.3839e-87
  459.375  1.3839e-87
  459.5  1.3839e-87
  459.625  1.3839e-87
  459.75  1.3839e-87
  459.875  1.3839e-87
  460  1.3839e-87
  460.125  1.3839e-87
  460.25  1.3839e-87
  460.375  1.3839e-87
  460.5  1.3839e-87
  460.625  1.3839e-87
  460.75  1.3839e-87
  460.875  1.3839e-87
  461  1.3839e-87
  461.125  1.3839e-87
  461.25  1.3839e-87
  461.375  1.3839e-87
  461.5  1.3839e-87
  461.625  1.3839e-87
  461.75  1.3839e-87
  461.875  1.3839e-87
  462  1.3839e-87
  462.125  1.3839e-87
  462.25  1.3839e-87
  462.375  1.3839e-87
  462.5  1.3839e-87
  462.625  1.3839e-87
  462.75  1.3839e-87
  462.875  1.3839e-87
  463  1.3839e-87
  463.125  1.3839e-87
  463.25  1.3839e-87
  463.375  1.3839e-87
  463.5  1.3839e-87
  463.625  1.3839e-87
  463.75  1.3839e-87
  463.875  1.3839e-87
  464  1.3839e-87
  464.125  1.3839e-87
  464.25  1.3839e-87
  464.375  1.3839e-87
  464.5  1.3839e-87
  464.625  1.3839e-87
  464.75  1.3839e-87
  464.875  1.3839e-87
  465  1.3839e-87
  465.125  1.3839e-87
  465.25  1.3839e-87
  465.375  1.3839e-87
  465.5  1.3839e-87
  465.625  1.3839e-87
  465.75  1.3839e-87
  465.875  1.3839e-87
  466  1.3839e-87
  466.125  1.3839e-87
  466.25  1.3839e-87
  466.375  1.3839e-87
  466.5  1.3839e-87
  466.625  1.3839e-87
  466.75  1.3839e-87
  466.875  1.3839e-87
  467  1.3839e-87
  467.125  1.3839e-87
  467.25  1.3839e-87
  467.375  1.3839e-87
  467.5  1.3839e-87
  467.625  1.3839e-87
  467.75  1.3839e-87
  467.875  1.3839e-87
  468  1.3839e-87
  468.125  1.3839e-87
  468.25  1.3839e-87
  468.375  1.3839e-87
  468.5  1.3839e-87
  468.625  1.3839e-87
  468.75  1.3839e-87
  468.875  1.3839e-87
  469  1.3839e-87
  469.125  1.3839e-87
  469.25  1.3839e-87
  469.375  1.3839e-87
  469.5  1.3839e-87
  469.625  1.3839e-87
  469.75  1.3839e-87
  469.875  1.3839e-87
  470  1.3839e-87
  470.125  1.3839e-87
  470.25  1.3839e-87
  470.375  1.3839e-87
  470.5  1.3839e-87
  470.625  1.3839e-87
  470.75  1.3839e-87
  470.875  1.3839e-87
  471  1.3839e-87
  471.125  1.3839e-87
  471.25  1.3839e-87
  471.375  1.3839e-87
  471.5  1.3839e-87
  471.625  1.3839e-87
  471.75  1.3839e-87
  471.875  1.3839e-87
  472  1.3839e-87
  472.125  1.3839e-87
  472.25  1.3839e-87
  472.375  1.3839e-87
  472.5  1.3839e-87
  472.625  1.3839e-87
  472.75  1.3839e-87
  472.875  1.3839e-87
  473  1.3839e-87
  473.125  1.3839e-87
  473.25  1.3839e-87
  473.375  1.3839e-87
  473.5  1.3839e-87
  473.625  1.3839e-87
  473.75  1.3839e-87
  473.875  1.3839e-87
  474  1.3839e-87
  474.125  1.3839e-87
  474.25  1.3839e-87
  474.375  1.3839e-87
  474.5  1.3839e-87
  474.625  1.3839e-87
  474.75  1.3839e-87
  474.875  1.3839e-87
  475  1.3839e-87
  475.125  1.3839e-87
  475.25  1.3839e-87
  475.375  1.3839e-87
  475.5  1.3839e-87
  475.625  1.3839e-87
  475.75  1.3839e-87
  475.875  1.3839e-87
  476  1.3839e-87
  476.125  1.3839e-87
  476.25  1.3839e-87
  476.375  1.3839e-87
  476.5  1.3839e-87
  476.625  1.3839e-87
  476.75  1.3839e-87
  476.875  1.3839e-87
  477  1.3839e-87
  477.125  1.3839e-87
  477.25  1.3839e-87
  477.375  1.3839e-87
  477.5  1.3839e-87
  477.625  1.3839e-87
  477.75  1.3839e-87
  477.875  1.3839e-87
  478  1.3839e-87
  478.125  1.3839e-87
  478.25  1.3839e-87
  478.375  1.3839e-87
  478.5  1.3839e-87
  478.625  1.3839e-87
  478.75  1.3839e-87
  478.875  1.3839e-87
  479  1.3839e-87
  479.125  1.3839e-87
  479.25  1.3839e-87
  479.375  1.3839e-87
  479.5  1.3839e-87
  479.625  1.3839e-87
  479.75  1.3839e-87
  479.875  1.3839e-87
  480  1.3839e-87
  480.125  1.3839e-87
  480.25  1.3839e-87
  480.375  1.3839e-87
  480.5  1.3839e-87
  480.625  1.3839e-87
  480.75  1.3839e-87
  480.875  1.3839e-87
  481  1.3839e-87
  481.125  1.3839e-87
  481.25  1.3839e-87
  481.375  1.3839e-87
  481.5  1.3839e-87
  481.625  1.3839e-87
  481.75  1.3839e-87
  481.875  1.3839e-87
  482  1.3839e-87
  482.125  1.3839e-87
  482.25  1.3839e-87
  482.375  1.3839e-87
  482.5  1.3839e-87
  482.625  1.3839e-87
  482.75  1.3839e-87
  482.875  1.3839e-87
  483  1.3839e-87
  483.125  1.3839e-87
  483.25  1.3839e-87
  483.375  1.3839e-87
  483.5  1.3839e-87
  483.625  1.3839e-87
  483.75  1.3839e-87
  483.875  1.3839e-87
  484  1.3839e-87
  484.125  1.3839e-87
  484.25  1.3839e-87
  484.375  1.3839e-87
  484.5  1.3839e-87
  484.625  1.3839e-87
  484.75  1.3839e-87
  484.875  1.3839e-87
  485  1.3839e-87
  485.125  1.3839e-87
  485.25  1.3839e-87
  485.375  1.3839e-87
  485.5  1.3839e-87
  485.625  1.3839e-87
  485.75  1.3839e-87
  485.875  1.3839e-87
  486  1.3839e-87
  486.125  1.3839e-87
  486.25  1.3839e-87
  486.375  1.3839e-87
  486.5  1.3839e-87
  486.625  1.3839e-87
  486.75  1.3839e-87
  486.875  1.3839e-87
  487  1.3839e-87
  487.125  1.3839e-87
  487.25  1.3839e-87
  487.375  1.3839e-87
  487.5  1.3839e-87
  487.625  1.3839e-87
  487.75  1.3839e-87
  487.875  1.3839e-87
  488  1.3839e-87
  488.125  1.3839e-87
  488.25  1.3839e-87
  488.375  1.3839e-87
  488.5  1.3839e-87
  488.625  1.3839e-87
  488.75  1.3839e-87
  488.875  1.3839e-87
  489  1.3839e-87
  489.125  1.3839e-87
  489.25  1.3839e-87
  489.375  1.3839e-87
  489.5  1.3839e-87
  489.625  1.3839e-87
  489.75  1.3839e-87
  489.875  1.3839e-87
  490  1.3839e-87
  490.125  1.3839e-87
  490.25  1.3839e-87
  490.375  1.3839e-87
  490.5  1.3839e-87
  490.625  1.3839e-87
  490.75  1.3839e-87
  490.875  1.3839e-87
  491  1.3839e-87
  491.125  1.3839e-87
  491.25  1.3839e-87
  491.375  1.3839e-87
  491.5  1.3839e-87
  491.625  1.3839e-87
  491.75  1.3839e-87
  491.875  1.3839e-87
  492  1.3839e-87
  492.125  1.3839e-87
  492.25  1.3839e-87
  492.375  1.3839e-87
  492.5  1.3839e-87
  492.625  1.3839e-87
  492.75  1.3839e-87
  492.875  1.3839e-87
  493  1.3839e-87
  493.125  1.3839e-87
  493.25  1.3839e-87
  493.375  1.3839e-87
  493.5  1.3839e-87
  493.625  1.3839e-87
  493.75  1.3839e-87
  493.875  1.3839e-87
  494  1.3839e-87
  494.125  1.3839e-87
  494.25  1.3839e-87
  494.375  1.3839e-87
  494.5  1.3839e-87
  494.625  1.3839e-87
  494.75  1.3839e-87
  494.875  1.3839e-87
  495  1.3839e-87
  495.125  1.3839e-87
  495.25  1.3839e-87
  495.375  1.3839e-87
  495.5  1.3839e-87
  495.625  1.3839e-87
  495.75  1.3839e-87
  495.875  1.3839e-87
  496  1.3839e-87
  496.125  1.3839e-87
  496.25  1.3839e-87
  496.375  1.3839e-87
  496.5  1.3839e-87
  496.625  1.3839e-87
  496.75  1.3839e-87
  496.875  1.3839e-87
  497  1.3839e-87
  497.125  1.3839e-87
  497.25  1.3839e-87
  497.375  1.3839e-87
  497.5  1.3839e-87
  497.625  1.3839e-87
  497.75  1.3839e-87
  497.875  1.3839e-87
  498  1.3839e-87
  498.125  1.3839e-87
  498.25  1.3839e-87
  498.375  1.3839e-87
  498.5  1.3839e-87
  498.625  1.3839e-87
  498.75  1.3839e-87
  498.875  1.3839e-87
  499  1.3839e-87
  499.125  1.3839e-87
  499.25  1.3839e-87
  499.375  1.3839e-87
  499.5  1.3839e-87
  499.625  1.3839e-87
  499.75  1.3839e-87
  499.875  1.3839e-87
  500  1.3839e-87
