  0  1
  0.5  0.563748
  1  0.986724
  1.5  2.68553
  2  7.58831
  2.5  32.5985
  3  32.2644
  3.5  35.6824
  4  59.7363
  4.5  10.0951
  5  24.1235
  5.5  140.985
  6  195.13
  6.5  1059.12
  7  3930.1
  7.5  8797.35
  8  10541.4
  8.5  15595.3
  9  24568.7
  9.5  13607.5
  10  17602
  10.5  11217
  11  15260
  11.5  2846
  12  8169
  12.5  27030.5
  13  64527.8
  13.5  105651
  14  223807
  14.5  706260
  15  1.23305e+06
  15.5  2.13502e+06
  16  2.92557e+06
  16.5  6.44513e+06
  17  1.21354e+07
  17.5  6.50118e+07
  18  1.85353e+08
  18.5  1.09554e+08
  19  3.69659e+08
  19.5  6.78736e+08
  20  1.08557e+09
  20.5  1.37291e+09
  21  8.83796e+08
  21.5  1.06583e+09
  22  1.88605e+09
  22.5  1.54741e+08
  23  2.25965e+08
  23.5  3.46966e+08
  24  7.76254e+07
  24.5  1.45823e+08
  25  4.98032e+08
  25.5  1.33665e+08
  26  6.64584e+08
  26.5  1.92306e+08
  27  2.71937e+08
  27.5  4.52293e+08
  28  6.33334e+08
  28.5  6.40422e+08
  29  8.54316e+08
  29.5  1.86563e+09
  30  2.38216e+09
  30.5  1.48423e+09
  31  1.66569e+09
  31.5  5.87788e+09
  32  6.49701e+09
  32.5  8.5683e+09
  33  1.54341e+10
  33.5  2.83322e+10
  34  1.03684e+10
  34.5  2.40908e+10
  35  8.43949e+10
  35.5  7.67705e+10
  36  8.03118e+10
  36.5  1.16854e+11
  37  5.27235e+10
  37.5  1.63674e+10
  38  6.74976e+09
  38.5  2.76558e+10
  39  3.16797e+10
  39.5  2.31982e+10
  40  4.62183e+10
  40.5  5.87193e+10
  41  1.41347e+11
  41.5  7.72362e+10
  42  2.64222e+11
  42.5  2.31549e+11
  43  1.20159e+12
  43.5  3.4834e+11
  44  7.97328e+11
  44.5  1.27618e+12
  45  1.38554e+11
  45.5  7.34901e+10
  46  3.2638e+11
  46.5  4.24658e+11
  47  2.7584e+12
  47.5  3.68139e+11
  48  2.43866e+11
  48.5  5.74405e+11
  49  7.6928e+11
  49.5  1.19757e+12
  50  3.76733e+12
  50.5  7.13565e+11
  51  1.25181e+12
  51.5  3.40592e+12
  52  7.10546e+12
  52.5  2.7901e+13
  53  3.80572e+13
  53.5  4.47866e+13
  54  1.41425e+13
  54.5  3.61283e+13
  55  6.64977e+13
  55.5  1.53301e+13
  56  3.63826e+13
  56.5  2.66229e+13
  57  4.45805e+13
  57.5  6.0368e+13
  58  3.33448e+13
  58.5  2.94155e+13
  59  5.24686e+13
  59.5  8.09617e+13
  60  5.09264e+13
  60.5  1.36544e+14
  61  2.19919e+14
  61.5  8.79412e+14
  62  2.82616e+14
  62.5  8.49014e+13
  63  3.81241e+13
  63.5  5.87195e+13
  64  8.07856e+13
  64.5  9.41657e+13
  65  1.41907e+14
  65.5  1.46925e+14
  66  3.73052e+14
  66.5  5.18754e+14
  67  1.33465e+15
  67.5  3.06146e+15
  68  8.52734e+15
  68.5  2.30318e+16
  69  1.01119e+16
  69.5  2.47216e+16
  70  5.42573e+16
  70.5  1.5142e+17
  71  2.75327e+17
  71.5  2.08303e+17
  72  8.98087e+17
  72.5  2.61479e+18
  73  1.00227e+19
  73.5  4.51952e+17
  74  3.34122e+17
  74.5  6.72632e+17
  75  6.27955e+17
  75.5  1.0878e+16
  76  2.68192e+16
  76.5  1.69108e+16
  77  4.04002e+16
  77.5  4.86009e+16
  78  1.22262e+17
  78.5  1.89783e+17
  79  3.11244e+17
  79.5  1.49482e+17
  80  1.56932e+17
  80.5  2.84191e+17
  81  1.40576e+17
  81.5  1.25662e+17
  82  3.26364e+17
  82.5  7.486e+17
  83  7.2245e+17
  83.5  3.1667e+18
  84  1.94379e+17
  84.5  8.17453e+17
  85  5.63685e+17
  85.5  1.23594e+18
  86  7.14746e+17
  86.5  8.99403e+17
  87  5.30736e+17
  87.5  5.9045e+17
  88  8.32418e+17
  88.5  1.51472e+18
  89  3.16861e+18
  89.5  1.03501e+19
  90  4.66692e+18
  90.5  1.01759e+19
  91  3.07527e+18
  91.5  9.48068e+18
  92  2.57944e+19
  92.5  4.93687e+18
  93  4.52477e+18
  93.5  9.41784e+18
  94  4.55048e+18
  94.5  5.65083e+18
  95  6.31636e+18
  95.5  5.04023e+18
  96  8.5532e+18
  96.5  1.54233e+19
  97  3.91088e+19
  97.5  8.30537e+18
  98  7.54958e+18
  98.5  1.15469e+19
  99  2.65478e+19
  99.5  5.04641e+19
  100  1.88151e+20
  100.5  4.65714e+20
  101  5.5611e+20
  101.5  8.29598e+19
  102  2.35785e+20
  102.5  2.45648e+19
  103  8.58578e+19
  103.5  5.87336e+19
  104  9.11378e+19
  104.5  7.02622e+19
  105  2.15796e+20
  105.5  5.26809e+20
  106  9.58073e+20
  106.5  3.77552e+20
  107  3.15413e+20
  107.5  8.33389e+20
  108  2.43584e+21
  108.5  1.22861e+22
  109  4.46615e+21
  109.5  4.45639e+21
  110  5.72458e+21
  110.5  1.97455e+22
  111  4.48627e+22
  111.5  3.06464e+22
  112  3.41006e+22
  112.5  1.77348e+23
  113  1.06514e+23
  113.5  4.39775e+23
  114  6.63653e+22
  114.5  2.27004e+23
  115  4.20133e+23
  115.5  5.06675e+23
  116  1.99215e+24
  116.5  4.82538e+24
  117  1.14422e+25
  117.5  1.34469e+25
  118  1.26498e+25
  118.5  9.89721e+24
  119  1.0958e+25
  119.5  3.32996e+24
  120  1.07772e+25
  120.5  2.68968e+25
  121  4.68496e+25
  121.5  1.03421e+26
  122  1.57531e+26
  122.5  1.02797e+25
  123  5.21628e+24
  123.5  6.21614e+23
  124  1.38303e+24
  124.5  6.79427e+23
  125  2.46663e+24
  125.5  3.76971e+24
  126  1.33701e+25
  126.5  2.90449e+25
  127  2.31758e+24
  127.5  7.76967e+23
  128  4.05903e+23
  128.5  8.09698e+23
  129  1.60543e+24
  129.5  4.20629e+24
  130  6.52381e+23
  130.5  1.62409e+24
  131  2.28594e+24
  131.5  1.41367e+24
  132  9.70619e+23
  132.5  1.28177e+24
  133  2.46881e+24
  133.5  4.90376e+24
  134  2.55128e+24
  134.5  2.02497e+24
  135  6.07348e+24
  135.5  1.37826e+25
  136  1.82765e+25
  136.5  3.5797e+25
  137  8.42717e+25
  137.5  7.99799e+25
  138  4.85395e+25
  138.5  2.3026e+25
  139  7.28537e+25
  139.5  7.78868e+24
  140  1.89227e+25
  140.5  4.39281e+24
  141  1.03226e+25
  141.5  1.19875e+25
  142  3.53592e+25
  142.5  2.40213e+24
  143  1.59493e+24
  143.5  3.16456e+24
  144  5.4241e+23
  144.5  5.21185e+23
  145  1.67894e+24
  145.5  4.86351e+24
  146  4.57038e+24
  146.5  3.77964e+24
  147  1.07293e+25
  147.5  1.57123e+25
  148  5.2142e+25
  148.5  1.79746e+26
  149  2.46764e+26
  149.5  2.54846e+26
  150  1.81179e+26
  150.5  1.26243e+26
  151  2.81736e+26
  151.5  9.79966e+26
  152  1.18969e+27
  152.5  2.83955e+27
  153  3.21472e+27
  153.5  1.37681e+27
  154  2.16282e+27
  154.5  9.6764e+27
  155  2.08564e+28
  155.5  1.70505e+27
  156  1.62574e+27
  156.5  3.13419e+27
  157  8.51852e+27
  157.5  1.45285e+28
  158  5.04558e+27
  158.5  1.57355e+28
  159  4.76234e+28
  159.5  1.78975e+29
  160  3.85831e+28
  160.5  9.26965e+28
  161  5.33144e+28
  161.5  1.7363e+28
  162  2.70893e+28
  162.5  2.45346e+28
  163  2.57648e+28
  163.5  5.59626e+28
  164  2.70078e+28
  164.5  1.03575e+29
  165  1.85458e+29
  165.5  5.34124e+27
  166  1.67592e+28
  166.5  1.41745e+28
  167  1.22625e+28
  167.5  2.9863e+28
  168  6.12776e+28
  168.5  1.58397e+29
  169  2.90874e+29
  169.5  4.89642e+29
  170  1.94074e+29
  170.5  5.81431e+28
  171  2.19858e+29
  171.5  4.53099e+29
  172  8.29689e+29
  172.5  1.53971e+30
  173  5.6213e+30
  173.5  1.50291e+31
  174  3.07694e+31
  174.5  8.40213e+31
  175  6.40299e+31
  175.5  1.09866e+31
  176  2.96368e+31
  176.5  1.83204e+31
  177  4.63997e+31
  177.5  5.88741e+29
  178  3.01799e+30
  178.5  2.31799e+30
  179  9.68822e+30
  179.5  3.86602e+30
  180  1.50322e+31
  180.5  3.59593e+31
  181  3.68802e+31
  181.5  5.01097e+31
  182  3.21896e+31
  182.5  1.32245e+29
  183  1.17299e+29
  183.5  2.51726e+28
  184  3.84005e+28
  184.5  7.41576e+27
  185  3.54233e+27
  185.5  7.742e+27
  186  1.53005e+28
  186.5  3.53796e+28
  187  2.73617e+28
  187.5  5.01874e+28
  188  9.7516e+28
  188.5  1.72673e+29
  189  2.81527e+29
  189.5  9.1227e+28
  190  4.23073e+28
  190.5  4.57952e+28
  191  7.26659e+28
  191.5  1.83289e+29
  192  1.48049e+29
  192.5  6.68016e+29
  193  1.22635e+30
  193.5  4.17302e+30
  194  1.47742e+30
  194.5  6.28121e+30
  195  6.28465e+30
  195.5  3.86308e+31
  196  7.94699e+31
  196.5  3.91099e+32
  197  7.60882e+32
  197.5  3.16285e+32
  198  6.49568e+32
  198.5  5.19361e+32
  199  3.07143e+32
  199.5  5.92302e+32
  200  1.88424e+33
  200.5  4.17616e+32
  201  2.04374e+33
  201.5  4.34783e+33
  202  1.30094e+34
  202.5  8.11484e+33
  203  1.82261e+34
  203.5  8.08541e+34
  204  2.19085e+35
  204.5  5.93693e+35
  205  2.81154e+36
  205.5  2.5792e+36
  206  6.01139e+36
  206.5  1.84368e+37
  207  4.5e+37
  207.5  1.05793e+38
  208  1.50322e+38
  208.5  1.44998e+38
  209  2.14987e+38
  209.5  2.80836e+38
  210  1.56566e+38
  210.5  2.45255e+37
  211  3.82859e+37
  211.5  5.04374e+37
  212  3.18928e+38
  212.5  1.74548e+38
  213  7.28695e+38
  213.5  1.44812e+39
  214  1.06539e+39
  214.5  2.68397e+39
  215  1.06911e+40
  215.5  2.19052e+40
  216  2.40549e+40
  216.5  6.13475e+40
  217  1.67993e+41
  217.5  1.97907e+41
  218  2.24355e+41
  218.5  1.13734e+40
  219  1.43569e+40
  219.5  1.09728e+40
  220  6.64915e+39
  220.5  7.20674e+38
  221  8.79048e+38
  221.5  1.06817e+39
  222  2.0019e+39
  222.5  3.80567e+39
  223  3.05196e+39
  223.5  4.07166e+39
  224  3.24299e+39
  224.5  1.78818e+39
  225  7.4283e+39
  225.5  2.82784e+40
  226  9.98085e+39
  226.5  2.49452e+40
  227  3.5161e+40
  227.5  1.21235e+40
  228  2.6549e+40
  228.5  3.21409e+40
  229  5.23343e+40
  229.5  1.86939e+40
  230  2.53747e+39
  230.5  1.52937e+39
  231  3.35285e+39
  231.5  8.54381e+39
  232  9.91188e+39
  232.5  4.07389e+40
  233  1.42408e+41
  233.5  4.69962e+41
  234  6.66321e+41
  234.5  1.67357e+42
  235  7.22076e+41
  235.5  1.21878e+42
  236  3.71338e+42
  236.5  1.88267e+42
  237  2.24298e+42
  237.5  6.26927e+41
  238  1.25593e+42
  238.5  2.11535e+42
  239  2.67268e+42
  239.5  4.73602e+42
  240  8.31773e+42
  240.5  4.9087e+42
  241  4.74083e+42
  241.5  5.50077e+42
  242  1.03431e+43
  242.5  1.3458e+43
  243  2.63387e+43
  243.5  3.17168e+43
  244  8.25255e+42
  244.5  3.16265e+43
  245  5.60511e+43
  245.5  7.18256e+43
  246  2.19122e+44
  246.5  3.58628e+44
  247  1.46278e+45
  247.5  9.13544e+43
  248  5.04793e+43
  248.5  1.4279e+44
  249  1.48115e+44
  249.5  9.69911e+43
  250  5.69146e+43
  250.5  3.6662e+43
  251  7.28883e+43
  251.5  4.95591e+43
  252  8.85605e+43
  252.5  1.53897e+44
  253  1.11775e+44
  253.5  1.92742e+44
  254  9.35895e+44
  254.5  3.11986e+44
  255  2.52823e+44
  255.5  6.24208e+44
  256  1.13779e+45
  256.5  3.41591e+45
  257  2.00988e+46
  257.5  3.23679e+46
  258  3.20026e+45
  258.5  4.76316e+45
  259  1.26918e+46
  259.5  5.31299e+46
  260  1.20774e+47
  260.5  2.23061e+47
  261  3.03738e+47
  261.5  6.43892e+46
  262  1.40293e+47
  262.5  2.40822e+47
  263  2.5457e+47
  263.5  6.62674e+47
  264  2.53984e+48
  264.5  5.10632e+48
  265  3.18685e+48
  265.5  4.29601e+48
  266  6.14138e+48
  266.5  9.07615e+48
  267  2.93358e+48
  267.5  3.10617e+48
  268  4.01472e+48
  268.5  1.9337e+49
  269  1.38615e+49
  269.5  7.07146e+49
  270  1.57071e+48
  270.5  7.57528e+47
  271  2.09912e+48
  271.5  3.53883e+48
  272  1.28895e+49
  272.5  1.85627e+49
  273  1.11025e+49
  273.5  3.32307e+49
  274  7.88869e+49
  274.5  4.79403e+49
  275  6.47778e+49
  275.5  6.28902e+49
  276  3.19472e+49
  276.5  9.64113e+49
  277  3.93616e+49
  277.5  1.18746e+49
  278  8.11401e+48
  278.5  1.05367e+49
  279  2.23515e+49
  279.5  8.53148e+48
  280  3.13534e+49
  280.5  1.02882e+50
  281  1.75035e+50
  281.5  3.63692e+49
  282  6.24083e+49
  282.5  2.77003e+49
  283  4.39521e+49
  283.5  3.69986e+49
  284  1.64145e+50
  284.5  4.96255e+50
  285  9.04251e+50
  285.5  7.6771e+50
  286  1.60165e+51
  286.5  3.87946e+51
  287  6.8474e+51
  287.5  6.36704e+51
  288  3.40051e+51
  288.5  3.46648e+51
  289  8.67992e+51
  289.5  9.66816e+51
  290  6.9727e+51
  290.5  2.21951e+50
  291  3.35987e+50
  291.5  8.80396e+50
  292  2.02526e+51
  292.5  7.38698e+51
  293  8.61528e+51
  293.5  6.79146e+51
  294  2.41553e+51
  294.5  3.41115e+51
  295  4.48961e+51
  295.5  9.09445e+51
  296  5.09661e+52
  296.5  4.9235e+52
  297  2.21454e+53
  297.5  1.49052e+52
  298  8.61773e+52
  298.5  5.98039e+52
  299  1.99833e+52
  299.5  1.62894e+52
  300  8.69843e+51
  300.5  1.5824e+52
  301  5.95185e+52
  301.5  5.73368e+52
  302  1.78065e+53
  302.5  4.15547e+53
  303  1.76188e+53
  303.5  8.6193e+52
  304  1.42797e+53
  304.5  5.77587e+53
  305  8.96593e+53
  305.5  1.20529e+54
  306  3.34205e+54
  306.5  9.37969e+54
  307  1.33075e+55
  307.5  1.93768e+55
  308  7.80915e+54
  308.5  5.68282e+54
  309  1.51865e+55
  309.5  2.52476e+55
  310  2.88655e+55
  310.5  3.85012e+55
  311  1.32442e+56
  311.5  1.3413e+55
  312  4.13156e+55
  312.5  8.32028e+55
  313  1.06098e+56
  313.5  4.40021e+55
  314  9.19336e+55
  314.5  4.12775e+55
  315  1.05111e+55
  315.5  4.12862e+54
  316  1.12225e+53
  316.5  6.9169e+52
  317  1.56416e+53
  317.5  2.16753e+53
  318  4.191e+53
  318.5  3.5936e+53
  319  1.35036e+54
  319.5  1.34384e+54
  320  6.67629e+54
  320.5  4.37522e+54
  321  9.84347e+54
  321.5  2.00006e+55
  322  1.26292e+56
  322.5  6.2967e+56
  323  2.62947e+57
  323.5  2.32815e+57
  324  7.06536e+57
  324.5  7.95391e+57
  325  2.82012e+57
  325.5  2.34075e+57
  326  8.01972e+57
  326.5  1.95974e+58
  327  1.04244e+58
  327.5  3.96158e+57
  328  1.46451e+58
  328.5  9.07983e+57
  329  2.75631e+58
  329.5  7.30088e+58
  330  6.27437e+58
  330.5  5.51443e+58
  331  2.40494e+59
  331.5  3.55344e+59
  332  6.39758e+59
  332.5  1.91794e+60
  333  9.27702e+60
  333.5  9.64289e+60
  334  2.12929e+61
  334.5  1.46868e+61
  335  3.85645e+61
  335.5  1.37836e+62
  336  1.96911e+61
  336.5  3.78541e+61
  337  1.38567e+61
  337.5  2.4703e+61
  338  6.13193e+61
  338.5  8.52895e+60
  339  1.43525e+61
  339.5  1.25194e+60
  340  2.33168e+60
  340.5  1.88134e+60
  341  5.29395e+60
  341.5  6.72734e+58
  342  2.35917e+59
  342.5  1.2059e+59
  343  1.85198e+59
  343.5  1.40769e+59
  344  3.38366e+59
  344.5  1.69809e+59
  345  1.59273e+59
  345.5  1.10998e+59
  346  3.57377e+59
  346.5  2.80855e+59
  347  1.66208e+60
  347.5  1.13273e+60
  348  2.37634e+60
  348.5  1.11654e+60
  349  2.06675e+59
  349.5  1.78088e+59
  350  3.31138e+58
  350.5  1.56436e+58
  351  2.33891e+58
  351.5  7.70846e+57
  352  1.31308e+58
  352.5  1.84469e+58
  353  6.11219e+56
  353.5  2.23227e+56
  354  5.33926e+56
  354.5  1.51978e+56
  355  4.88646e+56
  355.5  2.25312e+57
  356  6.14694e+57
  356.5  6.91865e+57
  357  2.5822e+58
  357.5  1.53597e+57
  358  1.13852e+57
  358.5  2.65031e+57
  359  1.8969e+57
  359.5  9.63415e+57
  360  7.78042e+57
  360.5  9.0852e+57
  361  1.41138e+58
  361.5  3.35653e+58
  362  7.81888e+58
  362.5  1.13422e+59
  363  1.16303e+59
  363.5  2.50149e+59
  364  8.50014e+59
  364.5  2.26165e+60
  365  5.87216e+60
  365.5  4.60551e+60
  366  3.56221e+60
  366.5  1.312e+61
  367  1.4106e+61
  367.5  3.3404e+61
  368  2.84884e+61
  368.5  1.80423e+62
  369  6.32023e+61
  369.5  1.85345e+61
  370  6.2299e+61
  370.5  1.32059e+62
  371  1.45504e+62
  371.5  1.55852e+62
  372  4.78895e+62
  372.5  8.2947e+62
  373  2.89406e+63
  373.5  7.91348e+62
  374  2.00326e+63
  374.5  1.67086e+63
  375  4.338e+62
  375.5  1.00103e+63
  376  2.32079e+63
  376.5  7.69691e+63
  377  1.20033e+64
  377.5  2.31485e+64
  378  6.18094e+64
  378.5  1.8256e+65
  379  1.41045e+64
  379.5  1.15445e+64
  380  3.32435e+64
  380.5  3.54957e+64
  381  1.60793e+64
  381.5  4.2713e+64
  382  2.14753e+65
  382.5  5.83714e+65
  383  1.65618e+66
  383.5  2.44205e+65
  384  9.68092e+65
  384.5  1.06951e+66
  385  3.30161e+66
  385.5  3.24368e+66
  386  3.29e+65
  386.5  8.66682e+64
  387  2.24366e+65
  387.5  8.21688e+65
  388  5.40839e+65
  388.5  2.79689e+65
  389  9.00652e+65
  389.5  1.35459e+66
  390  5.17623e+66
  390.5  3.71908e+66
  391  1.02804e+67
  391.5  1.89841e+67
  392  9.28463e+66
  392.5  1.66744e+67
  393  2.3772e+67
  393.5  4.59145e+67
  394  1.35171e+67
  394.5  2.73482e+67
  395  5.71288e+67
  395.5  6.58984e+67
  396  1.46764e+68
  396.5  2.5559e+68
  397  4.44348e+68
  397.5  3.66034e+68
  398  2.07194e+69
  398.5  6.40954e+69
  399  8.74616e+68
  399.5  8.28413e+68
  400  2.71342e+69
  400.5  4.28744e+69
  401  1.09591e+70
  401.5  3.28703e+70
  402  5.43473e+70
  402.5  3.78689e+70
  403  1.6117e+71
  403.5  3.49121e+71
  404  1.1262e+71
  404.5  9.40708e+70
  405  3.70206e+70
  405.5  2.69616e+70
  406  3.91808e+70
  406.5  6.304e+70
  407  7.09014e+70
  407.5  1.93079e+71
  408  3.47736e+71
  408.5  6.25696e+71
  409  2.27645e+72
  409.5  3.08804e+72
  410  3.29785e+72
  410.5  1.3067e+73
  411  2.25202e+73
  411.5  2.1443e+73
  412  1.09431e+73
  412.5  1.62019e+73
  413  2.06867e+73
  413.5  4.99326e+73
  414  5.95179e+72
  414.5  1.88696e+73
  415  1.94751e+73
  415.5  4.04472e+72
  416  7.93285e+72
  416.5  6.19492e+71
  417  1.1398e+72
  417.5  2.12061e+72
  418  2.02445e+72
  418.5  3.58821e+72
  419  6.95203e+72
  419.5  6.31077e+72
  420  4.93439e+72
  420.5  2.14516e+72
  421  2.42394e+72
  421.5  6.1802e+72
  422  1.6021e+73
  422.5  6.44694e+72
  423  3.14865e+73
  423.5  1.22199e+74
  424  1.27632e+74
  424.5  6.59376e+73
  425  9.45018e+70
  425.5  3.1125e+71
  426  2.84748e+71
  426.5  3.75199e+71
  427  1.62054e+72
  427.5  4.85978e+72
  428  4.7556e+72
  428.5  3.96459e+72
  429  1.88056e+73
  429.5  2.29306e+73
  430  3.54675e+73
  430.5  9.1237e+73
  431  9.03644e+72
  431.5  1.09925e+73
  432  2.0846e+72
  432.5  5.2669e+72
  433  5.90337e+72
  433.5  8.51508e+72
  434  1.51551e+73
  434.5  1.80709e+73
  435  4.39176e+73
  435.5  8.43146e+73
  436  1.33729e+74
  436.5  1.80153e+74
  437  1.35858e+74
  437.5  3.09961e+74
  438  1.73452e+74
  438.5  6.35563e+74
  439  1.87727e+75
  439.5  6.23665e+74
  440  5.8249e+74
  440.5  1.67141e+74
  441  6.68796e+73
  441.5  1.30495e+74
  442  4.67244e+73
  442.5  8.73332e+73
  443  6.60516e+72
  443.5  8.83899e+72
  444  9.79279e+72
  444.5  1.46005e+73
  445  4.54171e+73
  445.5  1.62094e+74
  446  5.02828e+74
  446.5  3.94559e+73
  447  1.96758e+73
  447.5  7.55703e+73
  448  1.48083e+74
  448.5  3.16771e+74
  449  1.24829e+75
  449.5  7.00346e+74
  450  2.0345e+75
  450.5  3.63362e+75
  451  6.15417e+75
  451.5  1.94508e+76
  452  1.82101e+76
  452.5  1.00429e+76
  453  8.74389e+75
  453.5  1.33478e+76
  454  4.50737e+75
  454.5  1.44949e+74
  455  4.03794e+74
  455.5  8.04507e+74
  456  2.46478e+75
  456.5  6.26043e+75
  457  1.17489e+75
  457.5  1.08517e+75
  458  4.37963e+74
  458.5  5.16739e+74
  459  2.92371e+73
  459.5  1.21189e+74
  460  2.07312e+74
  460.5  9.61662e+74
  461  2.95152e+75
  461.5  3.27165e+75
  462  1.29324e+75
  462.5  2.33002e+75
  463  9.29962e+75
  463.5  3.0495e+76
  464  4.33008e+76
  464.5  9.22435e+76
  465  5.77291e+76
  465.5  1.09168e+77
  466  1.20258e+77
  466.5  3.40909e+77
  467  9.6995e+77
  467.5  2.53628e+78
  468  5.91113e+78
  468.5  1.97359e+79
  469  7.31181e+77
  469.5  5.45626e+77
  470  1.93208e+77
  470.5  6.26711e+77
  471  3.34845e+78
  471.5  2.6328e+78
  472  1.07989e+79
  472.5  8.06151e+78
  473  9.75858e+78
  473.5  1.63005e+79
  474  3.51494e+79
  474.5  1.65789e+80
  475  1.64986e+80
  475.5  2.01318e+79
  476  5.69238e+78
  476.5  1.70777e+79
  477  3.08535e+79
  477.5  7.80099e+79
  478  1.18365e+80
  478.5  9.99587e+79
  479  3.62921e+80
  479.5  1.00985e+81
  480  2.9299e+81
  480.5  8.78892e+81
  481  3.14821e+82
  481.5  1.58588e+82
  482  2.08522e+82
  482.5  5.85504e+82
  483  1.33691e+83
  483.5  9.9908e+82
  484  3.64007e+82
  484.5  9.2126e+82
  485  1.13153e+83
  485.5  2.45713e+83
  486  7.83493e+82
  486.5  4.83831e+82
  487  2.25671e+82
  487.5  4.78769e+82
  488  1.08747e+83
  488.5  2.10875e+83
  489  3.65569e+83
  489.5  5.70595e+83
  490  5.11012e+83
  490.5  1.59163e+84
  491  2.52791e+84
  491.5  6.13185e+82
  492  3.0684e+83
  492.5  4.25123e+83
  493  3.11029e+83
  493.5  1.41306e+84
  494  1.106e+84
  494.5  1.31508e+84
  495  3.30918e+84
  495.5  1.12988e+83
  496  7.52509e+82
  496.5  1.88787e+83
  497  9.55964e+82
  497.5  2.64866e+83
  498  3.85002e+83
  498.5  6.077e+83
  499  8.06711e+83
  499.5  1.69523e+83
  500  4.96335e+82
