#  cvt_dataset.txt
#  created by routine CVT_WRITE in CVT_DATASET.CC
#  at 04 March 2004 02:40:02 PM
#
#  Spatial dimension M = 2
#  Number of points N = 100
#  EPSILON (unit roundoff) = 1.19209e-07
#
#  Initial SEED = 123456789
#
#  Initialization by UNIFORM.
#  Sampling by UNIFORM.
#  Number of sample points = 320000
#  Number of sampling iterations = 115
#  L2 norm of dataset change on last step = 0.0812396
#
  0.231261    0.952049  
  0.773119    0.554973  
  0.424705   0.0529885  
  0.329647   0.0527886  
   0.13069    0.573442  
 0.0539709    0.427267  
  0.415533    0.679303  
  0.948251   0.0539809  
  0.946366    0.282813  
  0.139248   0.0579269  
  0.865567    0.866009  
   0.23008   0.0452309  
  0.328467    0.950815  
  0.149604    0.385896  
  0.871594    0.147194  
  0.705025    0.633138  
  0.861561    0.465954  
  0.868543    0.569265  
    0.2482    0.688613  
  0.321777    0.314969  
  0.613833    0.325506  
  0.719744    0.246915  
  0.221853    0.591133  
 0.0520347    0.229933  
  0.768074     0.83971  
 0.0446171    0.729749  
  0.162537     0.86676  
  0.838805    0.249565  
  0.954574    0.825547  
  0.749187    0.335697  
  0.955285    0.507781  
 0.0512217    0.517891  
 0.0519609    0.327955  
  0.330824    0.751129  
 0.0548011    0.138015  
  0.160638    0.166983  
  0.258278    0.136078  
  0.270203    0.231336  
  0.672871    0.846492  
  0.620336    0.230201  
  0.828756    0.662159  
  0.434977    0.771616  
  0.958828    0.939653  
  0.627113   0.0477318  
  0.408629    0.259345  
  0.945575    0.720161  
  0.359254    0.161089  
   0.87443    0.958511  
  0.679093     0.51258  
  0.672062    0.405588  
  0.574383    0.839588  
  0.145609    0.678058  
  0.852474    0.358265  
  0.392691    0.372981  
  0.374408    0.853369  
  0.699107    0.949064  
  0.149088    0.268926  
   0.12626    0.775841  
  0.422873    0.950877  
  0.607813    0.944469  
  0.839754   0.0485686  
 0.0445675    0.946362  
  0.642123    0.747561  
   0.95125    0.621441  
  0.177073    0.482388  
 0.0463362    0.626567  
  0.744149    0.736347  
  0.522272   0.0485119  
  0.275015    0.856798  
 0.0488583    0.842375  
   0.13301    0.954535  
  0.462232    0.151499  
  0.951663    0.395738  
  0.675191    0.142673  
  0.505339    0.628933  
 0.0465602   0.0445207  
  0.577251    0.441179  
  0.595177    0.555681  
  0.324139    0.631099  
  0.767332     0.44337  
  0.605507    0.656555  
  0.403868    0.572535  
  0.784598    0.946805  
   0.29083    0.524325  
  0.479338    0.857324  
  0.955964    0.175215  
  0.274297    0.420489  
  0.473662    0.433534  
  0.530954    0.737396  
  0.517697    0.242994  
  0.496028    0.527078  
   0.22196    0.777004  
  0.502597    0.341117  
  0.376952    0.472362  
  0.733864   0.0490689  
  0.851547    0.765062  
  0.226482    0.328512  
  0.518178    0.949811  
  0.566852    0.142443  
  0.775066    0.152365  
