        0.1081030181680702        0.4459484909159649       -0.7745966692414834
        0.4459484909159649        0.1081030181680702       -0.7745966692414834
        0.4459484909159649        0.4459484909159649       -0.7745966692414834
        0.8168475729804585       0.09157621350977074       -0.7745966692414834
       0.09157621350977074        0.8168475729804585       -0.7745966692414834
       0.09157621350977074       0.09157621350977074       -0.7745966692414834
        0.1081030181680702        0.4459484909159649                         0
        0.4459484909159649        0.1081030181680702                         0
        0.4459484909159649        0.4459484909159649                         0
        0.8168475729804585       0.09157621350977074                         0
       0.09157621350977074        0.8168475729804585                         0
       0.09157621350977074       0.09157621350977074                         0
        0.1081030181680702        0.4459484909159649        0.7745966692414834
        0.4459484909159649        0.1081030181680702        0.7745966692414834
        0.4459484909159649        0.4459484909159649        0.7745966692414834
        0.8168475729804585       0.09157621350977074        0.7745966692414834
       0.09157621350977074        0.8168475729804585        0.7745966692414834
       0.09157621350977074       0.09157621350977074        0.7745966692414834
