        0.7974269853530873        0.1012865073234563       -0.7745966692414834
        0.1012865073234563        0.7974269853530873       -0.7745966692414834
        0.1012865073234563        0.1012865073234563       -0.7745966692414834
       0.05971587178976982        0.4701420641051151       -0.7745966692414834
        0.4701420641051151       0.05971587178976982       -0.7745966692414834
        0.4701420641051151        0.4701420641051151       -0.7745966692414834
        0.3333333333333333        0.3333333333333333       -0.7745966692414834
        0.7974269853530873        0.1012865073234563                         0
        0.1012865073234563        0.7974269853530873                         0
        0.1012865073234563        0.1012865073234563                         0
       0.05971587178976982        0.4701420641051151                         0
        0.4701420641051151       0.05971587178976982                         0
        0.4701420641051151        0.4701420641051151                         0
        0.3333333333333333        0.3333333333333333                         0
        0.7974269853530873        0.1012865073234563        0.7745966692414834
        0.1012865073234563        0.7974269853530873        0.7745966692414834
        0.1012865073234563        0.1012865073234563        0.7745966692414834
       0.05971587178976982        0.4701420641051151        0.7745966692414834
        0.4701420641051151       0.05971587178976982        0.7745966692414834
        0.4701420641051151        0.4701420641051151        0.7745966692414834
        0.3333333333333333        0.3333333333333333        0.7745966692414834
