        0.8738219710169955       0.06308901449150223       -0.8611363115940526
       0.06308901449150223        0.8738219710169955       -0.8611363115940526
       0.06308901449150223       0.06308901449150223       -0.8611363115940526
        0.5014265096581791        0.2492867451709104       -0.8611363115940526
        0.2492867451709104        0.5014265096581791       -0.8611363115940526
        0.2492867451709104        0.2492867451709104       -0.8611363115940526
       0.05314504984481695        0.3103524510337844       -0.8611363115940526
        0.3103524510337844       0.05314504984481695       -0.8611363115940526
       0.05314504984481695        0.6365024991213987       -0.8611363115940526
        0.3103524510337844        0.6365024991213987       -0.8611363115940526
        0.6365024991213987       0.05314504984481695       -0.8611363115940526
        0.6365024991213987        0.3103524510337844       -0.8611363115940526
        0.8738219710169955       0.06308901449150223       -0.3399810435848563
       0.06308901449150223        0.8738219710169955       -0.3399810435848563
       0.06308901449150223       0.06308901449150223       -0.3399810435848563
        0.5014265096581791        0.2492867451709104       -0.3399810435848563
        0.2492867451709104        0.5014265096581791       -0.3399810435848563
        0.2492867451709104        0.2492867451709104       -0.3399810435848563
       0.05314504984481695        0.3103524510337844       -0.3399810435848563
        0.3103524510337844       0.05314504984481695       -0.3399810435848563
       0.05314504984481695        0.6365024991213987       -0.3399810435848563
        0.3103524510337844        0.6365024991213987       -0.3399810435848563
        0.6365024991213987       0.05314504984481695       -0.3399810435848563
        0.6365024991213987        0.3103524510337844       -0.3399810435848563
        0.8738219710169955       0.06308901449150223        0.3399810435848563
       0.06308901449150223        0.8738219710169955        0.3399810435848563
       0.06308901449150223       0.06308901449150223        0.3399810435848563
        0.5014265096581791        0.2492867451709104        0.3399810435848563
        0.2492867451709104        0.5014265096581791        0.3399810435848563
        0.2492867451709104        0.2492867451709104        0.3399810435848563
       0.05314504984481695        0.3103524510337844        0.3399810435848563
        0.3103524510337844       0.05314504984481695        0.3399810435848563
       0.05314504984481695        0.6365024991213987        0.3399810435848563
        0.3103524510337844        0.6365024991213987        0.3399810435848563
        0.6365024991213987       0.05314504984481695        0.3399810435848563
        0.6365024991213987        0.3103524510337844        0.3399810435848563
        0.8738219710169955       0.06308901449150223        0.8611363115940526
       0.06308901449150223        0.8738219710169955        0.8611363115940526
       0.06308901449150223       0.06308901449150223        0.8611363115940526
        0.5014265096581791        0.2492867451709104        0.8611363115940526
        0.2492867451709104        0.5014265096581791        0.8611363115940526
        0.2492867451709104        0.2492867451709104        0.8611363115940526
       0.05314504984481695        0.3103524510337844        0.8611363115940526
        0.3103524510337844       0.05314504984481695        0.8611363115940526
       0.05314504984481695        0.6365024991213987        0.8611363115940526
        0.3103524510337844        0.6365024991213987        0.8611363115940526
        0.6365024991213987       0.05314504984481695        0.8611363115940526
        0.6365024991213987        0.3103524510337844        0.8611363115940526
