      0.008843323515718321
      0.008843323515718321
      0.008843323515718321
       0.02031233592848985
       0.02031233592848985
       0.02031233592848985
       0.01441007403935042
       0.01441007403935042
       0.01441007403935042
       0.01441007403935042
       0.01441007403935042
       0.01441007403935042
       0.01657912966938509
       0.01657912966938509
       0.01657912966938509
       0.03808080193469984
       0.03808080193469984
       0.03808080193469984
       0.02701546376983637
       0.02701546376983637
       0.02701546376983637
       0.02701546376983637
       0.02701546376983637
       0.02701546376983637
       0.01657912966938509
       0.01657912966938509
       0.01657912966938509
       0.03808080193469984
       0.03808080193469984
       0.03808080193469984
       0.02701546376983637
       0.02701546376983637
       0.02701546376983637
       0.02701546376983637
       0.02701546376983637
       0.02701546376983637
      0.008843323515718321
      0.008843323515718321
      0.008843323515718321
       0.02031233592848985
       0.02031233592848985
       0.02031233592848985
       0.01441007403935042
       0.01441007403935042
       0.01441007403935042
       0.01441007403935042
       0.01441007403935042
       0.01441007403935042
