       0.03498310570689643
       0.03498310570689643
       0.03498310570689643
       0.03677615355236283
       0.03677615355236283
       0.03677615355236283
                    0.0625
       0.05597296913103428
       0.05597296913103428
       0.05597296913103428
       0.05884184568378053
       0.05884184568378053
       0.05884184568378053
       0.09999999999999999
       0.03498310570689643
       0.03498310570689643
       0.03498310570689643
       0.03677615355236283
       0.03677615355236283
       0.03677615355236283
                    0.0625
