        0.2184182969823758        0.9563175765089297        0.8295092339327006
        0.5616954427668942        0.4153070814759612       0.06611873491603133
        0.2575777923820449        0.1099567935324706        0.0438289977791071
        0.6339657123024125       0.06172722906560182        0.4495389603071763
        0.4013062814976167        0.7546734864214102        0.7972869541062562
        0.0018383711584052        0.8975040608997311        0.3507523379805466
        0.0945447502116802       0.01361689158346195        0.8590968552798568
        0.8408474506556681        0.1231039157645542      0.007512364073964213
        0.2603029977673649        0.9124837069814328        0.1136640464424993
        0.3516286599038961        0.8228873166859196        0.2671322702601793
        0.6920664997834797        0.5616624748790617        0.8612157906236098
        0.4537937750119505        0.9119770283850847        0.5979168771440819
        0.1889546910149678        0.7614920561551927        0.3969884758591598
        0.1853141170760189        0.5743658610197061        0.3670266677278201
         0.617204827045669        0.3615287040921618        0.2129299976810783
        0.7144712147458844        0.1177068679148165         0.299329148729052
        0.8250029546820958        0.8246600738406097       0.06186177071875404
        0.7107805249421908       0.08828333396384311        0.7779940085903767
        0.7453030686177408        0.3086749195464353         0.899373090731644
        0.7635367245771861        0.7617306460977465        0.4069696405720143
        0.9387494548374502        0.5620882858049001       0.01782002161061394
        0.5011032253710094         0.041909255104679        0.3688505815002322
        0.2717236016136234        0.8585725611826639       0.02903655871085131
       0.01744227903683909        0.1523837876203984        0.1143186712178216
         0.353907259327262        0.1193078272537253        0.2066527591940145
        0.2129239571228569        0.6129475527179743        0.8095190747258053
        0.5870896347428397        0.2154916437301155         0.768056363184468
        0.7232967226958407        0.4480189906420346        0.8551761180899287
        0.9450174960484246        0.9090569241931717         0.519725721078372
        0.0301946252709124         0.481066954986442        0.2923128838926452
        0.9026398429648589        0.6678415111229472        0.4122780358258378
        0.1569484905987781        0.8332816328568505        0.9644041642803165
        0.7407899148095486        0.4560988612493492        0.6535614224055213
        0.4068269493806695        0.5405386018004579        0.8322809397885291
        0.1457557641571545        0.7171283185648915        0.7756507562881931
        0.3622616237593805        0.5311108452598133        0.3799767528366786
        0.2692852631391775        0.8774178190054183          0.76128480242332
        0.9136750040622924        0.1357940855065367        0.2911952288160972
        0.1182109704729222        0.7717808432338278        0.3206329156105816
        0.8774129514479799        0.6794757645588623        0.9491755435436885
        0.7933611807895036       0.02136623301494135        0.1022783010689005
        0.9914061556938228        0.5632596255743001        0.7045275269191091
        0.9941455544351858        0.6043342740907477       0.04614517932800317
          0.56202900665734       0.02151538851627919        0.6091348121595044
        0.7287885051435686        0.7484065944624934        0.4696337950492273
         0.135193808991401        0.2023478384033828        0.8601202251215569
       0.04062438105978978        0.7739725078857689        0.1559407227385157
        0.8957272045287272        0.4871273089348849        0.1486817007566933
        0.8933447495997329        0.4452073152152549        0.5993472177215894
         0.228688778450138        0.5722996143193111        0.6396183723430686
       0.06598453738657056      0.002119914629440575        0.6294051788552011
        0.4128415777189864         0.628397089222989        0.4698791282328854
        0.2585086269440156        0.7544932773657929        0.7685133561871013
        0.4039781183740989        0.6602358718334677        0.5842984907878871
        0.3047351903608964        0.6843446658955755         0.780800314011189
        0.9108782786911478        0.1312307701987938        0.5955548475161411
        0.4903227321034031        0.8541588968398687        0.8485799453930883
       0.08314297444825917        0.3839716256318833        0.4111123356802907
        0.5650261433333988        0.3943915056761754        0.5380362493344806
        0.7752430418913095        0.5098057549689046        0.3053242146366809
        0.5840756695335119        0.5597783678659822        0.1950292201586636
        0.8561033796328403        0.5295022486101283         0.344292860154652
        0.5301009246474188        0.4062410194241405        0.6928138218886595
        0.1219050973225789        0.8589708086855725        0.7223823404128187
       0.07999595909888303        0.4920846458693524        0.4666435627330783
        0.8783592687820988        0.5842311999378755        0.1737778741652516
        0.6847312495145548        0.2781111985661956        0.2149145487651942
       0.06882128727669834        0.6793753204878259        0.2610120415833897
        0.8293831235428198          0.44215811993556        0.3515221491976063
       0.03276187601920599        0.6288502838265001       0.08672082986537866
        0.5169876243259689       0.01100250520266375         0.919104950881992
        0.3969102890006821        0.8712275865359561        0.7220476826840084
        0.4554035106691447        0.9668042202746557       0.07853101383411755
        0.8707495796364019        0.6881857214542931        0.3374210928097242
        0.0363071523756681        0.2143100100522941        0.9083391389834581
        0.4559097007868023        0.4743415282203691        0.2580652205407678
        0.3021618576105268        0.4343411281635551        0.9713414301449602
        0.3354173080517894        0.3586967239706019        0.6158400920899736
        0.4244283025042702        0.3664805657812109        0.4388694099099943
       0.07817274661236982        0.8493523834054708       0.06550864924587449
       0.00386793352823215      0.008358812428736737        0.4865604971681755
        0.6222763371429122        0.5983989129450955        0.2905303990736593
         0.944417488685513        0.8247331752121666        0.2904765225283568
       0.03891439178702575       0.03418279906283508        0.5103038793674014
        0.6773009805942543         0.397581448477001        0.1514049056611222
        0.6622495807647617        0.4287045008410277        0.2365460154645763
        0.6288821229513716        0.6218410015810993        0.2817141251870341
        0.7693022683645129        0.6632250848170584        0.8240011086364265
        0.9866335833793483        0.3506367319779893          0.15155466512515
        0.1792568928370892        0.7705980719454809        0.4417958713098041
        0.2632094958021183        0.7619961796680563        0.8697923569805911
        0.6001445443984661        0.6293582374034534        0.6238965981421879
        0.8301255291961263        0.9197699356896386         0.573309951698558
         0.620358706242423        0.3687763667325369       0.02439600090572174
       0.02358724410688204        0.4308117252690613        0.6526669792731687
        0.3739212231391742        0.4939976317984989        0.6181980755869873
       0.05505693892427535        0.3419725491214584        0.5326333877035684
        0.9693476063476263        0.8252207444662596        0.4850529764918938
        0.2853763295584488        0.3199711420031736        0.7549839311602543
       0.01493168017512146        0.9567487164625421       0.07567843471984378
