15 January 2016 07:13:18 PM

BESSELJ_PRB_PRB:
  C++ version,
  Test the BESSELJ_PRB library.

RJBESL_TEST:
  RJBESL computes the Bessel Jn function for NONINTEGER order.

         ORDER             X                       FX                         FX
                                                 exact                  computed

           0.5           0.2        0.3544507442114011         0.354450744211401
           0.5             1        0.6713967071418031         0.671396707141803
           0.5             2        0.5130161365618278        0.5130161365618278
           0.5           2.5        0.3020049060623657        0.3020049060623656
           0.5             3       0.06500818287737578        0.0650081828773757
           0.5             5       -0.3421679847981618       -0.3421679847981616
           0.5            10       -0.1372637357550505       -0.1372637357550504
           0.5            20        0.1628807638550299        0.1628807638550299
           1.5             1         0.240297839123427         0.240297839123427
           1.5             2        0.4912937786871623        0.4912937786871623
           1.5             5       -0.1696513061447408       -0.1696513061447407
           1.5            10        0.1979824927558931        0.1979824927558931
           1.5            50        -0.109476872988318        -0.109476872988318
           2.5             1       0.04949681022847794       0.04949681022847794
           2.5             2        0.2239245314689158        0.2239245314689158
           2.5             5        0.2403772011113174        0.2403772011113172
           2.5            10        0.1966584835818184        0.1966584835818184
           2.5            50       0.02303721950962553       0.02303721950962553
          1.25             1        0.3314145508558904        0.3314145508558904
          1.25             2         0.546173424040284         0.546173424040284
          1.25             5       -0.2616584152094124       -0.2616584152094124
          1.25            10        0.1296035513791289        0.1296035513791289
          1.25            50       -0.1117432171933552       -0.1117432171933552
          2.75             1       0.03142623570527935       0.03142623570527934
          2.75             2        0.1717922192746527        0.1717922192746527
          2.75             5        0.3126634069544786        0.3126634069544785
          2.75            10        0.1340289119304364        0.1340289119304366
          2.75            50       0.06235967135106445       0.06235967135106443

BESSELJ_PRB_PRB:
  Normal end of execution.

15 January 2016 07:13:18 PM
