                0.01171875                0.33203125
                0.51171875                0.83203125
                0.76171875                0.08203125
                0.26171875                0.58203125
                0.38671875                0.20703125
                0.88671875                0.70703125
                0.63671875                0.45703125
                0.13671875                0.95703125
                0.19921875                0.01953125
                0.69921875                0.51953125
                0.94921875                0.26953125
                0.44921875                0.76953125
                0.32421875                0.39453125
                0.82421875                0.89453125
                0.57421875                0.14453125
                0.07421875                0.64453125
                0.10546875                0.17578125
                0.60546875                0.67578125
                0.85546875                0.42578125
                0.35546875                0.92578125
                0.48046875                0.30078125
                0.98046875                0.80078125
                0.73046875                0.05078125
                0.23046875                0.55078125
                0.16796875                0.48828125
                0.66796875                0.98828125
                0.91796875                0.23828125
                0.41796875                0.73828125
                0.29296875                0.11328125
                0.79296875                0.61328125
                0.54296875                0.36328125
                0.04296875                0.86328125
                0.05859375                0.06640625
                0.55859375                0.56640625
                0.80859375                0.31640625
                0.30859375                0.81640625
                0.43359375                0.44140625
                0.93359375                0.94140625
                0.68359375                0.19140625
                0.18359375                0.69140625
                0.24609375                0.25390625
                0.74609375                0.75390625
                0.99609375                0.00390625
                0.49609375                0.50390625
                0.37109375                0.12890625
                0.87109375                0.62890625
                0.62109375                0.37890625
                0.12109375                0.87890625
                0.08984375                0.41015625
                0.58984375                0.91015625
                0.83984375                0.16015625
                0.33984375                0.66015625
                0.46484375                0.03515625
                0.96484375                0.53515625
                0.71484375                0.28515625
                0.21484375                0.78515625
                0.15234375                0.22265625
                0.65234375                0.72265625
                0.90234375                0.47265625
                0.40234375                0.97265625
                0.27734375                0.34765625
                0.77734375                0.84765625
                0.52734375                0.09765625
                0.02734375                0.59765625
                0.01953125                0.19921875
                0.51953125                0.69921875
                0.76953125                0.44921875
                0.26953125                0.94921875
                0.39453125                0.32421875
                0.89453125                0.82421875
                0.64453125                0.07421875
                0.14453125                0.57421875
                0.20703125                0.38671875
                0.70703125                0.88671875
                0.95703125                0.13671875
                0.45703125                0.63671875
                0.33203125                0.01171875
                0.83203125                0.51171875
                0.58203125                0.26171875
                0.08203125                0.76171875
                0.11328125                0.29296875
                0.61328125                0.79296875
                0.86328125                0.04296875
                0.36328125                0.54296875
                0.48828125                0.16796875
                0.98828125                0.66796875
                0.73828125                0.41796875
                0.23828125                0.91796875
                0.17578125                0.10546875
                0.67578125                0.60546875
                0.92578125                0.35546875
                0.42578125                0.85546875
                0.30078125                0.48046875
                0.80078125                0.98046875
                0.55078125                0.23046875
                0.05078125                0.73046875
                0.03515625                0.46484375
                0.53515625                0.96484375
                0.78515625                0.21484375
                0.28515625                0.71484375
