       263         3       267
       263       262         3
         7         6        36
        20        11        10
        29         2        15
       266       247       246
       242       262       263
        23         7        36
        23         9         7
        31        23        36
        31        37        23
        25        20        10
        21        12        11
        21        11        20
       256       273       260
       256       259       273
       248       263       267
       248       242       263
        74        75        64
       254         4       266
       254       266       246
        77        35        76
       240       262       242
       240       212       233
       240       242       212
        27         9        23
        27        14         9
        27        28        14
        27        23        37
        32        39        28
        32        28        27
        32        37        38
        32        27        37
        43        31        36
        43        65        31
        57        38        37
        57        37        31
        47        65        43
        55        97        47
        55        47        42
       220       184       233
       220       233       212
        40        64        75
        40        21        20
        24        28        39
        54        35        13
        54        76        35
       118       130        96
       118       129       130
        98        47        97
        98        65        47
       213       180       170
       120       119       135
       120        97        55
       120        55       119
       257       270       265
       210       238       244
       243       229       236
       234       242       248
       234       221       212
       234       212       242
       234       248       255
       268       269       255
       268       248       267
       268       255       248
        84        67        59
        73        45        44
       115       127       116
       140       127       134
       125       134       127
       125       127       115
       125       115       108
       133       134       125
       274         4       254
       274       254       272
        26        43        36
        26        36         6
        26         6         5
        48        31        65
        48        57        31
        48        81        49
        48        49        57
        46       119        55
        46        55        42
        46        42        22
        34        64        40
        34        20        25
        34        40        20
        33        24        39
        33        25        24
        33        45        34
        33        34        25
        19        14        28
        19        28        24
        29        13         2
        29        54        13
        29        15        12
        29        12        21
        41        40        75
        41        21        40
        41        29        21
        41        54        29
        93        75        94
        93        94        76
        93        41        75
        93        76        54
        93        54        41
        95        77        76
        95        76        94
        95        96        77
        95       118        96
        95       116       118
        95        94       116
       214       213       221
       159       152       176
       121       110       137
        82        49        81
       109        98        97
       109        97       120
       109       120       136
       181       164       186
       197       186       180
       197       180       213
       197       214       222
       197       213       214
       185       213       170
       185       221       213
       185       212       221
       185       220       212
       141       136       120
       141       135       178
       141       120       135
       131       137       110
       171       170       180
       245       244       257
       245       210       244
       237       243       256
       237       244       238
       237       238       218
       252       270       257
       252       260       270
       252       256       260
       252       237       256
       252       257       244
       252       244       237
       226       216       229
       208       218       238
       208       238       210
        63        87        88
       105       103       104
        53        74        64
        53        45        73
        53        34        45
        53        64        34
        92       116        94
        92       115       116
        92        75        74
        92        94        75
       117       127       140
       117       129       118
       117       116       127
       117       118       116
       126       140       152
       126       152       159
       126       129       117
       126       117       140
       124       138       133
       124       133       125
       124       132       138
       124       125       108
       149       152       140
       149       140       134
       145       130       129
       239       246       247
       239       231       246
        30        22        42
        30        43        26
        30        16        22
        30        42        47
        30        47        43
        50        59        60
        50        60        38
        50        38        57
        50        57        49
        52        44        45
        52        45        33
        52        39        62
        52        33        39
         8        24        25
         8        19        24
         8        25        10
       251       235       241
       251       250       259
       251       241       250
       251       236       235
       251       243       236
       251       259       256
       251       256       243
       227       221       234
       227       214       221
       227       234       255
       228       241       235
       228       227       241
       228       214       227
       228       222       214
       264       273       259
       264       259       250
       249       250       241
       249       227       255
       249       241       227
       249       255       269
       249       269       264
       249       264       250
       173       166       165
       173       174       166
       196       159       176
       189       188       199
       198       199       188
       198       186       197
       198       222       199
       198       197       222
       200       190       189
       200       189       199
       102        83        82
        58        49        82
        58        83        66
        58        82        83
        58        66        84
        58        84        59
        58        59        50
        58        50        49
        78        98       109
        56        79        81
        56        81        48
        56        98        78
        56        78        79
        56        65        98
        56        48        65
       100       101        79
       100       110       121
       100        78       110
       100        79        78
       153       136       141
       153       170       171
       144       137       131
       160       153       171
       160       142       136
       160       136       153
       161       162       155
       219       245       231
       219       210       245
       219       195       210
       219       196       195
       258       245       257
       258       257       265
       230       237       218
       230       226       229
       230       229       243
       230       243       237
       206       230       218
       206       226       230
       206       205       217
       206       217       226
       123       108       114
       123       124       108
       123       132       124
       106       114       107
       106       105       104
       113       114       106
        86        71        70
        86        70        69
        72        70        71
        72        71        87
        72        87        63
        72        63        44
        72        44        52
        72        62        70
        72        52        62
        68        59        67
        68        60        59
        89       105        73
        89       103       105
        89        88       103
        89        63        88
        89        73        44
        89        44        63
        90        73       105
        90        53        73
        90       106       107
        90       105       106
        90       107        74
        90        74        53
        91       108       115
        91       115        92
        91       107       114
        91       114       108
        91        74       107
        91        92        74
       177       126       159
       158       176       152
       158       151       157
       158       152       149
       158       149       151
       148       134       133
       148       149       134
       148       151       149
       148       150       151
       156       157       151
       156       151       150
       156       163       157
       232       239       247
        17        16        30
        17        30        26
        17         1        16
        17        18         1
        17         5        18
        17        26         5
       167       176       158
       167       158       157
       167       165       166
       167       163       165
       167       157       163
       175       195       196
       175       196       176
       175       174       195
       175       166       174
       175       176       167
       175       167       166
       183       174       173
       201       224       202
       201       190       200
       201       200       224
       215       202       224
       215       216       203
       215       203       202
       215       236       229
       215       229       216
       204       203       216
       204       226       217
       204       216       226
       187       198       188
       187       181       186
       187       186       198
       225       224       200
       225       235       236
       225       236       215
       225       215       224
       223       228       235
       223       235       225
       223       225       200
       223       222       228
       223       199       222
       223       200       199
        80        79       101
        80       101       102
        80        81        79
        80        82        81
        80       102        82
        99       110        78
        99        78       109
        99       131       110
        99       142       131
        99       136       142
        99       109       136
       111       101       100
       111       100       121
       169       153       141
       169       184       220
       169       220       185
       169       178       184
       169       141       178
       169       185       170
       169       170       153
       143       131       142
       143       144       131
       172       164       162
       172       162       161
       172       186       164
       172       180       186
       172       171       180
       172       161       171
       271       258       265
       261       272       254
       261       271       272
       261       258       271
       261       254       246
       194       182       193
       194       183       182
       194       174       183
       207       205       206
       207       208       193
       207       218       208
       207       206       218
       112       106       104
       112       113       106
       122       123       114
       122       114       113
       122       132       123
        85        68        67
        61        60        68
        61        70        62
        61        69        70
        61        85        69
        61        68        85
       179       231       239
       179       219       231
       179       196       219
       179       159       196
       179       177       159
       128       129       126
       128       126       177
       128       145       129
       128       168       145
       139       133       138
       139       148       133
       192       193       182
       146       144       143
       154       142       160
       154       143       142
       154       160       171
       154       171       161
       154       161       155
       154       155       146
       154       146       143
       253       245       258
       253       258       261
       253       231       245
       253       246       231
       253       261       246
       209       193       208
       209       194       193
       209       210       195
       209       208       210
       209       195       174
       209       174       194
        51        61        62
        51        60        61
        51        39        32
        51        62        39
        51        32        38
        51        38        60
       211       179       239
       211       177       179
       211       239       232
       211       232       168
       211       168       128
       211       128       177
       147       150       148
       147       148       139
       191       207       193
       191       193       192
       191       205       207
