        18        17         6       102       103       104
        29        18        17       105       102       106
        29        16        28       107       108       109
        29        16        17       107       110       106
         4        71        60       111       112       113
       100        97        91       114       115       116
       101        99         3       117       118       119
        23        11        10       120       121       122
        23        24        35       123       124       125
         8         7         1       126       127       128
        44        55        43       129       130       131
        30        29        18       132       105       133
        75        64        65       134       135       136
        63        64        65       137       135       138
        63        74        62       139       140       141
        63        64        74       137       142       139
        66        54        65       143       144       145
        66        75         5       146       147       148
        66        75        65       146       136       145
        53        54        42       149       150       151
        53        54        65       149       144       152
        41        29        28       153       109       154
        41        40        28       155       156       154
        41        30        29       157       132       153
        41        53        40       158       159       155
        41        30        42       157       160       161
        41        53        42       158       151       161
        70        71        80       162       163       164
        93        99         3       165       118       166
        73        74        62       167       140       168
        27        16        28       169       108       170
        27        16        15       169       171       172
        27        14        15       173       174       172
        27        14        26       173       175       176
        51        50        38       177       178       179
        51        50        62       177       180       181
        51        63        62       182       141       181
        98        85        91       183       184       185
        98        97        91       186       115       185
        98       101        97       187       188       186
        98       101        99       187       117       189
        56        55        67       190       191       192
        56        44        57       193       194       195
        56        44        55       193       129       190
        90        85        91       196       184       197
        90        85        84       196       198       199
        95        89        94       200       201       202
        12        23        11       203       120       204
        12        23        24       203       123       205
        37        26        38       206       207       208
        22        23        10       209       122       210
        22        23        35       209       125       211
        20        19         7       212       213       214
        20         8         7       215       126       214
        45        46        57       216       217       218
        45        44        57       219       194       218
        52        53        40       220       159       221
        52        51        40       222       223       221
        52        51        63       222       182       224
        52        63        65       224       138       225
        52        53        65       220       152       225
        58        46        57       226       217       227
        58        70        71       228       162       229
        79        85        84       230       198       231
        79        70        80       232       164       233
        59        47        46       234       235       236
        59        58        46       237       226       236
        59        71        60       238       112       239
        59        58        71       237       229       238
        72        81        80       240       241       242
        72        71        80       243       163       242
        72         4        71       244       111       243
        39        51        38       245       179       246
        39        51        40       245       223       247
        39        26        38       248       207       246
        39        27        26       249       176       248
        39        40        28       247       156       250
        39        27        28       249       170       250
        69        58        70       251       228       252
        69        56        57       253       195       254
        69        58        57       251       227       254
        82        76        77       255       256       257
        96        90        91       258       197       259
        96        90        89       258       260       261
        96       100        91       262       116       259
        96        95       100       263       264       262
        96        95        89       263       200       261
        83        90        89       265       260       266
        83        82        77       267       257       268
        83        77        84       268       269       270
        83        90        84       265       199       270
         2        95        94       271       202       272
        25        37        26       273       206       274
        25        14        13       275       276       277
        25        14        26       275       175       274
        25        37        24       273       278       279
        25        12        13       280       281       277
        25        12        24       280       205       279
        36        47        35       282       283       284
        36        24        35       285       124       284
        36        37        24       286       278       285
        21         9        10       287       288       289
        21        22        10       290       210       289
        21         8         9       291       292       287
        21        20         8       293       215       291
        21        22        33       290       294       295
        21        20        33       293       296       295
        34        47        46       297       235       298
        34        45        46       299       216       298
        34        45        33       299       300       301
        34        47        35       297       283       302
        34        22        35       303       211       302
        34        22        33       303       294       301
        32        45        33       304       300       305
        32        20        33       306       296       305
        32        20        19       306       212       307
        32        45        44       304       219       308
        86        81        80       309       241       310
        86        87        81       311       312       309
        86        79        80       313       233       310
        86        79        85       313       230       314
        68        69        56       315       253       316
        68        56        67       316       192       317
        68        76        67       318       319       317
        68        76        77       318       256       320
        78        77        84       321       269       322
        78        69        70       323       252       324
        78        68        77       325       320       321
        78        68        69       325       315       323
        78        79        84       326       231       322
        78        79        70       326       232       324
        88        83        89       327       266       328
        88        83        82       327       267       329
        88        89        94       328       201       330
        61         4        60       331       113       332
        61        73         4       333       334       331
        61        50        62       335       180       336
        61        73        62       333       168       336
        48        36        47       337       282       338
        48        59        60       339       239       340
        48        59        47       339       234       338
        48        61        60       341       332       340
        31        44        43       342       131       343
        31        32        44       344       308       342
        31        32        19       344       307       345
        92        86        87       346       311       347
        92        98        99       348       189       349
        92        98        85       348       183       350
        92        86        85       346       314       350
        92        93        99       351       165       349
        92        87        93       347       352       351
        49        36        37       353       286       354
        49        48        36       355       337       353
        49        50        38       356       178       357
        49        37        38       354       208       357
        49        61        50       358       335       356
        49        48        61       355       341       358
