        0.9876543209876543        0.7654320987654321        0.2098765432098765
      0.004115226337448559        0.4609053497942386        0.5843621399176955
        0.3374485596707819         0.794238683127572        0.9176954732510287
        0.6707818930041153        0.1275720164609054        0.2510288065843621
        0.1152263374485597        0.9053497942386831       0.02880658436213991
         0.448559670781893        0.2386831275720165        0.3621399176954732
        0.7818930041152262        0.5720164609053499        0.6954732510288065
        0.2263374485596708       0.01646090534979424        0.8065843621399176
        0.5596707818930041        0.3497942386831275         0.139917695473251
        0.8930041152263374        0.6831275720164608        0.4732510288065843
        0.0411522633744856         0.720164609053498        0.7325102880658436
        0.3744855967078189       0.05349794238683128       0.06584362139917695
        0.7078189300411523        0.3868312757201646        0.3991769547325102
        0.1522633744855967        0.1646090534979424        0.5102880658436214
        0.4855967078189301        0.4979423868312757        0.8436213991769546
        0.8189300411522634        0.8312757201646089        0.1769547325102881
        0.2633744855967078        0.6090534979423868        0.2880658436213991
        0.5967078189300411        0.9423868312757201        0.6213991769547325
        0.9300411522633745        0.2757201646090535        0.9547325102880657
       0.07818930041152264        0.3127572016460905        0.2139917695473251
        0.4115226337448559        0.6460905349794238        0.5473251028806584
        0.7448559670781894        0.9794238683127571        0.8806584362139916
        0.1893004115226337        0.4238683127572016        0.9917695473251028
         0.522633744855967         0.757201646090535        0.3251028806584362
        0.8559670781893004        0.0905349794238683        0.6584362139917695
