        0.3333333333333333        0.3333333333333333
       0.02063496160252593         0.489682519198737
         0.489682519198737         0.489682519198737
         0.489682519198737       0.02063496160252593
         0.125820817014129        0.4370895914929355
        0.4370895914929355        0.4370895914929354
        0.4370895914929354         0.125820817014129
        0.6235929287619356        0.1882035356190322
        0.1882035356190322        0.1882035356190322
        0.1882035356190322        0.6235929287619356
        0.9105409732110941       0.04472951339445297
       0.04472951339445297       0.04472951339445297
       0.04472951339445297        0.9105409732110941
       0.03683841205473626         0.741198598784498
         0.741198598784498        0.2219629891607657
        0.2219629891607657       0.03683841205473626
         0.741198598784498       0.03683841205473626
        0.2219629891607657         0.741198598784498
       0.03683841205473626        0.2219629891607657
