        0.0971357962827961
       0.03133470022713983
       0.03133470022713983
       0.03133470022713983
       0.07782754100477543
       0.07782754100477543
       0.07782754100477543
        0.0796477389272091
        0.0796477389272091
        0.0796477389272091
        0.0255776756586981
        0.0255776756586981
        0.0255776756586981
        0.0432835393772894
        0.0432835393772894
        0.0432835393772894
        0.0432835393772894
        0.0432835393772894
        0.0432835393772894
