     0        0.473569        0.125803        0.218188        0.465679       -0.352775      -0.0981816
     1        0.590351       -0.298433       -0.120479       -0.340476       -0.117237        0.547879
     2          0.5289        0.683533        0.382673       0.0188535       0.0351729        0.748299
     3        0.386724        0.267642       -0.167799       0.0755406      -0.0923927       -0.190639
     4          0.4991        0.299256       -0.512698        0.224916       0.0324283        0.337171
     5        0.502605       -0.695949       -0.280794       -0.523252       -0.283526       -0.114288
     6        0.671928      -0.0377047       -0.679037       -0.226982       -0.258299        0.207532
     7        0.496826        0.156083       0.0691417       0.0450121       0.0624271        0.182882
     8        0.374111        0.231668        0.346207       -0.195507       -0.103612        0.818219
     9        0.591419       -0.480476        0.719388        0.159911       -0.164367       -0.330694
    10        0.494548     -0.00440347       -0.187827       -0.342071       0.0461462       -0.190716
    11        0.713899        0.504275       -0.597048       -0.284751       0.0190218       -0.239783
    12        0.599188        0.329563        0.224089       0.0891106        0.155921      -0.0897872
    13        0.648071        -0.15333               1       -0.431518        0.539331      -0.0955439
    14         0.85318       -0.483176         0.81685       -0.418712       -0.203906       -0.341372
    15         0.46385       0.0391536       -0.554811       -0.350932        0.320886        0.179324
    16        0.750584       -0.249935       -0.457685        -0.61256       -0.180448       -0.270993
    17        0.367897        0.183564       -0.471824        0.502555        0.205882       -0.218555
    18        0.745481        0.226778       -0.818862      -0.0223386        0.579367       -0.183205
    19         0.89936      -0.0672176       -0.245858       -0.131592        0.293859        0.171385
    20        0.427707        0.613583        0.843143       -0.175407       -0.352377       0.0778399
    21        0.547825        0.311015       -0.721298       0.0896239        0.158958      -0.0223434
    22        0.466927       0.0810221       -0.328277       -0.128751      -0.0624579       -0.104581
    23        0.438837        0.073217        0.120037        0.612398       -0.359669       -0.196078
    24        0.487509        0.297529       -0.523909       -0.284549     -0.00156251        -0.18551
    25        0.716695       -0.826616       -0.115067        0.046662       -0.361108       0.0730326
    26        0.866281        0.233956        0.754701     -0.00794011       -0.440693       -0.302011
    27        0.558253        0.927891        0.614839       -0.456761        0.173519       -0.280372
    28        0.391786      -0.0604899       0.0573151               1        0.351652       0.0431238
    29        0.781834       -0.860852        0.217757        0.657533        0.415415       -0.265293
    30        0.655302        0.191082        0.342635       -0.585522        0.604726       -0.121435
    31         0.67027        -0.75515       -0.183326     -0.00800467        0.429281      -0.0260672
    32        0.387692      0.00969802       0.0943467        0.449991        0.323437        0.239097
    33        0.773442       -0.385291       -0.514247       -0.663374      -0.0251507         0.45094
    34        0.566219        0.102068       -0.413537       -0.279881       -0.200962      -0.0810966
    35        0.604005         0.69973        -0.52378        0.241612        -0.34621       -0.195479
    36               1        -0.54219      -0.0452439        0.295736        0.317773       -0.123191
    37        0.708683       -0.284297       -0.186399       -0.215443       -0.112717       -0.154938
    38        0.665098       -0.208314       -0.302727        0.243664        -0.19732     -0.00598505
    39        0.700243        0.215833        0.630069       -0.504007        0.898006       -0.275431
    40        0.648962        0.710892        0.239279        0.111439        0.211575       -0.377582
    41        0.607118       0.0227234       -0.197745       -0.358291       -0.375877        0.340103
    42         0.59491       0.0156143       -0.157558       -0.170903       -0.483911       -0.262303
    43        0.681509               1      -0.0497233        -0.11591        0.334454          0.3176
    44        0.766419        0.541765      0.00834104       -0.333319    -0.000232323        0.254913
    45        0.489167        0.216845       -0.536007        0.175406      -0.0370463       0.0255578
    46        0.720769        -0.13695       -0.715061       -0.131007       -0.230787       -0.121746
    47        0.345459       0.0283952        0.361738        0.649709       -0.419111      -0.0450232
    48        0.570769        0.110028       -0.113352     -0.00996474       -0.197219       -0.112817
    49        0.508912        0.141831      -0.0908362        0.699003        0.315777        0.226575
    50        0.714843      -0.0391351         0.38676        0.268635       -0.244538       -0.205049
    51        0.535601       -0.598619        0.514967       -0.531115        0.193971        0.223289
    52        0.553361       -0.185167        0.119457       -0.399535       0.0448017        -0.13238
    53        0.575535      0.00624149      -0.0543931         -0.1637       -0.487709       -0.184994
    54          0.4681        0.183897        0.237721      -0.0346269       -0.266751      -0.0938505
    55        0.541926        0.399432         0.10087        0.849632       -0.185123        -0.10423
    56        0.774072       -0.409382       -0.684685       -0.227232        0.341184       -0.239997
    57         0.40315        0.124429        0.249319         0.30084       -0.131321        -0.29209
    58        0.470836          0.1456       -0.282884        0.299596       -0.242053        0.113344
    59        0.536741       -0.568943       -0.125161        0.172661      -0.0362682        0.218746
    60        0.346699        0.525873        0.144036       0.0628594               1       -0.154823
    61        0.309038        0.212596       -0.137776      -0.0850795        0.293223      -0.0778698
    62        0.391834        0.426749        0.605103      -0.0792943       -0.540629         0.24048
    63        0.461369       -0.436649      -0.0678369        0.343139        0.264425          0.1566
    64        0.695185       -0.404633        0.450051       0.0831753       -0.172513        0.082479
    65        0.634613          0.6814       -0.123339        0.256605        0.117523        0.545106
    66        0.548464        -0.14302         0.28902       -0.203972        -0.23273       -0.286386
    67        0.488113       -0.209211      -0.0798306        0.796155        0.132282       -0.230481
    68        0.451666       0.0530931        0.802971       -0.192212       -0.444445       -0.026768
    69        0.559788       -0.443554      -0.0981505        -0.19667        -0.25279       0.0158909
    70        0.585741        0.346789        0.127328        -0.23814       -0.632791        0.246641
    71         0.26404      -0.0114826        0.656395       0.0202191        0.604953      0.00963498
    72        0.528344       -0.328643        0.254439       -0.032975        0.249176        0.108275
    73        0.384486        0.224904        0.298496      -0.0273033        0.315746        -0.18224
    74        0.460157        0.256124        0.171112        0.203305       -0.354698        -0.10162
    75        0.441956        0.408704      -0.0234767       -0.345462         0.31943        0.229266
    76        0.564849       0.0590563         0.84946       -0.062991         -0.1048        0.100483
    77        0.391603      -0.0919858       -0.337442      -0.0204701       0.0173976       -0.128057
    78        0.545497        0.567663       -0.155642        0.122713       -0.584289       -0.141287
    79        0.491119       0.0912346        0.135004        0.181607       -0.175169       -0.245506
    80        0.474594       -0.136529       -0.567592       -0.154569       0.0233582       -0.115548
    81        0.281628       -0.140098       0.0996877        0.367746        0.104561        0.362089
    82        0.275321       -0.190443        0.339547      -0.0723527      -0.0417339        0.055482
    83        0.240345        0.394284        0.223611       -0.155964         0.17478      -0.0731725
    84        0.220002      -0.0282916       0.0416344      -0.0806834       0.0673301       0.0410177
    85        0.362294      -0.0464224       -0.280007        0.126376       0.0281579       -0.137695
    86         0.37564        0.279632       -0.504156       -0.311705       0.0924518        -0.11535
    87        0.439553       -0.362746       -0.175753        0.185204      -0.0393326        0.706423
    88        0.267839       -0.181768         0.22213        0.477682        -0.31849       -0.145994
    89        0.195208      0.00912005        0.196434       -0.102472        0.294597       0.0468297
    90        0.280504       -0.374405        0.012606       0.0934802      -0.0511421       -0.112734
    91        0.305867        0.124643       -0.387079       -0.126875      -0.0197803      -0.0113907
    92        0.429432      -0.0322734        -0.17546       -0.320758       -0.233882       0.0335372
    93        0.361408        0.203707       0.0684866       0.0559337       -0.376395        0.117906
    94        0.307613       -0.258644        0.224833       0.0549073       0.0346427       -0.143597
    95         0.40931       -0.397691       0.0591334        0.589974        0.174017       0.0117817
    96        0.292567       -0.192066        0.282147      -0.0890777       -0.301814       -0.128571
    97        0.343216       -0.217227       -0.437472       -0.260277       0.0076269      -0.0519666
    98        0.318374       -0.311159        0.251275       -0.171584        0.356975       0.0509699
    99        0.390925        0.285114      -0.0955664       -0.148092        0.180509      -0.0617458
   100        0.273331        0.136373       -0.291142       -0.109577     -0.00990024      -0.0928467
   101        0.193467        0.314416        0.200978      -0.0534101      -0.0599798        0.397265
   102        0.411979       -0.122685        0.490443       -0.175685        0.158235       0.0432622
   103        0.330843      -0.0180223        -0.34934        0.493989      -0.0210618       0.0736537
   104        0.352221     -0.00861163        0.270571        0.137939       -0.213989      -0.0469734
   105        0.431531       0.0202628       -0.285351       0.0953538       -0.311157        0.067589
   106        0.339581      0.00850359         0.37175        0.418508      -0.0876154        0.399669
   107        0.264429       0.0782064        0.449581        0.189356       0.0458775         0.21651
   108        0.400303      -0.0987241       -0.122139        0.354901        0.144733               1
   109        0.327667      -0.0491939        0.456251        0.230853         0.14107       -0.191418
   110        0.410039       -0.324501       -0.193933      -0.0384806      -0.0597191       0.0361163
   111        0.433081       -0.318176      0.00368275        0.532547        0.241465        0.144636
   112        0.359902       -0.329227        0.218295        -0.19825       -0.144701        0.475555
   113        0.372451        0.102254      -0.0463054      0.00494982       -0.067391       0.0480418
   114        0.276027        0.118132        0.021897       0.0585739        0.197328       -0.149163
   115        0.298215        -0.23612        0.138584       -0.340788    -0.000726343      -0.0948356
   116        0.320677        -0.11776      -0.0246276       0.0351242       0.0675544       -0.139797
   117        0.286283       -0.191851        0.198388      -0.0143972      -0.0366502      -0.0877101
   118        0.315549        0.173234     -0.00432733        0.629701      0.00590328       -0.204222
   119        0.401305       -0.467203      -0.0827781       -0.103947       -0.128405        0.153914
   120        0.422778        0.415423        -0.78022        0.398447       0.0450982        -0.25874
   121        0.430663       -0.211737       0.0232565        0.310358        0.249942        0.137499
   122        0.353143       -0.252185        0.155245        0.202703       0.0872714        0.273993
   123        0.356367        0.159778       -0.127909        0.434352       0.0312394       -0.210152
   124        0.283674        0.304698        0.288306        0.017212       0.0944701       -0.115796
