         1         1               101
         2         2               202
         3         3               303
         4         4               404
         5         5               505
         6         6               606
         7         7               707
         8         8               808
         9         9               909
        10        10              1010
        11        11              1111
        12        12              1212
        13        13              1313
        14        14              1414
        15        15              1515
        16        16              1616
        17        17              1717
        18        18              1818
        19        19              1919
        20        20              2020
        21        21              2121
        22        22              2222
        23        23              2323
        24        24              2424
        25        25              2525
        26        26              2626
        27        27              2727
        28        28              2828
        29        29              2929
        30        30              3030
        31        31              3131
        32        32              3232
        33        33              3333
        34        34              3434
        35        35              3535
        36        36              3636
        37        37              3737
        38        38              3838
        39        39              3939
        40        40              4040
        41        41              4141
        42        42              4242
        43        43              4343
        44        44              4444
        45        45              4545
        46        46              4646
        47        47              4747
        48        48              4848
        49        49              4949
        50        50              5050
        51        51              5151
        52        52              5252
        53        53              5353
        54        54              5454
        55        55              5555
        56        56              5656
        57        57              5757
        58        58              5858
        59        59              5959
        60        60              6060
        61        61              6161
        62        62              6262
        63        63              6363
        64        64              6464
        65        65              6565
        66        66              6666
        67        67              6767
        68        68              6868
        69        69              6969
        70        70              7070
        71        71              7171
        72        72              7272
        73        73              7373
        74        74              7474
        75        75              7575
        76        76              7676
        77        77              7777
        78        78              7878
        79        79              7979
        80        80              8080
        81        81              8181
        82        82              8282
        83        83              8383
        84        84              8484
        85        85              8585
        86        86              8686
        87        87              8787
        88        88              8888
        89        89              8989
        90        90              9090
        91        91              9191
        92        92              9292
        93        93              9393
        94        94              9494
        95        95              9595
        96        96              9696
        97        97              9797
        98        98              9898
        99        99              9999
       100       100             10100
         2         1               201
         3         2               302
         4         3               403
         5         4               504
         6         5               605
         7         6               706
         8         7               807
         9         8               908
        10         9              1009
        11        10              1110
        12        11              1211
        13        12              1312
        14        13              1413
        15        14              1514
        16        15              1615
        17        16              1716
        18        17              1817
        19        18              1918
        20        19              2019
        21        20              2120
        22        21              2221
        23        22              2322
        24        23              2423
        25        24              2524
        26        25              2625
        27        26              2726
        28        27              2827
        29        28              2928
        30        29              3029
        31        30              3130
        32        31              3231
        33        32              3332
        34        33              3433
        35        34              3534
        36        35              3635
        37        36              3736
        38        37              3837
        39        38              3938
        40        39              4039
        41        40              4140
        42        41              4241
        43        42              4342
        44        43              4443
        45        44              4544
        46        45              4645
        47        46              4746
        48        47              4847
        49        48              4948
        50        49              5049
        51        50              5150
        52        51              5251
        53        52              5352
        54        53              5453
        55        54              5554
        56        55              5655
        57        56              5756
        58        57              5857
        59        58              5958
        60        59              6059
        61        60              6160
        62        61              6261
        63        62              6362
        64        63              6463
        65        64              6564
        66        65              6665
        67        66              6766
        68        67              6867
        69        68              6968
        70        69              7069
        71        70              7170
        72        71              7271
        73        72              7372
        74        73              7473
        75        74              7574
        76        75              7675
        77        76              7776
        78        77              7877
        79        78              7978
        80        79              8079
        81        80              8180
        82        81              8281
        83        82              8382
        84        83              8483
        85        84              8584
        86        85              8685
        87        86              8786
        88        87              8887
        89        88              8988
        90        89              9089
        91        90              9190
        92        91              9291
        93        92              9392
        94        93              9493
        95        94              9594
        96        95              9695
        97        96              9796
        98        97              9897
        99        98              9998
       100        99             10099
         1         2               102
         2         3               203
         3         4               304
         4         5               405
         5         6               506
         6         7               607
         7         8               708
         8         9               809
         9        10               910
        10        11              1011
        11        12              1112
        12        13              1213
        13        14              1314
        14        15              1415
        15        16              1516
        16        17              1617
        17        18              1718
        18        19              1819
        19        20              1920
        20        21              2021
        21        22              2122
        22        23              2223
        23        24              2324
        24        25              2425
        25        26              2526
        26        27              2627
        27        28              2728
        28        29              2829
        29        30              2930
        30        31              3031
        31        32              3132
        32        33              3233
        33        34              3334
        34        35              3435
        35        36              3536
        36        37              3637
        37        38              3738
        38        39              3839
        39        40              3940
        40        41              4041
        41        42              4142
        42        43              4243
        43        44              4344
        44        45              4445
        45        46              4546
        46        47              4647
        47        48              4748
        48        49              4849
        49        50              4950
        50        51              5051
        51        52              5152
        52        53              5253
        53        54              5354
        54        55              5455
        55        56              5556
        56        57              5657
        57        58              5758
        58        59              5859
        59        60              5960
        60        61              6061
        61        62              6162
        62        63              6263
        63        64              6364
        64        65              6465
        65        66              6566
        66        67              6667
        67        68              6768
        68        69              6869
        69        70              6970
        70        71              7071
        71        72              7172
        72        73              7273
        73        74              7374
        74        75              7475
        75        76              7576
        76        77              7677
        77        78              7778
        78        79              7879
        79        80              7980
        80        81              8081
        81        82              8182
        82        83              8283
        83        84              8384
        84        85              8485
        85        86              8586
        86        87              8687
        87        88              8788
        88        89              8889
        89        90              8990
        90        91              9091
        91        92              9192
        92        93              9293
        93        94              9394
        94        95              9495
        95        96              9596
        96        97              9697
        97        98              9798
        98        99              9899
        99       100             10000
