
GAUSSQR_PRB
  C++ version.

TEST01
  FEJER2_ABSCISSAE computes points and weights for a
  Fejer Type 2 quadrature rule.

   I          X[i]                      W[i]

   0                         0                         2

   I          X[i]                      W[i]

   0                      -0.5                         1
   1                       0.5                         1

   I          X[i]                      W[i]

   0       -0.7071067811865476        0.6666666666666667
   1    -6.123233995736766e-17        0.6666666666666666
   2        0.7071067811865475        0.6666666666666667

   I          X[i]                      W[i]

   0       -0.8090169943749475        0.4254644007500071
   1       -0.3090169943749475         0.574535599249993
   2        0.3090169943749473         0.574535599249993
   3        0.8090169943749473        0.4254644007500071

   I          X[i]                      W[i]

   0       -0.8660254037844387        0.3111111111111111
   1       -0.5000000000000001                       0.4
   2    -6.123233995736766e-17        0.5777777777777777
   3        0.4999999999999998                       0.4
   4        0.8660254037844387        0.3111111111111111

   I          X[i]                      W[i]

   0       -0.9009688679024191        0.2269152467244295
   1       -0.6234898018587336        0.3267938603769864
   2       -0.2225209339563144         0.446290892898584
   3        0.2225209339563143         0.446290892898584
   4        0.6234898018587334        0.3267938603769864
   5         0.900968867902419        0.2269152467244295

   I          X[i]                      W[i]

   0       -0.9238795325112867        0.1779646809620499
   1       -0.7071067811865476        0.2476190476190476
   2       -0.3826834323650898        0.3934638904665215
   3    -6.123233995736766e-17         0.361904761904762
   4        0.3826834323650897        0.3934638904665215
   5        0.7071067811865475        0.2476190476190476
   6        0.9238795325112867        0.1779646809620499

   I          X[i]                      W[i]

   0       -0.9396926207859084        0.1397697435050225
   1       -0.7660444431189781        0.2063696457302284
   2       -0.5000000000000001        0.3142857142857143
   3       -0.1736481776669304        0.3395748964790348
   4        0.1736481776669303        0.3395748964790347
   5        0.4999999999999998        0.3142857142857143
   6        0.7660444431189779        0.2063696457302284
   7        0.9396926207859083        0.1397697435050226

   I          X[i]                      W[i]

   0       -0.9510565162951535        0.1147810750857218
   1       -0.8090169943749475        0.1654331942222275
   2       -0.5877852522924732        0.2737903534857068
   3       -0.3090169943749475        0.2790112502222168
   4    -6.123233995736766e-17        0.3339682539682539
   5        0.3090169943749473        0.2790112502222168
   6         0.587785252292473        0.2737903534857068
   7        0.8090169943749473        0.1654331942222275
   8        0.9510565162951535        0.1147810750857218

   I          X[i]                      W[i]

   0       -0.9594929736144974       0.09441954173982806
   1       -0.8412535328311812        0.1411354380109716
   2       -0.6548607339452852        0.2263866903636005
   3       -0.4154150130018864        0.2530509772156453
   4       -0.1423148382732851        0.2850073526699544
   5         0.142314838273285        0.2850073526699544
   6        0.4154150130018863        0.2530509772156453
   7         0.654860733945285        0.2263866903636005
   8        0.8412535328311811        0.1411354380109716
   9        0.9594929736144974       0.09441954173982806

TEST02
  Test Fejer2 quadrature.

   N poly         approx           exact     %abs_err

   5   0         27.5333            29.2       5.7%
   6   0         28.4318            29.2       2.6%
   7   0         29.0512            29.2      0.51%
   8   0         29.1349            29.2      0.22%
   9   0            29.2            29.2         0%
  10   0            29.2            29.2   2.4e-14%
  11   0            29.2            29.2   1.2e-14%
  12   0            29.2            29.2   2.4e-14%

   5   1       -0.715625       -0.467532        53%
   6   1       -0.592448       -0.467532        27%
   7   1       -0.517857       -0.467532        11%
   8   1       -0.491629       -0.467532       5.2%
   9   1       -0.471478       -0.467532      0.84%
  10   1       -0.469308       -0.467532      0.38%
  11   1       -0.467532       -0.467532   8.4e-13%
  12   1       -0.467532       -0.467532   3.9e-13%

   5   2           -16.2             -18        10%
   6   2        -17.1703             -18       4.6%
   7   2        -17.8393             -18      0.89%
   8   2        -17.9297             -18      0.39%
   9   2             -18             -18   3.9e-14%
  10   2             -18             -18   3.9e-14%
  11   2             -18             -18   7.9e-14%
  12   2             -18             -18   1.2e-13%

   5   3        -3.97644        -6.82051        42%
   6   3        -5.14655        -6.82051        25%
   7   3        -5.98463        -6.82051        12%
   8   3        -6.34906        -6.82051       6.9%
   9   3        -6.61172        -6.82051       3.1%
  10   3        -6.70247        -6.82051       1.7%
  11   3        -6.77396        -6.82051      0.68%
  12   3        -6.79453        -6.82051      0.38%

   5   4         15.8522         21.6746        27%
   6   4         18.5198         21.6746        15%
   7   4         20.3326         21.6746       6.2%
   8   4         20.9541         21.6746       3.3%
   9   4         21.4079         21.6746       1.2%
  10   4         21.5286         21.6746      0.67%
  11   4         21.6248         21.6746      0.23%
  12   4         21.6476         21.6746      0.12%


TEST03
  Compute quadrature rules for the normal distribution.

  Mean MU                  = 0
  Standard deviation SIGMA = 1
  Get Fejer2 rule.
  Map Fejer2 rule.
  Evaluate PDF.
  Do Lanczos.
  Do recursion coefficients.
  Get QR
  Compare.
[i]	a0	a1	b0	b1

[0]	-6.6e-16	0	1	1
[1]	-7.7e-16	0	1	1
[2]	-3.1e-15	0	2	2
[3]	-2.4e-16	0	3	3
[4]	4.9e-15	0	4	4
[5]	5e-15	0	5	5
[6]	-3.8e-15	0	6	6
[7]	3.8e-15	0	7	7
[8]	8.1e-15	0	8	8
[9]	1e-16	0	9	9
[10]	2.1e-15	0	10	10
[11]	-1.8e-15	0	11	11
[12]	-3.7e-15	0	12	12
[13]	3.9e-15	0	13	13
[14]	-1.1e-15	0	14	14
[15]	6.8e-15	0	15	15

max(b_err) => 4.1e-13%

[i]	abscissa	weight

[ 0]        -6.630878198393126     1.497814723161828e-10
[ 1]        -5.472225705949336     1.309473216286842e-07
[ 2]        -4.492955302520009      1.53000321624874e-05
[ 3]        -3.600873624171543     0.0005259849265739204
[ 4]        -2.760245047630705      0.007266937601184848
[ 5]        -1.951980345716332       0.04728475235401419
[ 6]        -1.163829100554964        0.1583383727509501
[ 7]       -0.3867606045005566        0.2865685212380127
[ 8]        0.3867606045005578        0.2865685212380125
[ 9]         1.163829100554966        0.1583383727509496
[10]         1.951980345716334       0.04728475235401382
[11]         2.760245047630703      0.007266937601184767
[12]          3.60087362417155     0.0005259849265739083
[13]         4.492955302520014     1.530003216248732e-05
[14]         5.472225705949342     1.309473216286827e-07
[15]         6.630878198393128     1.497814723161843e-10


  Mean MU                  = 1
  Standard deviation SIGMA = 0.5
  Get Fejer2 rule.
  Map Fejer2 rule.
  Evaluate PDF.
  Do Lanczos.
  Do recursion coefficients.
  Get QR
  Compare.
[i]	a0	a1	b0	b1

[0]	1	1	1	1
[1]	0.9999999999999993	1	0.2500000000000001	0.25
[2]	1.000000000000001	1	0.4999999999999997	0.5
[3]	1	1	0.7500000000000002	0.75
[4]	0.9999999999999999	1	1	1
[5]	1.000000000000001	1	1.249999999999999	1.25
[6]	0.9999999999999997	1	1.500000000000001	1.5
[7]	1	1	1.75	1.75
[8]	0.9999999999999999	1	2	2
[9]	0.9999999999999996	1	2.250000000000001	2.25
[10]	0.9999999999999992	1	2.500000000000007	2.5
[11]	0.9999999999999999	1	2.750000000000001	2.75
[12]	0.9999999999999988	1	3.000000000000002	3
[13]	0.9999999999999974	1	3.250000000000002	3.25
[14]	1.000000000000001	1	3.500000000000003	3.5
[15]	0.9999999999999984	1	3.749999999999996	3.75

max(b_err) => 2.664535259100376e-13%

[i]	abscissa	weight

[ 0]        -2.315439099196565     1.497814723161829e-10
[ 1]        -1.736112852974673     1.309473216286814e-07
[ 2]        -1.246477651260006     1.530003216248726e-05
[ 3]       -0.8004368120857751      0.000525984926573905
[ 4]       -0.3801225238153518      0.007266937601184719
[ 5]       0.02400982714183308       0.04728475235401419
[ 6]        0.4180854497225175        0.1583383727509499
[ 7]        0.8066196977497212        0.2865685212380125
[ 8]         1.193380302250278        0.2865685212380126
[ 9]         1.581914550277482        0.1583383727509499
[10]         1.975990172858166       0.04728475235401387
[11]         2.380122523815351      0.007266937601184714
[12]         2.800436812085774     0.0005259849265739077
[13]         3.246477651260006     1.530003216248715e-05
[14]         3.736112852974672     1.309473216286836e-07
[15]         4.315439099196562     1.497814723161854e-10

============= Gamma Coefficient Tests

  Get Fejer2 rule.
  Map Fejer2 rule.
  Evaluate PDF.
  Do Lanczos.
  Do recursion coefficients.
  Get QR
  Compare.
[i]	a0	a1	b0	b1

[0]	0.9999999999999992	1	0.9999999999999992	1
[1]	2.999999999999998	3	1	1
[2]	4.999999999999995	5	4	4
[3]	7	7	9.000000000000002	9
[4]	8.999999999999995	9	15.99999999999999	16
[5]	11	11	24.99999999999999	25
[6]	13.00000000000001	13	36.00000000000001	36
[7]	15	15	49.00000000000003	49
[8]	16.99999999999999	17	64.00000000000006	64
[9]	19	19	80.99999999999997	81
[10]	20.99999999999999	21	100.0000000000001	100
[11]	23	23	121	121
[12]	25.00000000000001	25	144.0000000000002	144
[13]	27	27	168.9999999999999	169
[14]	29.00000000000002	29	196.0000000000003	196
[15]	30.99999999999995	31	224.9999999999999	225

max(b_err) => 1.450087215836939e-13%

[i]	abscissa	weight

[ 0]       0.08764941047892461        0.2061517149577983
[ 1]        0.4626963289150755         0.331057854950884
[ 2]         1.141057774831224        0.2657957776442169
[ 3]         2.129283645098381         0.136296934296377
[ 4]         3.437086633893204       0.04732892869412531
[ 5]         5.078018614549766       0.01129990008033945
[ 6]         7.070338535048227      0.001849070943526317
[ 7]         9.438314336391933     0.0002042719153082794
[ 8]         12.21422336886616     1.484458687398128e-05
[ 9]         15.44152736878161     6.828319330871186e-07
[10]         19.18015685675313     1.881024841079676e-08
[11]         23.51590569399191     2.862350242973885e-10
[12]         28.57872974288214     2.127079033224131e-12
[13]          34.5833987022866     6.297967002518112e-15
[14]         41.94045264768835     5.050473700035479e-18
[15]         51.70116033954332     4.161462370372908e-22



  Get Fejer2 rule.
  Map Fejer2 rule.
  Evaluate PDF.
  Do Lanczos.
  Do recursion coefficients.
  Get QR
  Compare.
[i]	a0	a1	b0	b1

[0]	4	4	1	1
[1]	7.999999999999999	8	7.999999999999997	8
[2]	12	12	24.00000000000001	24
[3]	16	16	47.99999999999996	48
[4]	20	20	80.00000000000006	80
[5]	24	24	120	120
[6]	28	28	167.9999999999999	168
[7]	31.99999999999999	32	224.0000000000001	224
[8]	36.00000000000001	36	287.9999999999999	288
[9]	40.00000000000003	40	360.0000000000003	360
[10]	43.99999999999991	44	439.9999999999996	440
[11]	48.00000000000006	48	527.999999999998	528
[12]	51.99999999999999	52	624.0000000000038	624
[13]	55.99999999999991	56	727.999999999994	728
[14]	60.00000000000009	60	840.000000000003	840
[15]	64.00000000000013	64	960.0000000000016	960

max(b_err) => 8.276651647315454e-13%

[i]	abscissa	weight

[ 0]        0.4322806104789084       0.06327733287954025
[ 1]         1.452776486503618        0.2310904615207216
[ 2]         3.067186320747095        0.3169335421639984
[ 3]         5.289941997223831        0.2378942178752441
[ 4]         8.141956321760395        0.1102727433592472
[ 5]         11.65171103021123       0.03308958835639668
[ 6]         15.85700837061334      0.006525716407792459
[ 7]         20.80761657990208     0.0008427114367920449
[ 8]         26.56932214141407     6.996190955568181e-05
[ 9]         33.23034643373323      3.61208604213357e-06
[10]         40.91201204005444     1.101541251474254e-07
[11]         49.78769405070384     1.835682512732482e-09
[12]         60.11972584040512     1.481488865885079e-11
[13]         72.34138908735825      4.73484535903984e-14
[14]         87.28073036835379     4.084146055002128e-17
[15]         107.0583023205369     3.623954962478799e-21



============= Log-Normal Coefficient Tests

  Get Fejer2 rule.
  Map Fejer2 rule.
  Evaluate PDF.
  Do Lanczos.
  Do recursion coefficients.
  Get QR
  Compare.
[i]	a0	a1	b0	b1

[0]	1.648721270700129	1.648721270700128	1	1

max(b_err) => 2.220446049250313e-14%

[i]	abscissa	weight

[ 0]         1.648721270700129                         1



  Get Fejer2 rule.
  Map Fejer2 rule.
  Evaluate PDF.
  Do Lanczos.
  Do recursion coefficients.
  Get QR
  Compare.
[i]	a0	a1	b0	b1

[0]	1.648721270700129	1.648721270700128	1	1
[1]	15.01546176034141	15.01546176034141	4.670774270471606	4.670774270471604
[2]	118.6508941909052	118.650894188876	348.8306434595698	348.8306434595908

max(b_err) => 6.013010024467065e-12%

[i]	abscissa	weight

[ 0]         1.217347099325425        0.9607553084250217
[ 1]         12.18249396076186        0.0392351195484144
[ 2]         121.9152361618595     9.572026563995884e-06



  Get Fejer2 rule.
  Map Fejer2 rule.
  Evaluate PDF.
  Do Lanczos.
  Do recursion coefficients.
  Get QR
  Compare.
[i]	a0	a1	b0	b1

[0]	1.133148453066826	1.133148453066826	1.000000000000001	1
[1]	2.190088918983596	2.190088918983597	0.3646958540123862	0.3646958540123865
[2]	4.024100728266927	4.024100728266927	1.763407241879017	1.763407241879019

max(b_err) => 9.132730841964402e-14%

[i]	abscissa	weight

[ 0]        0.7358570436504402        0.6651655093559965
[ 1]         1.868245957432222         0.328528886217276
[ 2]         4.743235099234687      0.006305604426728471



  Get Fejer2 rule.
  Map Fejer2 rule.
  Evaluate PDF.
  Do Lanczos.
  Do recursion coefficients.
  Get QR
  Compare.
[i]	a0	a1	b0	b1

[0]	1.648721270700129	1.648721270700128	1	1
[1]	15.01546176034141	15.01546176034141	4.670774270471606	4.670774270471604
[2]	118.6508941909052	118.650894188876	348.8306434595698	348.8306434595908
[3]	897.6509019258633	897.6510713478785	20929.83261034232	20929.83263637825

max(b_err) => 1.243962308779292e-07%

[i]	abscissa	weight

[ 0]         1.187265585671432        0.9547156516012341
[ 1]         11.33055865212636       0.04525950244724939
[ 2]         96.78543795580404     2.484587882343492e-05
[ 3]         923.6627169542082     7.269338535091968e-11



  Get Fejer2 rule.
  Map Fejer2 rule.
  Evaluate PDF.
  Do Lanczos.
  Do recursion coefficients.
  Get QR
  Compare.
[i]	a0	a1	b0	b1

[0]	1.648721270700129	1.648721270700128	1	1
[1]	15.01546176034141	15.01546176034141	4.670774270471606	4.670774270471604
[2]	118.6508941909052	118.650894188876	348.8306434595698	348.8306434595908
[3]	897.6509019258633	897.6510713478785	20929.83261034232	20929.83263637825
[4]	6689.716607212936	6689.695802796502	1180596.847115792	1180577.818369969

max(b_err) => 0.001611816309481536%

[i]	abscissa	weight

[ 0]         1.176591327876562        0.9524334412959397
[ 1]         11.04702590941707        0.0475332910813801
[ 2]         90.01701332465773     3.326732256374223e-05
[ 3]         733.5053815843237     3.001167595311762e-10
[ 4]         6886.936574214471       1.0605575643196e-17



  Get Fejer2 rule.
  Map Fejer2 rule.
  Evaluate PDF.
  Do Lanczos.
  Do recursion coefficients.
  Get QR
  Compare.
[i]	a0	a1	b0	b1

[0]	1.648721270700129	1.648721270700128	1	1
[1]	15.01546176034141	15.01546176034141	4.670774270471606	4.670774270471604
[2]	118.6508941909052	118.650894188876	348.8306434595698	348.8306434595908
[3]	897.6509019258633	897.6510713478785	20929.83261034232	20929.83263637825
[4]	6689.716607212936	6689.695802796502	1180596.847115792	1180577.818369969
[5]	50069.49180743209	49585.21237260797	64853315.11445833	65217555.74532154

max(b_err) => 0.5585008924369896%

[i]	abscissa	weight

[ 0]         1.172795311719907        0.9516037458101801
[ 1]         10.94839074930469       0.04835951840018088
[ 2]         87.80757393609645     3.673532853868614e-05
[ 3]         683.2098702120024     4.611004543949049e-10
[ 4]         5492.052720459828     6.721287779469337e-17
[ 5]         51516.98304312389     2.644301047469684e-26



  Get Fejer2 rule.
  Map Fejer2 rule.
  Evaluate PDF.
  Do Lanczos.
  Do recursion coefficients.
  Get QR
  Compare.
[i]	a0	a1	b0	b1

[0]	1.648721270700129	1.648721270700128	1	1
[1]	15.01546176034141	15.01546176034141	4.670774270471606	4.670774270471604
[2]	118.6508941909052	118.650894188876	348.8306434595698	348.8306434595908
[3]	897.6509019258633	897.6510713478785	20929.83261034232	20929.83263637825
[4]	6689.716607212936	6689.695802796502	1180596.847115792	1180577.818369969
[5]	50069.49180743209	49585.21237260797	64853315.11445833	65217555.74532154
[6]	324974.9411710837	366808.3655993705	4346855514.177566	3576026735.61108

max(b_err) => 21.55545345593632%
WARNING: large error detected; check the first few
         entries for convergence...

[i]	abscissa	weight

[ 0]          1.17064002902587        0.9511283956904727
[ 1]         10.89288723511144       0.04883277974741292
[ 2]         86.59475316592085     3.882398160200762e-05
[ 3]         657.5077126243499     5.805126842550185e-10
[ 4]         4928.008833898492      1.60699450318604e-16
[ 5]         37104.08577440779     7.419380760882861e-25
[ 6]         339978.8549635158     6.523637893907571e-36



  Get Fejer2 rule.
  Map Fejer2 rule.
  Evaluate PDF.
  Do Lanczos.
  Do recursion coefficients.
  Get QR
  Compare.
[i]	a0	a1	b0	b1

[0]	1.648721270700129	1.648721270700128	1	1
[1]	15.01546176034141	15.01546176034141	4.670774270471606	4.670774270471604
[2]	118.6508941909052	118.650894188876	348.8306434595698	348.8306434595908
[3]	897.6509019258633	897.6510713478785	20929.83261034232	20929.83263637825
[4]	6689.716607212936	6689.695802796502	1180596.847115792	1180577.818369969
[5]	50069.49180743209	49585.21237260797	64853315.11445833	65217555.74532154
[6]	324974.9411710837	366808.3655993705	4346855514.177566	3576026735.61108
[7]	160016.1356078708	2711510.491752224	23100789846.33208	195551127127.8753

max(b_err) => 88.18682858768389%
WARNING: large error detected; check the first few
         entries for convergence...

[i]	abscissa	weight

[ 0]         1.165694766204346         0.950025930505598
[ 1]         10.76687548200375       0.04993010690122524
[ 2]          83.9185008121711     4.396163919759114e-05
[ 3]         604.9240351220653     9.539785045452642e-10
[ 4]         3978.933417010313     8.740847769958252e-16
[ 5]         22146.49733581346     1.161952211295178e-22
[ 6]         91874.19564426402     2.181493593425719e-29
[ 7]          424082.849669477     3.286163935831539e-37



  Get Fejer2 rule.
  Map Fejer2 rule.
  Evaluate PDF.
  Do Lanczos.
  Do recursion coefficients.
  Get QR
  Compare.
[i]	a0	a1	b0	b1

[0]	1.648721270700129	1.648721270700128	1	1
[1]	15.01546176034141	15.01546176034141	4.670774270471606	4.670774270471604
[2]	118.6508941909052	118.650894188876	348.8306434595698	348.8306434595908
[3]	897.6509019258633	897.6510713478785	20929.83261034232	20929.83263637825
[4]	6689.716607212936	6689.695802796502	1180596.847115792	1180577.818369969
[5]	50069.49180743209	49585.21237260797	64853315.11445833	65217555.74532154
[6]	324974.9411710837	366808.3655993705	4346855514.177566	3576026735.61108
[7]	160016.1356078708	2711510.491752224	23100789846.33208	195551127127.8753
[8]	46411.5354535766	20038609.86282206	1369993550.83679	10682889668678.32

max(b_err) => 99.98717581484668%
WARNING: large error detected; check the first few
         entries for convergence...

[i]	abscissa	weight

[ 0]          1.15803292184547        0.9482851203780155
[ 1]         10.57524249298457       0.05166193884743511
[ 2]         80.04181730321851     5.293886088061632e-05
[ 3]         537.3911485303819     1.913661901892926e-09
[ 4]         3044.768900541908     6.900994311514653e-15
[ 5]         13239.17962235588     1.436761191936694e-20
[ 6]         41615.11596297346     1.088906571417824e-25
[ 7]         105696.7144271017     3.215276503956146e-30
[ 8]         424969.8414721026     3.179296412086865e-37



============= Student's T Coefficient Tests

  Get Fejer2 rule.
  Map Fejer2 rule.
  Evaluate PDF.
  Do Lanczos.
  Do recursion coefficients.
  Get QR
  Compare.
[i]	a0	a1	b0	b1

[0]	-4.588943825864913e-16	0	0.9999999999999999	1
[1]	-1.587771209194271e-16	0	1.125	1.125
[2]	4.556834031258739e-15	0	2.732142857142853	2.732142857142857
[3]	4.456192442174315e-15	0	5.142857142857134	5.142857142857143
[4]	6.072807182158902e-15	0	8.999999999999982	9
[5]	2.218770448295219e-15	0	15.75000000000001	15.75
[6]	-1.648096190902416e-15	0	29.25000000000001	29.25
[7]	-8.858603475330302e-15	0	63.00000000000018	63
[8]	5.065045605157081e-14	0	198.0000000000001	198

max(b_err) => 2.819614030794048e-13%

[i]	abscissa	weight

[ 0]        -16.40848077241709     3.226362947230404e-11
[ 1]        -6.464544662287734     2.034618910205973e-05
[ 2]        -3.294925855525678      0.009970942279528954
[ 3]        -1.454264300976194        0.2143851287326666
[ 4]     2.669641475051659e-15        0.5512471655328798
[ 5]         1.454264300976198         0.214385128732665
[ 6]         3.294925855525689      0.009970942279528798
[ 7]         6.464544662287746     2.034618910205951e-05
[ 8]         16.40848077241711     3.226362947230321e-11



  Get Fejer2 rule.
  Map Fejer2 rule.
  Evaluate PDF.
  Do Lanczos.
  Do recursion coefficients.
  Get QR
  Compare.
[i]	a0	a1	b0	b1

[0]	4.756969857285389e-16	0	0.9999999999999917	1
[1]	-8.609100059130196e-16	0	1.086956521739133	1.08695652173913
[2]	-3.481577520750869e-16	0	2.484472049689441	2.484472049689441
[3]	-1.588137373217742e-15	0	4.323308270676693	4.323308270676692
[4]	-3.296244537059446e-15	0	6.811145510835913	6.811145510835913
[5]	-6.711246000064564e-15	0	10.29411764705884	10.29411764705882
[6]	-3.199461253850146e-16	0	15.38461538461537	15.38461538461539
[7]	-4.819607604443698e-15	0	23.25174825174828	23.25174825174825
[8]	5.850668709723214e-17	0	36.36363636363635	36.36363636363637
[9]	-2.076614319543477e-14	0	60.71428571428564	60.71428571428572
[10]	-1.792521679648992e-14	0	114.2857142857147	114.2857142857143
[11]	-1.226940077822829e-14	0	274.9999999999996	275
[12]	2.415845301584341e-13	0	1399.999999999997	1400

max(b_err) => 8.326672684688674e-13%

[i]	abscissa	weight

[ 0]         -41.1787047724923     4.222855602027244e-23
[ 1]        -13.18391647790881     7.457924802653654e-12
[ 2]        -7.243750563904871     6.085453160140222e-07
[ 3]        -4.429613468217114     0.0004565599206717324
[ 4]        -2.624202436823091       0.02574854820308109
[ 5]        -1.232389315159888        0.2351699071922353
[ 6]     3.730541553774636e-16        0.4772487522624669
[ 7]         1.232389315159887        0.2351699071922356
[ 8]          2.62420243682309       0.02574854820308109
[ 9]          4.42961346821711     0.0004565599206717363
[10]         7.243750563904867     6.085453160140208e-07
[11]         13.18391647790881     7.457924802653465e-12
[12]         41.17870477249248     4.222855602026786e-23



============= Inverse-Gamma Coefficient Tests

  Get Fejer2 rule.
  Map Fejer2 rule.
  Evaluate PDF.
  Do Lanczos.
  Do recursion coefficients.
  Get QR
  Compare.
[i]	a0	a1	b0	b1

[0]	0.09090909090909076	0.09090909090909091	0.9999999999999989	1
[1]	0.1313131313131315	0.1313131313131313	0.0008264462809917343	0.0008264462809917355
[2]	0.2063492063492058	0.2063492063492063	0.003395061728395068	0.003395061728395062
[3]	0.3714285714285716	0.3714285714285714	0.01275510204081633	0.01275510204081633
[4]	0.8666666666666668	0.8666666666666667	0.06000000000000016	0.06
[5]	4.333333333333333	4.333333333333333	0.5555555555555548	0.5555555555555556

max(b_err) => 2.659909329831104e-13%

[i]	abscissa	weight

[ 0]       0.06256697019657984        0.3913714541467294
[ 1]        0.1016521791097744        0.5460467041295677
[ 2]        0.1731558684271912       0.06209187055156753
[ 3]        0.3341423670680503     0.0004899010736229429
[ 4]        0.8410909240260002     7.009851035591805e-08
[ 5]         4.487391691172403     7.739087686644334e-16



  Get Fejer2 rule.
  Map Fejer2 rule.
  Evaluate PDF.
  Do Lanczos.
  Do recursion coefficients.
  Get QR
  Compare.
[i]	a0	a1	b0	b1

[0]	0.08333333333333313	0.08333333333333333	1	1
[1]	0.09848484848484837	0.09848484848484848	0.0003019323671497583	0.0003019323671497584
[2]	0.1181818181818181	0.1181818181818182	0.0008213130742775029	0.0008213130742775012
[3]	0.1444444444444442	0.1444444444444444	0.001729323308270676	0.001729323308270677
[4]	0.1805555555555557	0.1805555555555556	0.003363528647326368	0.003363528647326377
[5]	0.2321428571428569	0.2321428571428572	0.006433823529411774	0.006433823529411764
[6]	0.3095238095238105	0.3095238095238095	0.01255886970172681	0.01255886970172685
[7]	0.4333333333333336	0.4333333333333333	0.02583527583527579	0.02583527583527584
[8]	0.6499999999999996	0.65	0.05818181818181823	0.05818181818181818
[9]	1.083333333333331	1.083333333333333	0.1517857142857145	0.1517857142857143
[10]	2.166666666666671	2.166666666666667	0.507936507936507	0.5079365079365079
[11]	6.500000000000005	6.5	2.750000000000001	2.75

max(b_err) => 2.624419778718412e-13%

[i]	abscissa	weight

[ 0]       0.05142804842223768       0.03191346890693608
[ 1]       0.06640093317303553        0.3060029465184587
[ 2]        0.0845959856898231        0.4641282854741691
[ 3]        0.1082719989399439        0.1778723227550833
[ 4]        0.1405762691549061       0.01948304261116294
[ 5]        0.1867869055745301     0.0005955094387831536
[ 6]        0.2566467023713073     4.418285915457765e-06
[ 7]        0.3699941397727422     6.008593107239044e-09
[ 8]        0.5726796195458842     8.977549543304305e-13
[ 9]         0.991821372242338     5.552339003899025e-18
[10]         2.100121085772417     1.664872672740298e-25
[11]          7.07067693934084     3.977860269172373e-38



============= Beta Coefficient Tests

  Get Fejer2 rule.
  Map Fejer2 rule.
  Evaluate PDF.
  Do Lanczos.
  Do recursion coefficients.
  Get QR
  Compare.
[i]	a0	a1	b0	b1

[0]	0.5000000000000002	0.5	1	1
[1]	0.5000000000000002	0.5	0.08333333333333319	0.08333333333333333
[2]	0.5000000000000004	0.5	0.0666666666666666	0.06666666666666667
[3]	0.5000000000000001	0.5	0.06428571428571433	0.06428571428571428
[4]	0.4999999999999998	0.5	0.06349206349206339	0.06349206349206349
[5]	0.5000000000000002	0.5	0.06313131313131312	0.06313131313131314
[6]	0.4999999999999997	0.5	0.06293706293706305	0.06293706293706294
[7]	0.4999999999999996	0.5	0.06282051282051281	0.06282051282051282
[8]	0.4999999999999997	0.5	0.06274509803921581	0.06274509803921569
[9]	0.5000000000000003	0.5	0.06269349845201225	0.06269349845201239
[10]	0.4999999999999996	0.5	0.0626566416040101	0.06265664160401002
[11]	0.5000000000000006	0.5	0.06262939958592126	0.06262939958592133
[12]	0.4999999999999994	0.5	0.06260869565217403	0.06260869565217392
[13]	0.4999999999999997	0.5	0.06259259259259257	0.06259259259259259
[14]	0.4999999999999998	0.5	0.06257982120051078	0.06257982120051085
[15]	0.5000000000000007	0.5	0.06256952169076746	0.06256952169076752

max(b_err) => 2.213592820703244e-13%

[i]	abscissa	weight

[ 0]      0.005299532504174756       0.01357622970587639
[ 1]       0.02771248846338362       0.03112676196932375
[ 2]       0.06718439880608391       0.04757925584124665
[ 3]        0.1222977958224985       0.06231448562776681
[ 4]        0.1910618777986783       0.07479799440828892
[ 5]        0.2709916111713863       0.08457825969750112
[ 6]        0.3591982246103704       0.09130170752246167
[ 7]        0.4524937450811813       0.09472530522753451
[ 8]        0.5475062549188187       0.09472530522753431
[ 9]        0.6408017753896296        0.0913017075224619
[10]         0.729008388828614       0.08457825969750185
[11]         0.808938122201322       0.07479799440828788
[12]        0.8777022041775017       0.06231448562776735
[13]        0.9328156011939157       0.04757925584124705
[14]        0.9722875115366163       0.03112676196932404
[15]        0.9947004674958252        0.0135762297058769



  Get Fejer2 rule.
  Map Fejer2 rule.
  Evaluate PDF.
  Do Lanczos.
  Do recursion coefficients.
  Get QR
  Compare.
[i]	a0	a1	b0	b1

[0]	0.3076923076922955	0.3076923076923077	0.9999999999999808	1
[1]	0.454212454212385	0.4542124542124542	0.05012182387747238	0.05012182387747999
[2]	0.4794745484398826	0.4794745484400657	0.05770841669998479	0.05770841670001334
[3]	0.4883504193845302	0.4883504193849021	0.05998054264397282	0.05998054264403848
[4]	0.4924924924918523	0.4924924924924925	0.06095050524833924	0.06095050524846174
[5]	0.4947589098522468	0.4947589098532495	0.06145186168394895	0.06145186168414972
[6]	0.496133622021424	0.496133622022889	0.06174414829700213	0.06174414829730585
[7]	0.4970301734358347	0.4970301734378712	0.0619292841696192	0.06192928417005136
[8]	0.4976472802532521	0.4976472802559759	0.06205388929000896	0.06205388929059851
[9]	0.4980901451454345	0.4980901451489687	0.06214173657611428	0.06214173657689046
[10]	0.4984187223231666	0.4984187223276407	0.06220597954878942	0.06220597954978422
[11]	0.498669221755336	0.4986692217608857	0.06225437465624029	0.06225437465748674
[12]	0.4988645653488498	0.4988645653556181	0.06229173581402343	0.06229173581555651
[13]	0.4990198384612455	0.4990198384693798	0.06232117891196434	0.06232117891381995
[14]	0.4991452991356455	0.4991452991452991	0.06234479291583817	0.06234479291805446
[15]	0.4992481202894201	0.4992481203007519	0.06236402075463959	0.06236402075725543

max(b_err) => 4.194477855683048e-09%

[i]	abscissa	weight

[ 0]      0.004927053424327715       0.02822833559721545
[ 1]       0.02577869291693708       0.06309831944412059
[ 2]       0.06255751787128384       0.09210390003156047
[ 3]        0.1140377344935495        0.1127392380731962
[ 4]        0.1784927299209475        0.1236288753327698
[ 5]        0.2537596598571324        0.1246219648585511
[ 6]        0.3373126630044215        0.1167448861225915
[ 7]        0.4263477470518299        0.1019844341651118
[ 8]        0.5178769218636305       0.08293840128790916
[ 9]        0.6088284861400128       0.06239306282583267
[10]         0.696150116164225       0.04289813341340275
[11]        0.7769113000143179       0.02640888019452453
[12]        0.8484016774453834       0.01405268679364955
[13]        0.9082219725705064      0.006055754517110093
[14]         0.954364404525896       0.00183881981905075
[15]        0.9852794429783993     0.0002643075233839742



  Get Fejer2 rule.
  Map Fejer2 rule.
  Evaluate PDF.
  Do Lanczos.
  Do recursion coefficients.
  Get QR
  Compare.
[i]	a0	a1	b0	b1

[0]	0.6923076923077052	0.6923076923076923	0.9999999999999819	1
[1]	0.5457875457876139	0.5457875457875457	0.0501218238774722	0.05012182387747999
[2]	0.5205254515601185	0.5205254515599343	0.05770841669998496	0.05770841670001334
[3]	0.5116495806154694	0.5116495806150979	0.05998054264397255	0.05998054264403848
[4]	0.5075075075081482	0.5075075075075075	0.06095050524833934	0.06095050524846174
[5]	0.5052410901477533	0.5052410901467506	0.06145186168394883	0.06145186168414972
[6]	0.5038663779785755	0.5038663779771111	0.06174414829700228	0.06174414829730585
[7]	0.502969826564165	0.5029698265621287	0.06192928416961886	0.06192928417005136
[8]	0.5023527197467478	0.5023527197440241	0.0620538892900091	0.06205388929059851
[9]	0.5019098548545649	0.5019098548510313	0.06214173657611421	0.06214173657689046
[10]	0.5015812776768332	0.5015812776723593	0.06220597954878956	0.06220597954978422
[11]	0.5013307782446642	0.5013307782391142	0.06225437465624009	0.06225437465748674
[12]	0.5011354346511504	0.5011354346443818	0.06229173581402354	0.06229173581555651
[13]	0.5009801615387542	0.5009801615306202	0.06232117891196406	0.06232117891381995
[14]	0.5008547008643547	0.5008547008547009	0.06234479291583835	0.06234479291805446
[15]	0.5007518797105803	0.5007518796992482	0.06236402075463974	0.06236402075725543

max(b_err) => 4.194233074054102e-09%

[i]	abscissa	weight

[ 0]       0.01472055702160074     0.0002643075233839687
[ 1]       0.04563559547410458      0.001838819819050749
[ 2]       0.09177802742949345      0.006055754517110071
[ 3]        0.1515983225546165       0.01405268679364958
[ 4]        0.2230886999856822       0.02640888019452443
[ 5]        0.3038498838357749       0.04289813341340296
[ 6]        0.3911715138599871       0.06239306282583214
[ 7]        0.4821230781363693       0.08293840128790782
[ 8]        0.5736522529481699        0.1019844341651125
[ 9]        0.6626873369955786        0.1167448861225924
[10]        0.7462403401428674        0.1246219648585528
[11]        0.8215072700790524        0.1236288753327689
[12]        0.8859622655064504        0.1127392380731974
[13]        0.9374424821287161       0.09210390003156013
[14]        0.9742213070830629       0.06309831944412052
[15]        0.9950729465756721       0.02822833559721605



  Get Fejer2 rule.
  Map Fejer2 rule.
  Evaluate PDF.
  Do Lanczos.
  Do recursion coefficients.
  Get QR
  Compare.
[i]	a0	a1	b0	b1

[0]	0.2999999993532874	0.3	1.000000002155697	1
[1]	0.4142857132826257	0.4142857142857143	0.03500000011856562	0.035
[2]	0.452380951036615	0.4523809523809524	0.04783163287893293	0.04783163265306122
[3]	0.4696969680142061	0.4696969696969697	0.05347222254660199	0.05347222222222222
[4]	0.4790209770005943	0.479020979020979	0.05640495909580117	0.05640495867768595
[5]	0.4846153822576482	0.4846153846153846	0.05811496247020761	0.0581149619611158
[6]	0.4882352914226404	0.488235294117647	0.05919642916978356	0.05919642857142857
[7]	0.4907120712711276	0.4907120743034056	0.05992286689179729	0.05992286620530565
[8]	0.4924811996379267	0.4924812030075188	0.06043398045991101	0.06043397968605725
[9]	0.4937888161688014	0.4937888198757764	0.06080705095342866	0.06080705009276438
[10]	0.4947826046512052	0.4947826086956522	0.06108760190943726	0.06108760096236467
[11]	0.4955555511735359	0.4955555555555556	0.06130384718702802	0.06130384615384615
[12]	0.4961685776557717	0.496168582375479	0.06147402092641815	0.06147401980735314
[13]	0.4966629537856384	0.4966629588431591	0.06161032904578294	0.0616103278410056
[14]	0.4970674432848815	0.4970674486803519	0.06172119015612393	0.06172118886576483
[15]	0.4974025916690301	0.4974025974025974	0.06181256214395191	0.0618125607681089

max(b_err) => 2.225830788870885e-06%

[i]	abscissa	weight

[ 0]      0.007631434873629872       0.01063182552314613
[ 1]       0.03029388400708171       0.03938053620321621
[ 2]       0.06729876621254982       0.07785423807098225
[ 3]        0.1175217282340317          0.11516997506006
[ 4]        0.1794368042327707        0.1413978875955511
[ 5]        0.2511627860285517        0.1504633150608531
[ 6]        0.3305203903812698        0.1415412981700691
[ 7]        0.4150984888054022        0.1186015452985557
[ 8]        0.5023273926767887       0.08847321694781933
[ 9]        0.5895569781085895       0.05830556350262892
[10]        0.6741373034391251       0.03341320559099166
[11]        0.7534993399742618       0.01620336091196544
[12]        0.8252335745728107      0.006349108881653119
[13]        0.8871648626176489       0.00185059242733865
[14]        0.9374249125386593     0.0003392117587029838
[15]        0.9745484449623639     2.512115216288356e-05



  Get Fejer2 rule.
  Map Fejer2 rule.
  Evaluate PDF.
  Do Lanczos.
  Do recursion coefficients.
  Get QR
  Compare.
[i]	a0	a1	b0	b1

[0]	0.4999999999999999	0.5	1.000000000000001	1
[1]	0.5	0.5	0.04999999999999993	0.05
[2]	0.5000000000000001	0.5	0.05714285714285714	0.05714285714285714
[3]	0.5000000000000003	0.5	0.0595238095238096	0.05952380952380952
[4]	0.5000000000000004	0.5	0.06060606060606043	0.06060606060606061
[5]	0.4999999999999996	0.5	0.06118881118881115	0.06118881118881119
[6]	0.5000000000000003	0.5	0.0615384615384616	0.06153846153846154
[7]	0.5000000000000003	0.5	0.06176470588235288	0.06176470588235294
[8]	0.5	0.5	0.06191950464396284	0.06191950464396285
[9]	0.500000000000001	0.5	0.06203007518796985	0.06203007518796992
[10]	0.5000000000000008	0.5	0.06211180124223584	0.06211180124223602
[11]	0.4999999999999993	0.5	0.06217391304347827	0.06217391304347826
[12]	0.4999999999999999	0.5	0.06222222222222234	0.06222222222222222
[13]	0.4999999999999996	0.5	0.06226053639846742	0.06226053639846743
[14]	0.5000000000000001	0.5	0.06229143492769752	0.06229143492769744
[15]	0.5000000000000003	0.5	0.06231671554252204	0.06231671554252199

max(b_err) => 3.016337180028472e-13%

[i]	abscissa	weight

[ 0]       0.01194722129390112      0.001415498088370263
[ 1]        0.0396754073262331      0.008074097171191404
[ 2]       0.08220323239095505       0.02241110361091384
[ 3]        0.1381603353583788       0.04437001107792377
[ 4]        0.2057475828406691       0.07128771176143647
[ 5]        0.2827924815439385       0.09853415294430465
[ 6]        0.3668186735608595        0.1207269938955379
[ 7]        0.4551254532576741        0.1331804314503228
[ 8]        0.5448745467423262        0.1331804314503228
[ 9]        0.6331813264391406        0.1207269938955376
[10]         0.717207518456062        0.0985341529443037
[11]        0.7942524171593307       0.07128771176143731
[12]        0.8618396646416216       0.04437001107792319
[13]        0.9177967676090453       0.02241110361091344
[14]        0.9603245926737671      0.008074097171191523
[15]        0.9880527787060994      0.001415498088370258



============= Fisher's F Coefficient Tests

  Get Fejer2 rule.
  Map Fejer2 rule.
  Evaluate PDF.
  Do Lanczos.
  Do recursion coefficients.
  Get QR
  Compare.
[i]	a0	a1	b0	b1

[0]	1.016806722689076	1.016806722689076	0.9999999999999631	1
[1]	1.201289634537716	1.201289634537716	0.07451502063464502	0.07451502063464495
[2]	1.405716644964587	1.405716644964588	0.1748636692434743	0.1748636692434745
[3]	1.633070049084196	1.633070049084194	0.3083052713601017	0.3083052713601013
[4]	1.886911228441036	1.886911228441035	0.4843189723400076	0.4843189723400081
[5]	2.171521035598707	2.171521035598706	0.7153767855357863	0.7153767855357855
[6]	2.492081555239448	2.49208155523945	1.018025681085799	1.018025681085801
[7]	2.8549137917559	2.854913791755897	1.414420378365294	1.414420378365293
[8]	3.267791853998746	3.267791853998751	1.93452271475143	1.934522714751429
[9]	3.740363130059851	3.740363130059848	2.619301938507427	2.619301938507425
[10]	4.284717384763139	4.284717384763137	3.525462986482498	3.5254629864825
[11]	4.916168320218946	4.916168320218953	4.732549710979193	4.73254971097919
[12]	5.654343357441945	5.654343357441949	6.353812968455847	6.353812968455841
[13]	6.52472884909294	6.524728849092944	8.553177654177986	8.553177654177983
[14]	7.560902053439371	7.560902053439366	11.57232916025987	11.57232916025986
[15]	8.807822350195222	8.807822350195231	15.77504226532646	15.77504226532646

max(b_err) => 3.68594044175552e-12%

[i]	abscissa	weight

[ 0]        0.3426707339874649      0.000930876443848556
[ 1]        0.5048363378824846       0.02735624962567534
[ 2]        0.6850794684102184        0.1630686803468264
[ 3]         0.891733615384783         0.339693518715777
[ 4]         1.131408045605084        0.3057921005798648
[ 5]         1.411470942801735        0.1315579843664711
[ 6]         1.741075706784523        0.0283340560572511
[ 7]         2.132153211504864      0.003093276352628108
[ 8]         2.600774209897112     0.0001687826201358889
[ 9]         3.169278799426024     4.422775244254803e-06
[10]         3.869865317148164     5.187257702092161e-08
[11]         4.751098713278765     2.432821367083495e-10
[12]         5.890841399835859     3.810079355881801e-13
[13]         7.425443470529562     1.468379436447218e-16
[14]         9.630151187817972     7.743388695677159e-21
[15]         13.24126680122621     1.263719693932704e-26



  Get Fejer2 rule.
  Map Fejer2 rule.
  Evaluate PDF.
  Do Lanczos.
  Do recursion coefficients.
  Get QR
  Compare.
[i]	a0	a1	b0	b1

[0]	1.066666666666666	1.066666666666667	0.9999999999999983	1
[1]	1.591794871794874	1.591794871794872	0.1787936507936504	0.1787936507936508
[2]	2.403356643356642	2.403356643356644	0.6193338968723591	0.6193338968723584
[3]	3.755959595959597	3.755959595959596	1.752309421487606	1.752309421487603
[4]	6.267936507936501	6.267936507936509	4.992821728395069	4.992821728395062
[5]	11.7942857142857	11.79428571428571	16.20636734693877	16.20636734693878
[6]	28.37333333333333	28.37333333333333	70.96319999999996	70.9632
[7]	144.4266666666665	144.4266666666667	633.5715555555552	633.5715555555556

max(b_err) => 2.483808613330428e-13%

[i]	abscissa	weight

[ 0]        0.5570213637905003        0.2295374529942619
[ 1]         1.025344071467103        0.5807586835874561
[ 2]         1.751695207945784        0.1808663659041804
[ 3]         2.985703753590127      0.008785229738119533
[ 4]         5.337771553711152     5.225004029873116e-05
[ 5]         10.69999010132376     1.773563605734147e-08
[ 6]         27.65030329473769     4.601249204316005e-14
[ 7]         149.6721706534337     5.316386586290895e-25



