               0.125               0.125               0.125
               0.375               0.125               0.125
               0.625               0.125               0.125
               0.125               0.375               0.125
               0.375               0.375               0.125
               0.125               0.625               0.125
               0.125               0.125               0.375
               0.375               0.125               0.375
               0.125               0.375               0.375
               0.125               0.125               0.625
  0.1666666666666667  0.1666666666666667  0.1666666666666667
                 0.5  0.1666666666666667  0.1666666666666667
  0.1666666666666667                 0.5  0.1666666666666667
  0.1666666666666667  0.1666666666666667                 0.5
                0.25                0.25                0.25
