DREAM.CPP:Parameters_and_log_likelihood_for_chain_#7
  0  -12.1268  0.75951  0.517211  -4.81239  0.376824  0.298391
  1  -12.1268  0.75951  0.517211  -4.81239  0.376824  0.298391
  2  -12.1268  0.75951  0.517211  -4.81239  0.376824  0.298391
  3  -12.1268  0.75951  0.517211  -4.81239  0.376824  0.298391
  4  -7.83314  0.75951  0.517211  -4.81239  0.376824  0.298391
  5  -7.83314  0.75951  0.517211  -4.81239  0.376824  0.298391
  6  -7.83314  0.75951  0.517211  -4.81239  0.376824  0.298391
  7  -7.83314  0.75951  0.517211  -4.81239  0.376824  0.298391
  8  -7.83314  0.75951  0.517211  -4.81239  0.376824  0.298391
  9  -7.83314  -0.676747  -0.71726  0.956674  0.595613  -1.97832
