DREAM.CPP:Parameters_and_log_likelihood_for_chain_#9
  0  -10.0109  1.83744  2.26756  3.01259  2.70586  0.620021
  1  -10.0109  1.83744  2.26756  3.01259  2.70586  0.620021
  2  -10.0109  1.83744  2.26756  3.01259  2.70586  0.620021
  3  -10.0109  1.83744  2.26756  3.01259  2.70586  0.620021
  4  -10.0109  1.83744  2.26756  3.01259  2.70586  0.620021
  5  -10.0109  1.83744  2.26756  3.01259  2.70586  0.620021
  6  -10.0109  1.83744  2.26756  3.01259  2.70586  0.620021
  7  -10.0109  1.83744  2.26756  3.01259  2.70586  0.620021
  8  -10.0109  1.83744  2.26756  3.01259  2.70586  0.620021
  9  -10.0109  1.83744  2.26756  3.01259  2.70586  0.620021
