DREAM.CPP:Parameters_and_log_likelihood_for_chain_#6
  0  -8.46847  -1.23955  -1.05248  -1.24496  -2.97841  -1.82543
  1  -8.46847  -1.23955  -1.05248  -1.24496  -2.97841  -1.82543
  2  -8.46847  -1.23955  -1.05248  -1.24496  -2.97841  -1.82543
  3  -8.46847  -1.23955  -1.05248  -1.24496  -2.97841  -1.82543
  4  -8.46847  -1.23955  -1.05248  -1.24496  -2.97841  -1.82543
  5  -8.46847  -1.23955  -1.05248  -1.24496  -2.97841  -1.82543
  6  -8.46847  -1.23955  -1.05248  -1.24496  -2.97841  -1.82543
  7  -8.46847  -1.23955  -1.05248  -1.24496  -2.97841  -1.82543
  8  -8.46847  -1.23955  -1.05248  -1.24496  -2.97841  -1.82543
  9  -8.46847  -1.23955  -1.05248  -1.24496  -2.97841  -1.82543
