DREAM.C:Parameter_values_for_restart.
  0  -7.83314  -0.676747  -0.71726  0.956674  0.595613  -1.97832
  1  -8.54696  -0.243616  -2.21732  0.749095  -1.57456  -0.467975
  2  -8.39199  0.372028  1.96577  -0.643574  -0.502558  1.9916
  3  -9.92618  1.18151  0.59913  -1.5181  1.68819  4.10552
  4  -7.90721  -0.132487  -0.201767  -0.408183  2.03326  -2.05554
  5  -8.77385  0.999534  -1.18125  1.44592  -1.08133  1.37814
  6  -8.46847  -1.23955  -1.05248  -1.24496  -2.97841  -1.82543
  7  -7.83314  -0.676747  -0.71726  0.956674  0.595613  -1.97832
  8  -8.43723  -0.0733337  -0.640712  -2.20946  -1.70685  1.70406
  9  -10.0109  1.83744  2.26756  3.01259  2.70586  0.620021
