DREAM.CPP:Parameters_and_log_likelihood_for_chain_#4
  0  -7.90721  -0.132487  -0.201767  -0.408183  2.03326  -2.05554
  1  -7.90721  -0.132487  -0.201767  -0.408183  2.03326  -2.05554
  2  -7.90721  -0.132487  -0.201767  -0.408183  2.03326  -2.05554
  3  -7.90721  -0.132487  -0.201767  -0.408183  2.03326  -2.05554
  4  -7.90721  -0.132487  -0.201767  -0.408183  2.03326  -2.05554
  5  -7.90721  -0.132487  -0.201767  -0.408183  2.03326  -2.05554
  6  -7.90721  -0.132487  -0.201767  -0.408183  2.03326  -2.05554
  7  -7.90721  -0.132487  -0.201767  -0.408183  2.03326  -2.05554
  8  -7.90721  -0.132487  -0.201767  -0.408183  2.03326  -2.05554
  9  -7.90721  -0.132487  -0.201767  -0.408183  2.03326  -2.05554
