DREAM.CPP:Parameters_and_log_likelihood_for_chain_#0
  0  -7.83314  -0.676747  -0.71726  0.956674  0.595613  -1.97832
  1  -7.83314  -0.676747  -0.71726  0.956674  0.595613  -1.97832
  2  -7.83314  -0.676747  -0.71726  0.956674  0.595613  -1.97832
  3  -7.83314  -0.676747  -0.71726  0.956674  0.595613  -1.97832
  4  -7.83314  -0.676747  -0.71726  0.956674  0.595613  -1.97832
  5  -7.83314  -0.676747  -0.71726  0.956674  0.595613  -1.97832
  6  -7.83314  -0.676747  -0.71726  0.956674  0.595613  -1.97832
  7  -7.83314  -0.676747  -0.71726  0.956674  0.595613  -1.97832
  8  -7.83314  -0.676747  -0.71726  0.956674  0.595613  -1.97832
  9  -7.83314  -0.676747  -0.71726  0.956674  0.595613  -1.97832
