DREAM.CPP:Parameters_and_log_likelihood_for_chain_#2
  0  -8.39199  0.372028  1.96577  -0.643574  -0.502558  1.9916
  1  -8.39199  0.372028  1.96577  -0.643574  -0.502558  1.9916
  2  -8.39199  0.372028  1.96577  -0.643574  -0.502558  1.9916
  3  -8.39199  0.372028  1.96577  -0.643574  -0.502558  1.9916
  4  -8.39199  0.372028  1.96577  -0.643574  -0.502558  1.9916
  5  -8.39199  0.372028  1.96577  -0.643574  -0.502558  1.9916
  6  -8.39199  0.372028  1.96577  -0.643574  -0.502558  1.9916
  7  -8.39199  0.372028  1.96577  -0.643574  -0.502558  1.9916
  8  -8.39199  0.372028  1.96577  -0.643574  -0.502558  1.9916
  9  -8.39199  0.372028  1.96577  -0.643574  -0.502558  1.9916
