DREAM.CPP:Parameters_and_log_likelihood_for_chain_#3
  0  -9.92618  1.18151  0.59913  -1.5181  1.68819  4.10552
  1  -9.92618  1.18151  0.59913  -1.5181  1.68819  4.10552
  2  -9.92618  1.18151  0.59913  -1.5181  1.68819  4.10552
  3  -9.92618  1.18151  0.59913  -1.5181  1.68819  4.10552
  4  -9.92618  1.18151  0.59913  -1.5181  1.68819  4.10552
  5  -9.92618  1.18151  0.59913  -1.5181  1.68819  4.10552
  6  -9.92618  1.18151  0.59913  -1.5181  1.68819  4.10552
  7  -9.92618  1.18151  0.59913  -1.5181  1.68819  4.10552
  8  -9.92618  1.18151  0.59913  -1.5181  1.68819  4.10552
  9  -9.92618  1.18151  0.59913  -1.5181  1.68819  4.10552
