DREAM.CPP:Parameters_and_log_likelihood_for_chain_#8
  0  -8.43723  -0.0733337  -0.640712  -2.20946  -1.70685  1.70406
  1  -8.43723  -0.0733337  -0.640712  -2.20946  -1.70685  1.70406
  2  -8.43723  -0.0733337  -0.640712  -2.20946  -1.70685  1.70406
  3  -8.43723  -0.0733337  -0.640712  -2.20946  -1.70685  1.70406
  4  -8.43723  -0.0733337  -0.640712  -2.20946  -1.70685  1.70406
  5  -8.43723  -0.0733337  -0.640712  -2.20946  -1.70685  1.70406
  6  -8.43723  -0.0733337  -0.640712  -2.20946  -1.70685  1.70406
  7  -8.43723  -0.0733337  -0.640712  -2.20946  -1.70685  1.70406
  8  -8.43723  -0.0733337  -0.640712  -2.20946  -1.70685  1.70406
  9  -8.43723  -0.0733337  -0.640712  -2.20946  -1.70685  1.70406
