DREAM.CPP:Parameters_and_log_likelihood_for_chain_#5
  0  -8.77385  0.999534  -1.18125  1.44592  -1.08133  1.37814
  1  -8.77385  0.999534  -1.18125  1.44592  -1.08133  1.37814
  2  -8.77385  0.999534  -1.18125  1.44592  -1.08133  1.37814
  3  -8.77385  0.999534  -1.18125  1.44592  -1.08133  1.37814
  4  -8.77385  0.999534  -1.18125  1.44592  -1.08133  1.37814
  5  -8.77385  0.999534  -1.18125  1.44592  -1.08133  1.37814
  6  -8.77385  0.999534  -1.18125  1.44592  -1.08133  1.37814
  7  -8.77385  0.999534  -1.18125  1.44592  -1.08133  1.37814
  8  -8.77385  0.999534  -1.18125  1.44592  -1.08133  1.37814
  9  -8.77385  0.999534  -1.18125  1.44592  -1.08133  1.37814
