DREAM.CPP:Parameters_and_log_likelihood_for_chain_#1
  0  -8.54696  -0.243616  -2.21732  0.749095  -1.57456  -0.467975
  1  -8.54696  -0.243616  -2.21732  0.749095  -1.57456  -0.467975
  2  -8.54696  -0.243616  -2.21732  0.749095  -1.57456  -0.467975
  3  -8.54696  -0.243616  -2.21732  0.749095  -1.57456  -0.467975
  4  -8.54696  -0.243616  -2.21732  0.749095  -1.57456  -0.467975
  5  -8.54696  -0.243616  -2.21732  0.749095  -1.57456  -0.467975
  6  -8.54696  -0.243616  -2.21732  0.749095  -1.57456  -0.467975
  7  -8.54696  -0.243616  -2.21732  0.749095  -1.57456  -0.467975
  8  -8.54696  -0.243616  -2.21732  0.749095  -1.57456  -0.467975
  9  -8.54696  -0.243616  -2.21732  0.749095  -1.57456  -0.467975
