    0.218418    0.956318
    0.829509    0.561695
    0.415307   0.0661187
    0.257578    0.109957
    0.043829    0.633966
   0.0617272    0.449539
    0.401306    0.754673
    0.797287  0.00183837
    0.897504    0.350752
   0.0945448   0.0136169
    0.859097    0.840847
    0.123104  0.00751236
    0.260303    0.912484
    0.113664    0.351629
    0.822887    0.267132
    0.692066    0.561662
    0.861216    0.453794
    0.911977    0.597917
    0.188955    0.761492
    0.396988    0.185314
    0.574366    0.367027
    0.617205    0.361529
     0.21293    0.714471
    0.117707    0.299329
    0.825003     0.82466
