05 May 2007 08:17:42 AM

NINT_EXACTNESS
  C++ version

  Investigate the polynomial exactness of a quadrature
  rule by integrating all monomials of a given degree.

      Error    Degree  Exponents

     2.22045e-16   0 0 0 0

     2.22045e-16   1 1 0 0
               0   1 0 1 0
     1.11022e-16   1 0 0 1

     2.22045e-16   2 2 0 0
     1.11022e-16   2 1 1 0
     2.22045e-16   2 0 2 0
     1.11022e-16   2 1 0 1
     2.22045e-16   2 0 1 1
     2.22045e-16   2 0 0 2

               0   3 3 0 0
               0   3 2 1 0
               0   3 1 2 0
               0   3 0 3 0
               0   3 2 0 1
               0   3 1 1 1
               0   3 0 2 1
               0   3 1 0 2
               0   3 0 1 2
               0   3 0 0 3

               0   4 4 0 0
               0   4 3 1 0
     2.22045e-16   4 2 2 0
               0   4 1 3 0
               0   4 0 4 0
               0   4 3 0 1
     2.22045e-16   4 2 1 1
     2.22045e-16   4 1 2 1
               0   4 0 3 1
               0   4 2 0 2
               0   4 1 1 2
     2.22045e-16   4 0 2 2
               0   4 1 0 3
               0   4 0 1 3
               0   4 0 0 4

     4.44089e-16   5 5 0 0
               0   5 4 1 0
     2.22045e-16   5 3 2 0
               0   5 2 3 0
     2.22045e-16   5 1 4 0
     4.44089e-16   5 0 5 0
     2.22045e-16   5 4 0 1
               0   5 3 1 1
     2.22045e-16   5 2 2 1
     1.11022e-16   5 1 3 1
     4.44089e-16   5 0 4 1
               0   5 3 0 2
               0   5 2 1 2
               0   5 1 2 2
               0   5 0 3 2
               0   5 2 0 3
               0   5 1 1 3
     2.22045e-16   5 0 2 3
     2.22045e-16   5 1 0 4
     4.44089e-16   5 0 1 4
     4.44089e-16   5 0 0 5

          0.0025   6 6 0 0
     4.44089e-16   6 5 1 0
     2.22045e-16   6 4 2 0
               0   6 3 3 0
     2.22045e-16   6 2 4 0
     4.44089e-16   6 1 5 0
          0.0025   6 0 6 0
     4.44089e-16   6 5 0 1
     2.22045e-16   6 4 1 1
     2.22045e-16   6 3 2 1
               0   6 2 3 1
     2.22045e-16   6 1 4 1
     4.44089e-16   6 0 5 1
     2.22045e-16   6 4 0 2
     2.22045e-16   6 3 1 2
     4.44089e-16   6 2 2 2
     2.22045e-16   6 1 3 2
     2.22045e-16   6 0 4 2
               0   6 3 0 3
     2.22045e-16   6 2 1 3
     2.22045e-16   6 1 2 3
               0   6 0 3 3
     2.22045e-16   6 2 0 4
     2.22045e-16   6 1 1 4
     2.22045e-16   6 0 2 4
     4.44089e-16   6 1 0 5
     4.44089e-16   6 0 1 5
          0.0025   6 0 0 6

            0.01   7 7 0 0
          0.0025   7 6 1 0
     4.44089e-16   7 5 2 0
     2.22045e-16   7 4 3 0
     2.22045e-16   7 3 4 0
     4.44089e-16   7 2 5 0
          0.0025   7 1 6 0
            0.01   7 0 7 0
          0.0025   7 6 0 1
     4.44089e-16   7 5 1 1
     2.22045e-16   7 4 2 1
               0   7 3 3 1
     2.22045e-16   7 2 4 1
     4.44089e-16   7 1 5 1
          0.0025   7 0 6 1
     4.44089e-16   7 5 0 2
     4.44089e-16   7 4 1 2
     2.22045e-16   7 3 2 2
     2.22045e-16   7 2 3 2
     4.44089e-16   7 1 4 2
     4.44089e-16   7 0 5 2
     2.22045e-16   7 4 0 3
               0   7 3 1 3
     2.22045e-16   7 2 2 3
     1.11022e-16   7 1 3 3
     2.22045e-16   7 0 4 3
     2.22045e-16   7 3 0 4
     2.22045e-16   7 2 1 4
     4.44089e-16   7 1 2 4
     2.22045e-16   7 0 3 4
     4.44089e-16   7 2 0 5
     4.44089e-16   7 1 1 5
     4.44089e-16   7 0 2 5
          0.0025   7 1 0 6
          0.0025   7 0 1 6
            0.01   7 0 0 7

        0.023875   8 8 0 0
            0.01   8 7 1 0
          0.0025   8 6 2 0
     4.44089e-16   8 5 3 0
     4.44089e-16   8 4 4 0
     4.44089e-16   8 3 5 0
          0.0025   8 2 6 0
            0.01   8 1 7 0
        0.023875   8 0 8 0
            0.01   8 7 0 1
          0.0025   8 6 1 1
     4.44089e-16   8 5 2 1
     2.22045e-16   8 4 3 1
     2.22045e-16   8 3 4 1
     4.44089e-16   8 2 5 1
          0.0025   8 1 6 1
            0.01   8 0 7 1
          0.0025   8 6 0 2
     4.44089e-16   8 5 1 2
     2.22045e-16   8 4 2 2
     2.22045e-16   8 3 3 2
     2.22045e-16   8 2 4 2
     4.44089e-16   8 1 5 2
          0.0025   8 0 6 2
     4.44089e-16   8 5 0 3
     2.22045e-16   8 4 1 3
               0   8 3 2 3
               0   8 2 3 3
     2.22045e-16   8 1 4 3
     4.44089e-16   8 0 5 3
     4.44089e-16   8 4 0 4
     2.22045e-16   8 3 1 4
     2.22045e-16   8 2 2 4
     2.22045e-16   8 1 3 4
     4.44089e-16   8 0 4 4
     4.44089e-16   8 3 0 5
     4.44089e-16   8 2 1 5
     4.44089e-16   8 1 2 5
     4.44089e-16   8 0 3 5
          0.0025   8 2 0 6
          0.0025   8 1 1 6
          0.0025   8 0 2 6
            0.01   8 1 0 7
            0.01   8 0 1 7
        0.023875   8 0 0 8


NINT_EXACTNESS:
  Normal end of execution.

05 May 2007 08:17:43 AM
