         1  -1.33227e-15  -6.26277e-16  
         1           4  -5.23804e-16  
         1           8  4.3843e-16  
         1          12  6.78877e-16  
         1          16  -1.0044e-15  
         1  6.66134e-16           6  
         1           4           6  
         1           8           6  
         1          12           6  
         1          16           6  
         1  -2.22045e-16          12  
         1           4          12  
         1           8          12  
         1          12          12  
         1          16          12  
         1  2.22045e-16          18  
         1           4          18  
         1           8          18  
         1          12          18  
         1          16          18  
         1  1.22125e-15          24  
         1           4          24  
         1           8          24  
         1          12          24  
         1          16          24  
