   6.123031769111886e-17     6.123031769111886e-17  
                      -1     6.123031769111886e-17  
                       1     6.123031769111886e-17  
   6.123031769111886e-17                        -1  
   6.123031769111886e-17                         1  
     -0.7071067811865475     6.123031769111886e-17  
      0.7071067811865476     6.123031769111886e-17  
                      -1                        -1  
                       1                        -1  
                      -1                         1  
                       1                         1  
   6.123031769111886e-17       -0.7071067811865475  
   6.123031769111886e-17        0.7071067811865476  
     -0.9238795325112867     6.123031769111886e-17  
     -0.3826834323650897     6.123031769111886e-17  
      0.3826834323650898     6.123031769111886e-17  
      0.9238795325112867     6.123031769111886e-17  
     -0.7071067811865475                        -1  
      0.7071067811865476                        -1  
     -0.7071067811865475                         1  
      0.7071067811865476                         1  
                      -1       -0.7071067811865475  
                       1       -0.7071067811865475  
                      -1        0.7071067811865476  
                       1        0.7071067811865476  
   6.123031769111886e-17       -0.9238795325112867  
   6.123031769111886e-17       -0.3826834323650897  
   6.123031769111886e-17        0.3826834323650898  
   6.123031769111886e-17        0.9238795325112867  
