         0         0                 2
         1         1                 2
         2         2                 2
         3         3                 2
         4         4                 2
         5         5                 2
         6         6                 2
         7         7                 2
         8         8                 2
         9         9                 2
        10        10                 2
        11        11                 2
        12        12                 2
        13        13                 2
        14        14                 2
        15        15                 2
        16        16                 2
        17        17                 2
        18        18                 2
        19        19                 2
        20        20                 2
        21        21                 2
        22        22                 2
        23        23                 2
        24        24                 2
        25        25                 2
        26        26                 2
        27        27                 2
        28        28                 2
        29        29                 2
        30        30                 2
        31        31                 2
        32        32                 2
        33        33                 2
        34        34                 2
        35        35                 2
        36        36                 2
        37        37                 2
        38        38                 2
        39        39                 2
        40        40                 2
        41        41                 2
        42        42                 2
        43        43                 2
        44        44                 2
        45        45                 2
        46        46                 2
        47        47                 2
        48        48                 2
        49        49                 2
        50        50                 2
        51        51                 2
        52        52                 2
        53        53                 2
        54        54                 2
        55        55                 2
        56        56                 2
        57        57                 2
        58        58                 2
        59        59                 2
        60        60                 2
        61        61                 2
        62        62                 2
        63        63                 2
        64        64                 2
        65        65                 2
        66        66                 2
        67        67                 2
        68        68                 2
        69        69                 2
        70        70                 2
        71        71                 2
        72        72                 2
        73        73                 2
        74        74                 2
        75        75                 2
        76        76                 2
        77        77                 2
        78        78                 2
        79        79                 2
        80        80                 2
        81        81                 2
        82        82                 2
        83        83                 2
        84        84                 2
        85        85                 2
        86        86                 2
        87        87                 2
        88        88                 2
        89        89                 2
        90        90                 2
        91        91                 2
        92        92                 2
        93        93                 2
        94        94                 2
        95        95                 2
        96        96                 2
        97        97                 2
        98        98                 2
        99        99                 2
         1         0                -1
         0         1                -1
         2         1                -1
         1         2                -1
         3         2                -1
         2         3                -1
         4         3                -1
         3         4                -1
         5         4                -1
         4         5                -1
         6         5                -1
         5         6                -1
         7         6                -1
         6         7                -1
         8         7                -1
         7         8                -1
         9         8                -1
         8         9                -1
        10         9                -1
         9        10                -1
        11        10                -1
        10        11                -1
        12        11                -1
        11        12                -1
        13        12                -1
        12        13                -1
        14        13                -1
        13        14                -1
        15        14                -1
        14        15                -1
        16        15                -1
        15        16                -1
        17        16                -1
        16        17                -1
        18        17                -1
        17        18                -1
        19        18                -1
        18        19                -1
        20        19                -1
        19        20                -1
        21        20                -1
        20        21                -1
        22        21                -1
        21        22                -1
        23        22                -1
        22        23                -1
        24        23                -1
        23        24                -1
        25        24                -1
        24        25                -1
        26        25                -1
        25        26                -1
        27        26                -1
        26        27                -1
        28        27                -1
        27        28                -1
        29        28                -1
        28        29                -1
        30        29                -1
        29        30                -1
        31        30                -1
        30        31                -1
        32        31                -1
        31        32                -1
        33        32                -1
        32        33                -1
        34        33                -1
        33        34                -1
        35        34                -1
        34        35                -1
        36        35                -1
        35        36                -1
        37        36                -1
        36        37                -1
        38        37                -1
        37        38                -1
        39        38                -1
        38        39                -1
        40        39                -1
        39        40                -1
        41        40                -1
        40        41                -1
        42        41                -1
        41        42                -1
        43        42                -1
        42        43                -1
        44        43                -1
        43        44                -1
        45        44                -1
        44        45                -1
        46        45                -1
        45        46                -1
        47        46                -1
        46        47                -1
        48        47                -1
        47        48                -1
        49        48                -1
        48        49                -1
        50        49                -1
        49        50                -1
        51        50                -1
        50        51                -1
        52        51                -1
        51        52                -1
        53        52                -1
        52        53                -1
        54        53                -1
        53        54                -1
        55        54                -1
        54        55                -1
        56        55                -1
        55        56                -1
        57        56                -1
        56        57                -1
        58        57                -1
        57        58                -1
        59        58                -1
        58        59                -1
        60        59                -1
        59        60                -1
        61        60                -1
        60        61                -1
        62        61                -1
        61        62                -1
        63        62                -1
        62        63                -1
        64        63                -1
        63        64                -1
        65        64                -1
        64        65                -1
        66        65                -1
        65        66                -1
        67        66                -1
        66        67                -1
        68        67                -1
        67        68                -1
        69        68                -1
        68        69                -1
        70        69                -1
        69        70                -1
        71        70                -1
        70        71                -1
        72        71                -1
        71        72                -1
        73        72                -1
        72        73                -1
        74        73                -1
        73        74                -1
        75        74                -1
        74        75                -1
        76        75                -1
        75        76                -1
        77        76                -1
        76        77                -1
        78        77                -1
        77        78                -1
        79        78                -1
        78        79                -1
        80        79                -1
        79        80                -1
        81        80                -1
        80        81                -1
        82        81                -1
        81        82                -1
        83        82                -1
        82        83                -1
        84        83                -1
        83        84                -1
        85        84                -1
        84        85                -1
        86        85                -1
        85        86                -1
        87        86                -1
        86        87                -1
        88        87                -1
        87        88                -1
        89        88                -1
        88        89                -1
        90        89                -1
        89        90                -1
        91        90                -1
        90        91                -1
        92        91                -1
        91        92                -1
        93        92                -1
        92        93                -1
        94        93                -1
        93        94                -1
        95        94                -1
        94        95                -1
        96        95                -1
        95        96                -1
        97        96                -1
        96        97                -1
        98        97                -1
        97        98                -1
        99        98                -1
        98        99                -1
