#  halton_3_100.txt
#  created by routine HALTON_WRITE.CC
#  at 07 July 2004 02:21:31 PM
#
#  NDIM =            3
#  N =             100
#  STEP =            0
#  SEED =            0           1           2
#  LEAP =            1           2           3
#  BASE =            5           3           7
#  EPSILON (unit roundoff) = 2.22045e-16
#
         0    0.333333    0.285714  
       0.2    0.111111    0.714286  
       0.4    0.777778    0.163265  
       0.6    0.555556    0.591837  
       0.8    0.037037   0.0408163  
      0.04    0.703704    0.469388  
      0.24    0.481481    0.897959  
      0.44    0.259259    0.346939  
      0.64    0.925926     0.77551  
      0.84    0.407407     0.22449  
      0.08    0.185185    0.653061  
      0.28    0.851852    0.102041  
      0.48     0.62963    0.530612  
      0.68   0.0123457    0.959184  
      0.88    0.679012    0.408163  
      0.12     0.45679    0.836735  
      0.32    0.234568    0.145773  
      0.52    0.901235    0.574344  
      0.72    0.382716   0.0233236  
      0.92    0.160494    0.451895  
      0.16     0.82716    0.880466  
      0.36    0.604938    0.329446  
      0.56   0.0864198    0.758017  
      0.76    0.753086    0.206997  
      0.96    0.530864    0.635569  
     0.008    0.308642   0.0845481  
     0.208    0.975309     0.51312  
     0.408    0.358025    0.941691  
     0.608    0.135802    0.390671  
     0.808    0.802469    0.819242  
     0.048    0.580247    0.268222  
     0.248   0.0617284    0.696793  
     0.448    0.728395   0.0058309  
     0.648    0.506173    0.434402  
     0.848    0.283951    0.862974  
     0.088    0.950617    0.311953  
     0.288    0.432099    0.740525  
     0.488    0.209877    0.189504  
     0.688    0.876543    0.618076  
     0.888    0.654321   0.0670554  
     0.128  0.00411523    0.495627  
     0.328    0.670782    0.924198  
     0.528     0.44856    0.373178  
     0.728    0.226337    0.801749  
     0.928    0.893004    0.250729  
     0.168    0.374486      0.6793  
     0.368    0.152263     0.12828  
     0.568     0.81893    0.556851  
     0.768    0.596708    0.985423  
     0.968   0.0781893    0.294461  
     0.016    0.744856    0.723032  
     0.216    0.522634    0.172012  
     0.416    0.300412    0.600583  
     0.616    0.967078   0.0495627  
     0.816    0.349794    0.478134  
     0.056    0.127572    0.906706  
     0.256    0.794239    0.355685  
     0.456    0.572016    0.784257  
     0.656   0.0534979    0.233236  
     0.856    0.720165    0.661808  
     0.096    0.497942    0.110787  
     0.296     0.27572    0.539359  
     0.496    0.942387     0.96793  
     0.696    0.423868     0.41691  
     0.896    0.201646    0.845481  
     0.136    0.868313    0.154519  
     0.336    0.646091     0.58309  
     0.536   0.0288066     0.03207  
     0.736    0.695473    0.460641  
     0.936    0.473251    0.889213  
     0.176    0.251029    0.338192  
     0.376    0.917695    0.766764  
     0.576    0.399177    0.215743  
     0.776    0.176955    0.644315  
     0.976    0.843621   0.0932945  
     0.024    0.621399    0.521866  
     0.224    0.102881    0.950437  
     0.424    0.769547    0.399417  
     0.624    0.547325    0.827988  
     0.824    0.325103    0.276968  
     0.064     0.99177    0.705539  
     0.264    0.341564   0.0145773  
     0.464    0.119342    0.443149  
     0.664    0.786008     0.87172  
     0.864    0.563786      0.3207  
     0.104   0.0452675    0.749271  
     0.304    0.711934    0.198251  
     0.504    0.489712    0.626822  
     0.704     0.26749   0.0758017  
     0.904    0.934156    0.504373  
     0.144    0.415638    0.932945  
     0.344    0.193416    0.381924  
     0.544    0.860082    0.810496  
     0.744     0.63786    0.259475  
     0.944   0.0205761    0.688047  
     0.184    0.687243    0.137026  
     0.384    0.465021    0.565598  
     0.584    0.242798    0.994169  
     0.784    0.909465    0.303207  
     0.984    0.390947    0.731778  
