#  hammersley_2_50.txt
#  created by routine HALHAM_WRITE.CC
#  at 18 October 2004 12:24:20 PM
#
#  NDIM =            2
#  N =              50
#  STEP =            0
#  SEED =            0           0
#  LEAP =            1           1
#  BASE =          -50           2
#  EPSILON (unit roundoff) = 2.22045e-16
#
         0           0  
      0.02         0.5  
      0.04        0.25  
      0.06        0.75  
      0.08       0.125  
       0.1       0.625  
      0.12       0.375  
      0.14       0.875  
      0.16      0.0625  
      0.18      0.5625  
       0.2      0.3125  
      0.22      0.8125  
      0.24      0.1875  
      0.26      0.6875  
      0.28      0.4375  
       0.3      0.9375  
      0.32     0.03125  
      0.34     0.53125  
      0.36     0.28125  
      0.38     0.78125  
       0.4     0.15625  
      0.42     0.65625  
      0.44     0.40625  
      0.46     0.90625  
      0.48     0.09375  
       0.5     0.59375  
      0.52     0.34375  
      0.54     0.84375  
      0.56     0.21875  
      0.58     0.71875  
       0.6     0.46875  
      0.62     0.96875  
      0.64    0.015625  
      0.66    0.515625  
      0.68    0.265625  
       0.7    0.765625  
      0.72    0.140625  
      0.74    0.640625  
      0.76    0.390625  
      0.78    0.890625  
       0.8    0.078125  
      0.82    0.578125  
      0.84    0.328125  
      0.86    0.828125  
      0.88    0.203125  
       0.9    0.703125  
      0.92    0.453125  
      0.94    0.953125  
      0.96    0.046875  
      0.98    0.546875  
