21 November 2007 12:00:13 PM

MD
  C++ version

  A molecular dynamics program, which has been
  modified to include OpenMP directives.
  The OpenMP directives allow the program to be
  run in parallel.


  The number of processors available:
  OMP_GET_NUM_PROCS () =    1

  The number of threads available:
  OMP_GET_NUM_THREADS () =  1

  This is processor 0

  Initialize positions, velocities, and accelerations.

  Compute initial forces and energies.

  Initial Total energy = 124406

      Step      Pot Energy      Kin Energy     (P+K-E0)/E0

         1          124406               0               0
         2          124406       2.095e-06     1.68399e-11
         3          124406      1.8855e-05      1.6839e-11
         4          124406     5.23749e-05     1.68403e-11
         5          124406     0.000102655     1.68398e-11
         6          124406     0.000169695     1.68413e-11
         7          124406     0.000253495     1.68418e-11
         8          124406     0.000354054     1.68433e-11
         9          124406     0.000471374     1.68424e-11
        10          124406     0.000605454     1.68423e-11
        11          124406     0.000756294     1.68405e-11
        12          124406     0.000923894     1.68406e-11
        13          124406      0.00110825     1.68388e-11
        14          124406      0.00130937     1.68364e-11
        15          124406      0.00152726     1.68362e-11
        16          124406       0.0017619     1.68349e-11
        17          124406       0.0020133     1.68319e-11
        18          124406      0.00228146     1.68372e-11
        19          124406      0.00256638     1.68329e-11
        20          124406      0.00286806     1.68315e-11
        21          124406       0.0031865      1.6828e-11
        22          124406      0.00352171     1.68253e-11
        23          124406      0.00387367     1.68219e-11
        24          124406      0.00424239     1.68204e-11
        25          124406      0.00462788     1.68197e-11
        26          124406      0.00503012      1.6814e-11
        27          124406      0.00544913     1.68072e-11
        28          124406       0.0058849     1.68048e-11
        29          124406      0.00633743     1.68024e-11
        30          124406      0.00680671     1.67985e-11
        31          124406      0.00729276      1.6793e-11
        32          124406      0.00779558     1.67874e-11
        33          124406      0.00831515     1.67805e-11
        34          124406      0.00885148     1.67768e-11
        35          124406      0.00940458     1.67706e-11
        36          124406      0.00997444     1.67584e-11
        37          124406       0.0105611     1.67572e-11
        38          124406       0.0111644     1.67511e-11
        39          124406       0.0117846      1.6738e-11
        40          124406       0.0124215       1.673e-11
        41          124406       0.0130751     1.67204e-11
        42          124406       0.0137456     1.67136e-11
        43          124406       0.0144328     1.67007e-11
        44          124406       0.0151367     1.66931e-11
        45          124406       0.0158574     1.66812e-11
        46          124406       0.0165949     1.66701e-11
        47          124406       0.0173492     1.66615e-11
        48          124406       0.0181202     1.66463e-11
        49          124406       0.0189079     1.66349e-11
        50          124406       0.0197125     1.66198e-11
        51          124406       0.0205338     1.66054e-11
        52          124406       0.0213718     1.65897e-11
        53          124406       0.0222266     1.65758e-11
        54          124406       0.0230982     1.65558e-11
        55          124406       0.0239866     1.65429e-11
        56          124406       0.0248917     1.65229e-11
        57          124406       0.0258136     1.65055e-11
        58          124406       0.0267522     1.64892e-11
        59          124406       0.0277076     1.64663e-11
        60          124406       0.0286798     1.64488e-11
        61          124406       0.0296687     1.64268e-11
        62          124406       0.0306744      1.6406e-11
        63          124406       0.0316969     1.63847e-11
        64          124406       0.0327361     1.63626e-11
        65          124406       0.0337921     1.63405e-11
        66          124406       0.0348649     1.63127e-11
        67          124406       0.0359544     1.62916e-11
        68          124406       0.0370607     1.62614e-11
        69          124406       0.0381838     1.62371e-11
        70          124406       0.0393236     1.62052e-11
        71          124406       0.0404802      1.6182e-11
        72          124406       0.0416536     1.61505e-11
        73          124406       0.0428437     1.61232e-11
        74          124406       0.0440506     1.60912e-11
        75          124406       0.0452742     1.60597e-11
        76          124406       0.0465147     1.60264e-11
        77          124406       0.0477719     1.59934e-11
        78          124406       0.0490459     1.59602e-11
        79          124406       0.0503366     1.59266e-11
        80          124406       0.0516441      1.5888e-11
        81          124406       0.0529684     1.58532e-11
        82          124406       0.0543094     1.58119e-11
        83          124406       0.0556672      1.5773e-11
        84          124406       0.0570418      1.5732e-11
        85          124406       0.0584332     1.56931e-11
        86          124406       0.0598413     1.56519e-11
        87          124406       0.0612662     1.56088e-11
        88          124406       0.0627079      1.5564e-11
        89          124406       0.0641663     1.55178e-11
        90          124406       0.0656415     1.54729e-11
        91          124406       0.0671335     1.54259e-11
        92          124406       0.0686422     1.53743e-11
        93          124406       0.0701678     1.53302e-11
        94          124406         0.07171     1.52777e-11
        95          124406       0.0732691      1.5224e-11
        96          124406        0.074845     1.51724e-11
        97          124406       0.0764376     1.51186e-11
        98          124406        0.078047      1.5065e-11
        99          124406       0.0796731     1.50107e-11
       100          124406       0.0813161     1.49538e-11
       101          124406       0.0829758     1.48927e-11
       102          124406       0.0846522     1.48328e-11
       103          124406       0.0863455     1.47732e-11
       104          124406       0.0880555     1.47087e-11
       105          124406       0.0897823     1.46466e-11
       106          124406       0.0915259     1.45834e-11
       107          124406       0.0932863      1.4519e-11
       108          124406       0.0950634     1.44478e-11
       109          124406       0.0968573     1.43842e-11
       110          124406        0.098668      1.4313e-11
       111          124406        0.100495     1.42407e-11
       112          124406         0.10234     1.41722e-11
       113          124406        0.104201     1.40977e-11
       114          124406        0.106079     1.40212e-11
       115          124406        0.107973     1.39451e-11
       116          124406        0.109885      1.3867e-11
       117          124406        0.111813     1.37891e-11
       118          124406        0.113758     1.37072e-11
       119          124406        0.115719     1.36278e-11
       120          124406        0.117698     1.35409e-11
       121          124406        0.119693      1.3462e-11
       122          124406        0.121705     1.33724e-11
       123          124406        0.123734     1.32844e-11
       124          124406        0.125779     1.31964e-11
       125          124406        0.127842     1.31045e-11
       126          124406        0.129921     1.30164e-11
       127          124406        0.132017     1.29225e-11
       128          124406         0.13413     1.28285e-11
       129          124406        0.136259     1.27312e-11
       130          124406        0.138406     1.26324e-11
       131          124406        0.140569      1.2535e-11
       132          124406        0.142748     1.24333e-11
       133          124406        0.144945     1.23314e-11
       134          124406        0.147159     1.22288e-11
       135          124406        0.149389      1.2123e-11
       136          124406        0.151636     1.20132e-11
       137          124406          0.1539     1.19033e-11
       138          124406         0.15618     1.17944e-11
       139          124406        0.158478     1.16846e-11
       140          124406        0.160792     1.15717e-11
       141          124406        0.163123     1.14532e-11
       142          124406         0.16547     1.13382e-11
       143          124406        0.167835     1.12192e-11
       144          124406        0.170216     1.10953e-11
       145          124406        0.172614     1.09751e-11
       146          124406        0.175029     1.08521e-11
       147          124406        0.177461     1.07245e-11
       148          124406        0.179909      1.0599e-11
       149          124406        0.182375      1.0469e-11
       150          124406        0.184857     1.03385e-11
       151          124406        0.187356     1.02079e-11
       152          124406        0.189871     1.00732e-11
       153          124406        0.192404     9.93643e-12
       154          124406        0.194953     9.79852e-12
       155          124406        0.197519     9.66003e-12
       156          124406        0.200102     9.51451e-12
       157          124406        0.202701     9.37169e-12
       158          124406        0.205318     9.22548e-12
       159          124406        0.207951     9.08161e-12
       160          124406        0.210601       8.932e-12
       161          124406        0.213268     8.77877e-12
       162          124406        0.215952     8.62647e-12
       163          124406        0.218652     8.47125e-12
       164          124406        0.221369     8.31404e-12
       165          124406        0.224103     8.15426e-12
       166          124406        0.226854     7.99015e-12
       167          124406        0.229622     7.82885e-12
       168          124406        0.232406     7.66404e-12
       169          124406        0.235207     7.50005e-12
       170          124406        0.238025     7.33032e-12
       171          124406         0.24086     7.15802e-12
       172          124406        0.243712     6.98608e-12
       173          124406         0.24658     6.81027e-12
       174          124406        0.249465     6.63212e-12
       175          124406        0.252367     6.45351e-12
       176          124406        0.255286     6.27513e-12
       177          124406        0.258222      6.0895e-12
       178          124406        0.261174     5.90644e-12
       179          124406        0.264143     5.71963e-12
       180          124406        0.267129     5.52885e-12
       181          124406        0.270132     5.34018e-12
       182          124406        0.273152     5.13981e-12
       183          124406        0.276188     4.94739e-12
       184          124406        0.279242     4.74948e-12
       185          124406        0.282312     4.55016e-12
       186          124406        0.285399     4.34581e-12
       187          124406        0.288502     4.14147e-12
       188          124406        0.291623     3.93782e-12
       189          124406         0.29476     3.72739e-12
       190          124406        0.297914      3.5131e-12
       191          124406        0.301085     3.30197e-12
       192          124406        0.304273     3.08487e-12
       193          124406        0.307478     2.86567e-12
       194          124406        0.310699     2.64342e-12
       195          124406        0.313937     2.42469e-12
       196          124406        0.317192     2.19765e-12
       197          124406        0.320464     1.97096e-12
       198          124406        0.323753     1.73737e-12
       199          124406        0.327058     1.50705e-12
       200          124406        0.330381     1.27404e-12
       201          124406         0.33372     1.03554e-12
       202          124406        0.337076     7.95752e-13
       203          124406        0.340448     5.53271e-13
       204          124406        0.343838     3.09388e-13
       205          124406        0.347244     6.53866e-14
       206          124406        0.350668    -1.84112e-13
       207          124406        0.354108    -4.36418e-13
       208          124406        0.357564    -6.90361e-13
       209          124406        0.361038    -9.46176e-13
       210          124406        0.364529    -1.20562e-12
       211          124406        0.368036    -1.46927e-12
       212          124406         0.37156    -1.73011e-12
       213          124406        0.375101    -2.00067e-12
       214          124406        0.378659    -2.26818e-12
       215          124406        0.382234    -2.53733e-12
       216          124406        0.385825    -2.81724e-12
       217          124406        0.389433    -3.09013e-12
       218          124406        0.393058      -3.367e-12
       219          124406          0.3967    -3.65194e-12
       220          124406        0.400359    -3.93595e-12
       221          124406        0.404035    -4.22054e-12
       222          124406        0.407727    -4.50957e-12
       223          124406        0.411436    -4.80551e-12
       224          124406        0.415163    -5.10226e-12
       225          124406        0.418906    -5.39621e-12
       226          124406        0.422665    -5.69694e-12
       227          124406        0.426442    -5.99826e-12
       228          124406        0.430235    -6.30472e-12
       229          124406        0.434046    -6.61621e-12
       230          124406        0.437873    -6.92525e-12
       231          124406        0.441717    -7.23686e-12
       232          124406        0.445578    -7.55397e-12
       233          124406        0.449455    -7.87388e-12
       234          124406         0.45335    -8.19754e-12
       235          124406        0.457261    -8.52026e-12
       236          124406        0.461189    -8.84837e-12
       237          124406        0.465134    -9.17881e-12
       238          124406        0.469096    -9.51405e-12
       239          124406        0.473075    -9.85081e-12
       240          124406         0.47707    -1.01863e-11
       241          124406        0.481083    -1.05334e-11
       242          124406        0.485112    -1.08782e-11
       243          124406        0.489158    -1.12226e-11
       244          124406        0.493221    -1.15751e-11
       245          124406          0.4973    -1.19283e-11
       246          124406        0.501397    -1.22841e-11
       247          124406         0.50551    -1.26455e-11
       248          124406        0.509641    -1.30047e-11
       249          124406        0.513788    -1.33702e-11
       250          124406        0.517952    -1.37367e-11
       251          124406        0.522133    -1.41083e-11
       252          124406        0.526331    -1.44834e-11
       253          124406        0.530545     -1.4858e-11
       254          124406        0.534776    -1.52434e-11
       255          124406        0.539025    -1.56269e-11
       256          124406         0.54329      -1.601e-11
       257          124406        0.547572    -1.63995e-11
       258          124406        0.551871    -1.67867e-11
       259          124406        0.556186    -1.71871e-11
       260          124406        0.560519    -1.75867e-11
       261          124406        0.564868    -1.79844e-11
       262          124406        0.569235    -1.83901e-11
       263          124406        0.573618    -1.88021e-11
       264          124406        0.578018    -1.92047e-11
       265          124406        0.582435    -1.96216e-11
       266          124406        0.586868    -2.00376e-11
       267          124406        0.591319    -2.04569e-11
       268          124406        0.595786    -2.08845e-11
       269          124406        0.600271    -2.13091e-11
       270          124406        0.604772    -2.17402e-11
       271          124406         0.60929    -2.21732e-11
       272          124406        0.613825    -2.26035e-11
       273          124406        0.618377    -2.30498e-11
       274          124406        0.622945    -2.34891e-11
       275          124406        0.627531     -2.3936e-11
       276          124406        0.632133    -2.43869e-11
       277          124406        0.636752    -2.48406e-11
       278          124406        0.641389     -2.5295e-11
       279          124406        0.646042    -2.57551e-11
       280          124406        0.650711    -2.62138e-11
       281          124406        0.655398    -2.66822e-11
       282          124406        0.660102     -2.7151e-11
       283          124406        0.664822    -2.76244e-11
       284          124406         0.66956    -2.80996e-11
       285          124406        0.674314    -2.85805e-11
       286          124406        0.679085    -2.90621e-11
       287          124406        0.683873    -2.95442e-11
       288          124406        0.688678    -3.00362e-11
       289          124406          0.6935    -3.05295e-11
       290          124406        0.698339    -3.10215e-11
       291          124406        0.703194    -3.15252e-11
       292          124406        0.708067    -3.20273e-11
       293          124406        0.712956    -3.25346e-11
       294          124406        0.717862    -3.30432e-11
       295          124406        0.722785    -3.35599e-11
       296          124406        0.727725    -3.40764e-11
       297          124406        0.732682    -3.45982e-11
       298          124406        0.737656    -3.51226e-11
       299          124406        0.742647    -3.56478e-11
       300          124406        0.747654    -3.61789e-11
       301          124406        0.752679    -3.67123e-11
       302          124406         0.75772    -3.72542e-11
       303          124406        0.762778    -3.77956e-11
       304          124406        0.767853     -3.8338e-11
       305          124406        0.772945    -3.88896e-11
       306          124406        0.778054     -3.9444e-11
       307          124406         0.78318    -4.00021e-11
       308          124406        0.788323    -4.05583e-11
       309          124406        0.793482    -4.11233e-11
       310          124406        0.798659      -4.169e-11
       311          124406        0.803852    -4.22632e-11
       312          124406        0.809063    -4.28356e-11
       313          124406         0.81429    -4.34163e-11
       314          124406        0.819534     -4.3997e-11
       315          124406        0.824795    -4.45821e-11
       316          124406        0.830073    -4.51715e-11
       317          124406        0.835368    -4.57634e-11
       318          124406         0.84068    -4.63619e-11
       319          124406        0.846008     -4.6964e-11
       320          124406        0.851354    -4.75688e-11
       321          124406        0.856716    -4.81766e-11
       322          124406        0.862096    -4.87898e-11
       323          124406        0.867492    -4.94075e-11
       324          124406        0.872905    -5.00269e-11
       325          124406        0.878335    -5.06516e-11
       326          124406        0.883782    -5.12798e-11
       327          124406        0.889246    -5.19104e-11
       328          124406        0.894727    -5.25455e-11
       329          124406        0.900225     -5.3184e-11
       330          124406         0.90574    -5.38304e-11
       331          124406        0.911271    -5.44763e-11
       332          124406         0.91682    -5.51267e-11
       333          124406        0.922386    -5.57799e-11
       334          124406        0.927968    -5.64415e-11
       335          124406        0.933567    -5.71023e-11
       336          124406        0.939184    -5.77695e-11
       337          124406        0.944817    -5.84411e-11
       338          124406        0.950467     -5.9117e-11
       339          124406        0.956134    -5.97938e-11
       340          124406        0.961818    -6.04788e-11
       341          124406        0.967519    -6.11646e-11
       342          124406        0.973237    -6.18582e-11
       343          124406        0.978971    -6.25531e-11
       344          124406        0.984723    -6.32537e-11
       345          124405        0.990492    -6.39541e-11
       346          124405        0.996277    -6.46629e-11
       347          124405         1.00208     -6.5376e-11
       348          124405          1.0079      -6.609e-11
       349          124405         1.01374    -6.68136e-11
       350          124405         1.01959    -6.75344e-11
       351          124405         1.02546    -6.82666e-11
       352          124405         1.03135    -6.89953e-11
       353          124405         1.03725    -6.97328e-11
       354          124405         1.04317    -7.04705e-11
       355          124405         1.04911      -7.122e-11
       356          124405         1.05506    -7.19634e-11
       357          124405         1.06104    -7.27216e-11
       358          124405         1.06703    -7.34756e-11
       359          124405         1.07303    -7.42407e-11
       360          124405         1.07905    -7.50029e-11
       361          124405         1.08509    -7.57746e-11
       362          124405         1.09115    -7.65488e-11
       363          124405         1.09722    -7.73285e-11
       364          124405         1.10331    -7.81113e-11
       365          124405         1.10942    -7.88967e-11
       366          124405         1.11555    -7.96891e-11
       367          124405         1.12169    -8.04878e-11
       368          124405         1.12785    -8.12855e-11
       369          124405         1.13402    -8.20938e-11
       370          124405         1.14021     -8.2905e-11
       371          124405         1.14642    -8.37182e-11
       372          124405         1.15265     -8.4535e-11
       373          124405         1.15889    -8.53542e-11
       374          124405         1.16515    -8.61832e-11
       375          124405         1.17143    -8.70154e-11
       376          124405         1.17772    -8.78487e-11
       377          124405         1.18404    -8.86881e-11
       378          124405         1.19036    -8.95389e-11
       379          124405         1.19671    -9.03806e-11
       380          124405         1.20307     -9.1243e-11
       381          124405         1.20945    -9.20957e-11
       382          124405         1.21585    -9.29633e-11
       383          124405         1.22226    -9.38293e-11
       384          124405         1.22869    -9.46962e-11
       385          124405         1.23514    -9.55726e-11
       386          124405          1.2416    -9.64557e-11
       387          124405         1.24808    -9.73383e-11
       388          124405         1.25458    -9.82297e-11
       389          124405         1.26109    -9.91225e-11
       390          124405         1.26762    -1.00027e-10
       391          124405         1.27417    -1.00929e-10
       392          124405         1.28074    -1.01838e-10
       393          124405         1.28732    -1.02752e-10
       394          124405         1.29392    -1.03672e-10
       395          124405         1.30054    -1.04591e-10
       396          124405         1.30717    -1.05518e-10
       397          124405         1.31382    -1.06449e-10
       398          124405         1.32049    -1.07382e-10
       399          124405         1.32718    -1.08329e-10
       400          124405         1.33388    -1.09274e-10
       401          124405          1.3406    -1.10226e-10
       402          124405         1.34733     -1.1118e-10
       403          124405         1.35408    -1.12142e-10
       404          124405         1.36085    -1.13102e-10
       405          124405         1.36764    -1.14075e-10
       406          124405         1.37444    -1.15052e-10
       407          124405         1.38126    -1.16029e-10
       408          124405          1.3881    -1.17008e-10
       409          124405         1.39496    -1.18001e-10
       410          124405         1.40183    -1.18995e-10
       411          124405         1.40872    -1.19993e-10
       412          124405         1.41562       -1.21e-10
       413          124405         1.42255    -1.22007e-10
       414          124405         1.42949     -1.2302e-10
       415          124405         1.43644     -1.2404e-10
       416          124405         1.44342    -1.25061e-10
       417          124405         1.45041    -1.26091e-10
       418          124405         1.45741    -1.27125e-10
       419          124405         1.46444    -1.28162e-10
       420          124405         1.47148    -1.29207e-10
       421          124405         1.47854    -1.30254e-10
       422          124405         1.48562    -1.31308e-10
       423          124405         1.49271    -1.32363e-10
       424          124405         1.49982    -1.33427e-10
       425          124405         1.50695    -1.34494e-10
       426          124405         1.51409    -1.35565e-10
       427          124405         1.52125    -1.36643e-10
       428          124405         1.52843    -1.37731e-10
       429          124405         1.53562    -1.38817e-10
       430          124405         1.54284    -1.39908e-10
       431          124405         1.55006    -1.41011e-10
       432          124405         1.55731    -1.42112e-10
       433          124405         1.56457    -1.43222e-10
       434          124405         1.57185    -1.44332e-10
       435          124405         1.57915    -1.45452e-10
       436          124405         1.58647    -1.46579e-10
       437          124405          1.5938    -1.47706e-10
       438          124405         1.60115    -1.48839e-10
       439          124405         1.60851    -1.49975e-10
       440          124405         1.61589    -1.51123e-10
       441          124405         1.62329     -1.5227e-10
       442          124405         1.63071     -1.5343e-10
       443          124405         1.63814    -1.54586e-10
       444          124405         1.64559    -1.55753e-10
       445          124405         1.65306    -1.56924e-10
       446          124405         1.66055    -1.58102e-10
       447          124405         1.66805    -1.59283e-10
       448          124405         1.67557    -1.60466e-10
       449          124405          1.6831    -1.61658e-10
       450          124405         1.69066    -1.62858e-10
       451          124405         1.69823    -1.64057e-10
       452          124405         1.70581    -1.65268e-10
       453          124405         1.71342    -1.66475e-10
       454          124405         1.72104    -1.67699e-10
       455          124405         1.72868    -1.68923e-10
       456          124405         1.73633     -1.7015e-10
       457          124405         1.74401    -1.71386e-10
       458          124405         1.75169    -1.72627e-10
       459          124405          1.7594    -1.73875e-10
       460          124405         1.76712    -1.75123e-10
       461          124405         1.77487     -1.7638e-10
       462          124405         1.78262    -1.77645e-10
       463          124405          1.7904    -1.78908e-10
       464          124405         1.79819    -1.80179e-10
       465          124405           1.806    -1.81457e-10
       466          124405         1.81383    -1.82743e-10
       467          124405         1.82167    -1.84034e-10
       468          124405         1.82953    -1.85329e-10
       469          124405         1.83741    -1.86629e-10
       470          124405          1.8453    -1.87931e-10
       471          124405         1.85321    -1.89245e-10
       472          124405         1.86114    -1.90562e-10
       473          124405         1.86909    -1.91882e-10
       474          124405         1.87705    -1.93211e-10
       475          124405         1.88503    -1.94544e-10
       476          124405         1.89303    -1.95885e-10
       477          124405         1.90104    -1.97231e-10
       478          124405         1.90907    -1.98579e-10
       479          124405         1.91712    -1.99936e-10
       480          124405         1.92518    -2.01298e-10
       481          124405         1.93327    -2.02667e-10
       482          124405         1.94137    -2.04041e-10
       483          124405         1.94948    -2.05423e-10
       484          124405         1.95762    -2.06806e-10
       485          124405         1.96577    -2.08199e-10
       486          124405         1.97394    -2.09597e-10
       487          124405         1.98212       -2.11e-10
       488          124404         1.99032    -2.12405e-10
       489          124404         1.99854    -2.13824e-10
       490          124404         2.00678    -2.15241e-10
       491          124404         2.01503     -2.1667e-10
       492          124404          2.0233      -2.181e-10
       493          124404         2.03159     -2.1954e-10
       494          124404          2.0399    -2.20982e-10
       495          124404         2.04822     -2.2243e-10
       496          124404         2.05656    -2.23885e-10
       497          124404         2.06491    -2.25346e-10
       498          124404         2.07329    -2.26812e-10
       499          124404         2.08168    -2.28286e-10
       500          124404         2.09008    -2.29763e-10
       501          124404         2.09851     -2.3125e-10
       502          124404         2.10695    -2.32738e-10
       503          124404         2.11541    -2.34239e-10
       504          124404         2.12389    -2.35738e-10
       505          124404         2.13238    -2.37244e-10
       506          124404         2.14089     -2.3876e-10
       507          124404         2.14942     -2.4028e-10
       508          124404         2.15796    -2.41805e-10
       509          124404         2.16652    -2.43339e-10
       510          124404          2.1751    -2.44877e-10
       511          124404          2.1837    -2.46421e-10
       512          124404         2.19231    -2.47968e-10
       513          124404         2.20094    -2.49527e-10
       514          124404         2.20959    -2.51088e-10
       515          124404         2.21826    -2.52661e-10
       516          124404         2.22694    -2.54234e-10
       517          124404         2.23564    -2.55814e-10
       518          124404         2.24435      -2.574e-10
       519          124404         2.25309     -2.5899e-10
       520          124404         2.26184    -2.60591e-10
       521          124404          2.2706    -2.62196e-10
       522          124404         2.27939    -2.63807e-10
       523          124404         2.28819    -2.65425e-10
       524          124404         2.29701    -2.67047e-10
       525          124404         2.30585     -2.6868e-10
       526          124404          2.3147    -2.70311e-10
       527          124404         2.32357    -2.71952e-10
       528          124404         2.33246    -2.73603e-10
       529          124404         2.34136    -2.75259e-10
       530          124404         2.35029    -2.76919e-10
       531          124404         2.35923    -2.78586e-10
       532          124404         2.36818     -2.8026e-10
       533          124404         2.37716    -2.81937e-10
       534          124404         2.38615    -2.83623e-10
       535          124404         2.39515    -2.85312e-10
       536          124404         2.40418    -2.87014e-10
       537          124404         2.41322    -2.88715e-10
       538          124404         2.42228    -2.90429e-10
       539          124404         2.43136    -2.92143e-10
       540          124404         2.44045    -2.93871e-10
       541          124404         2.44956    -2.95598e-10
       542          124404         2.45869    -2.97336e-10
       543          124404         2.46784    -2.99075e-10
       544          124404           2.477    -3.00825e-10
       545          124404         2.48618    -3.02579e-10
       546          124404         2.49538    -3.04345e-10
       547          124404         2.50459    -3.06113e-10
       548          124404         2.51382    -3.07886e-10
       549          124404         2.52307    -3.09666e-10
       550          124404         2.53234    -3.11455e-10
       551          124404         2.54162    -3.13249e-10
       552          124404         2.55092    -3.15051e-10
       553          124404         2.56024    -3.16852e-10
       554          124404         2.56957    -3.18668e-10
       555          124404         2.57893    -3.20487e-10
       556          124404          2.5883    -3.22315e-10
       557          124404         2.59768     -3.2415e-10
       558          124404         2.60709    -3.25987e-10
       559          124404         2.61651    -3.27832e-10
       560          124404         2.62594    -3.29685e-10
       561          124404          2.6354    -3.31544e-10
       562          124404         2.64487     -3.3341e-10
       563          124404         2.65436    -3.35283e-10
       564          124404         2.66387    -3.37164e-10
       565          124404         2.67339     -3.3905e-10
       566          124404         2.68294    -3.40939e-10
       567          124404         2.69249    -3.42841e-10
       568          124404         2.70207    -3.44745e-10
       569          124404         2.71166    -3.46658e-10
       570          124404         2.72127    -3.48576e-10
       571          124404          2.7309    -3.50503e-10
       572          124404         2.74055    -3.52434e-10
       573          124404         2.75021    -3.54372e-10
       574          124404         2.75989    -3.56319e-10
       575          124404         2.76958     -3.5827e-10
       576          124404          2.7793    -3.60234e-10
       577          124404         2.78903    -3.62197e-10
       578          124404         2.79878    -3.64168e-10
       579          124404         2.80854    -3.66151e-10
       580          124404         2.81833    -3.68135e-10
       581          124404         2.82813    -3.70129e-10
       582          124404         2.83794     -3.7213e-10
       583          124404         2.84778    -3.74133e-10
       584          124404         2.85763    -3.76148e-10
       585          124404          2.8675    -3.78173e-10
       586          124404         2.87739    -3.80197e-10
       587          124404         2.88729    -3.82236e-10
       588          124404         2.89721    -3.84276e-10
       589          124404         2.90715    -3.86321e-10
       590          124404         2.91711    -3.88374e-10
       591          124404         2.92708    -3.90435e-10
       592          124404         2.93707    -3.92505e-10
       593          124404         2.94708    -3.94582e-10
       594          124404          2.9571    -3.96664e-10
       595          124404         2.96714    -3.98751e-10
       596          124404          2.9772    -4.00852e-10
       597          124403         2.98728    -4.02955e-10
       598          124403         2.99737    -4.05065e-10
       599          124403         3.00748    -4.07179e-10
       600          124403         3.01761    -4.09307e-10
       601          124403         3.02776    -4.11437e-10
       602          124403         3.03792    -4.13578e-10
       603          124403          3.0481    -4.15721e-10
       604          124403          3.0583    -4.17878e-10
       605          124403         3.06851    -4.20037e-10
       606          124403         3.07874    -4.22197e-10
       607          124403         3.08899    -4.24361e-10
       608          124403         3.09926    -4.26536e-10
       609          124403         3.10954    -4.28716e-10
       610          124403         3.11985    -4.30902e-10
       611          124403         3.13016    -4.33094e-10
       612          124403          3.1405    -4.35294e-10
       613          124403         3.15085    -4.37502e-10
       614          124403         3.16122    -4.39722e-10
       615          124403         3.17161    -4.41942e-10
       616          124403         3.18202    -4.44175e-10
       617          124403         3.19244     -4.4641e-10
       618          124403         3.20288    -4.48655e-10
       619          124403         3.21334    -4.50905e-10
       620          124403         3.22381    -4.53161e-10
       621          124403          3.2343    -4.55422e-10
       622          124403         3.24481    -4.57695e-10
       623          124403         3.25534    -4.59969e-10
       624          124403         3.26588    -4.62249e-10
       625          124403         3.27644    -4.64544e-10
       626          124403         3.28702    -4.66841e-10
       627          124403         3.29762    -4.69153e-10
       628          124403         3.30823    -4.71471e-10
       629          124403         3.31886    -4.73797e-10
       630          124403         3.32951     -4.7613e-10
       631          124403         3.34018    -4.78469e-10
       632          124403         3.35086    -4.80816e-10
       633          124403         3.36156    -4.83173e-10
       634          124403         3.37228    -4.85533e-10
       635          124403         3.38301    -4.87907e-10
       636          124403         3.39376    -4.90278e-10
       637          124403         3.40453    -4.92663e-10
       638          124403         3.41532    -4.95055e-10
       639          124403         3.42612    -4.97454e-10
       640          124403         3.43694    -4.99861e-10
       641          124403         3.44778    -5.02274e-10
       642          124403         3.45864    -5.04696e-10
       643          124403         3.46951    -5.07126e-10
       644          124403          3.4804    -5.09561e-10
       645          124403         3.49131    -5.12003e-10
       646          124403         3.50224    -5.14454e-10
       647          124403         3.51318    -5.16913e-10
       648          124403         3.52414    -5.19381e-10
       649          124403         3.53512    -5.21852e-10
       650          124403         3.54611    -5.24333e-10
       651          124403         3.55713    -5.26828e-10
       652          124403         3.56816    -5.29319e-10
       653          124403          3.5792    -5.31824e-10
       654          124403         3.59027    -5.34333e-10
       655          124403         3.60135    -5.36854e-10
       656          124403         3.61245    -5.39382e-10
       657          124403         3.62357    -5.41914e-10
       658          124403          3.6347     -5.4446e-10
       659          124403         3.64585    -5.47007e-10
       660          124403         3.65702    -5.49568e-10
       661          124403         3.66821    -5.52129e-10
       662          124403         3.67941    -5.54701e-10
       663          124403         3.69063    -5.57281e-10
       664          124403         3.70187    -5.59869e-10
       665          124403         3.71313    -5.62469e-10
       666          124403          3.7244    -5.65073e-10
       667          124403         3.73569    -5.67681e-10
       668          124403           3.747      -5.703e-10
       669          124403         3.75833    -5.72927e-10
       670          124403         3.76967     -5.7556e-10
       671          124403         3.78103    -5.78196e-10
       672          124403         3.79241     -5.8084e-10
       673          124403          3.8038    -5.83496e-10
       674          124403         3.81522    -5.86158e-10
       675          124403         3.82665    -5.88826e-10
       676          124403         3.83809    -5.91504e-10
       677          124403         3.84956    -5.94186e-10
       678          124403         3.86104    -5.96878e-10
       679          124403         3.87254    -5.99577e-10
       680          124403         3.88406     -6.0229e-10
       681          124403         3.89559    -6.05004e-10
       682          124403         3.90715    -6.07728e-10
       683          124403         3.91872    -6.10463e-10
       684          124403          3.9303    -6.13201e-10
       685          124403         3.94191    -6.15947e-10
       686          124403         3.95353    -6.18705e-10
       687          124403         3.96517    -6.21464e-10
       688          124403         3.97683     -6.2424e-10
       689          124402          3.9885     -6.2702e-10
       690          124402         4.00019    -6.29808e-10
       691          124402          4.0119      -6.326e-10
       692          124402         4.02363    -6.35404e-10
       693          124402         4.03537    -6.38218e-10
       694          124402         4.04714    -6.41035e-10
       695          124402         4.05892     -6.4386e-10
       696          124402         4.07071    -6.46698e-10
       697          124402         4.08253     -6.4954e-10
       698          124402         4.09436    -6.52393e-10
       699          124402         4.10621    -6.55252e-10
       700          124402         4.11807    -6.58119e-10
       701          124402         4.12996    -6.60994e-10
       702          124402         4.14186    -6.63876e-10
       703          124402         4.15378    -6.66769e-10
       704          124402         4.16572    -6.69671e-10
       705          124402         4.17767    -6.72578e-10
       706          124402         4.18964    -6.75492e-10
       707          124402         4.20163    -6.78417e-10
       708          124402         4.21364    -6.81347e-10
       709          124402         4.22566    -6.84288e-10
       710          124402          4.2377    -6.87235e-10
       711          124402         4.24976    -6.90191e-10
       712          124402         4.26184     -6.9316e-10
       713          124402         4.27393    -6.96129e-10
       714          124402         4.28604    -6.99113e-10
       715          124402         4.29817    -7.02101e-10
       716          124402         4.31032    -7.05101e-10
       717          124402         4.32248    -7.08106e-10
       718          124402         4.33467    -7.11119e-10
       719          124402         4.34686    -7.14141e-10
       720          124402         4.35908    -7.17173e-10
       721          124402         4.37132    -7.20217e-10
       722          124402         4.38357    -7.23263e-10
       723          124402         4.39584    -7.26321e-10
       724          124402         4.40812    -7.29389e-10
       725          124402         4.42043    -7.32464e-10
       726          124402         4.43275     -7.3555e-10
       727          124402         4.44509    -7.38639e-10
       728          124402         4.45745    -7.41735e-10
       729          124402         4.46982    -7.44844e-10
       730          124402         4.48221    -7.47954e-10
       731          124402         4.49462    -7.51079e-10
       732          124402         4.50705    -7.54208e-10
       733          124402         4.51949     -7.5735e-10
       734          124402         4.53195    -7.60495e-10
       735          124402         4.54443    -7.63656e-10
       736          124402         4.55693    -7.66816e-10
       737          124402         4.56945    -7.69987e-10
       738          124402         4.58198    -7.73173e-10
       739          124402         4.59453    -7.76359e-10
       740          124402          4.6071    -7.79558e-10
       741          124402         4.61968    -7.82764e-10
       742          124402         4.63228    -7.85979e-10
       743          124402          4.6449    -7.89205e-10
       744          124402         4.65754    -7.92442e-10
       745          124402          4.6702     -7.9568e-10
       746          124402         4.68287     -7.9893e-10
       747          124402         4.69556    -8.02187e-10
       748          124402         4.70827    -8.05452e-10
       749          124402           4.721    -8.08729e-10
       750          124402         4.73374    -8.12013e-10
       751          124402          4.7465    -8.15305e-10
       752          124402         4.75928    -8.18609e-10
       753          124402         4.77207    -8.21914e-10
       754          124402         4.78489    -8.25234e-10
       755          124402         4.79772    -8.28564e-10
       756          124402         4.81057    -8.31897e-10
       757          124402         4.82343    -8.35242e-10
       758          124402         4.83632    -8.38598e-10
       759          124402         4.84922    -8.41954e-10
       760          124402         4.86214    -8.45329e-10
       761          124402         4.87508    -8.48706e-10
       762          124402         4.88803    -8.52095e-10
       763          124402           4.901    -8.55491e-10
       764          124402         4.91399    -8.58899e-10
       765          124402           4.927    -8.62311e-10
       766          124402         4.94002    -8.65734e-10
       767          124402         4.95307    -8.69167e-10
       768          124402         4.96613    -8.72608e-10
       769          124402          4.9792    -8.76062e-10
       770          124401          4.9923    -8.79524e-10
       771          124401         5.00541    -8.82995e-10
       772          124401         5.01854    -8.86474e-10
       773          124401         5.03169    -8.89967e-10
       774          124401         5.04486    -8.93461e-10
       775          124401         5.05804    -8.96969e-10
       776          124401         5.07124    -9.00483e-10
       777          124401         5.08446    -9.04008e-10
       778          124401          5.0977    -9.07543e-10
       779          124401         5.11095    -9.11086e-10
       780          124401         5.12422    -9.14638e-10
       781          124401         5.13751    -9.18196e-10
       782          124401         5.15082    -9.21767e-10
       783          124401         5.16415    -9.25344e-10
       784          124401         5.17749    -9.28929e-10
       785          124401         5.19085    -9.32525e-10
       786          124401         5.20423    -9.36127e-10
       787          124401         5.21762    -9.39746e-10
       788          124401         5.23103    -9.43368e-10
       789          124401         5.24447    -9.46999e-10
       790          124401         5.25791    -9.50638e-10
       791          124401         5.27138    -9.54292e-10
       792          124401         5.28486     -9.5795e-10
       793          124401         5.29837    -9.61618e-10
       794          124401         5.31188    -9.65293e-10
       795          124401         5.32542    -9.68985e-10
       796          124401         5.33898    -9.72677e-10
       797          124401         5.35255    -9.76383e-10
       798          124401         5.36614    -9.80096e-10
       799          124401         5.37975    -9.83821e-10
       800          124401         5.39337     -9.8755e-10
       801          124401         5.40701    -9.91289e-10
       802          124401         5.42067    -9.95041e-10
       803          124401         5.43435    -9.98801e-10
       804          124401         5.44805    -1.00257e-09
       805          124401         5.46176    -1.00635e-09
       806          124401         5.47549    -1.01014e-09
       807          124401         5.48924    -1.01393e-09
       808          124401         5.50301    -1.01774e-09
       809          124401          5.5168    -1.02155e-09
       810          124401          5.5306    -1.02537e-09
       811          124401         5.54442    -1.02921e-09
       812          124401         5.55826    -1.03305e-09
       813          124401         5.57211     -1.0369e-09
       814          124401         5.58599    -1.04076e-09
       815          124401         5.59988    -1.04463e-09
       816          124401         5.61379    -1.04851e-09
       817          124401         5.62771     -1.0524e-09
       818          124401         5.64166     -1.0563e-09
       819          124401         5.65562    -1.06022e-09
       820          124401          5.6696    -1.06416e-09
       821          124401          5.6836     -1.0681e-09
       822          124401         5.69761    -1.07205e-09
       823          124401         5.71164    -1.07601e-09
       824          124401         5.72569    -1.07998e-09
       825          124401         5.73976    -1.08396e-09
       826          124401         5.75385    -1.08795e-09
       827          124401         5.76795    -1.09195e-09
       828          124401         5.78208    -1.09596e-09
       829          124401         5.79622    -1.09998e-09
       830          124401         5.81037    -1.10401e-09
       831          124401         5.82455    -1.10804e-09
       832          124401         5.83874    -1.11209e-09
       833          124401         5.85295    -1.11615e-09
       834          124401         5.86718    -1.12021e-09
       835          124401         5.88143    -1.12429e-09
       836          124401         5.89569    -1.12837e-09
       837          124401         5.90997    -1.13247e-09
       838          124401         5.92427    -1.13657e-09
       839          124401         5.93859    -1.14069e-09
       840          124401         5.95292    -1.14481e-09
       841          124401         5.96728    -1.14894e-09
       842          124401         5.98165    -1.15308e-09
       843          124400         5.99604    -1.15723e-09
       844          124400         6.01044    -1.16139e-09
       845          124400         6.02487    -1.16557e-09
       846          124400         6.03931    -1.16975e-09
       847          124400         6.05377    -1.17394e-09
       848          124400         6.06825    -1.17814e-09
       849          124400         6.08274    -1.18235e-09
       850          124400         6.09726    -1.18657e-09
       851          124400         6.11179     -1.1908e-09
       852          124400         6.12634    -1.19504e-09
       853          124400          6.1409    -1.19928e-09
       854          124400         6.15549    -1.20354e-09
       855          124400         6.17009    -1.20781e-09
       856          124400         6.18471    -1.21209e-09
       857          124400         6.19935    -1.21637e-09
       858          124400           6.214    -1.22067e-09
       859          124400         6.22868    -1.22498e-09
       860          124400         6.24337     -1.2293e-09
       861          124400         6.25808    -1.23364e-09
       862          124400         6.27281    -1.23798e-09
       863          124400         6.28755    -1.24234e-09
       864          124400         6.30231     -1.2467e-09
       865          124400          6.3171    -1.25108e-09
       866          124400         6.33189    -1.25547e-09
       867          124400         6.34671    -1.25987e-09
       868          124400         6.36155    -1.26427e-09
       869          124400          6.3764    -1.26868e-09
       870          124400         6.39127    -1.27311e-09
       871          124400         6.40616    -1.27754e-09
       872          124400         6.42106    -1.28199e-09
       873          124400         6.43599    -1.28644e-09
       874          124400         6.45093    -1.29091e-09
       875          124400         6.46589    -1.29538e-09
       876          124400         6.48087    -1.29987e-09
       877          124400         6.49586    -1.30436e-09
       878          124400         6.51087    -1.30887e-09
       879          124400         6.52591    -1.31338e-09
       880          124400         6.54095    -1.31791e-09
       881          124400         6.55602    -1.32244e-09
       882          124400         6.57111    -1.32699e-09
       883          124400         6.58621    -1.33154e-09
       884          124400         6.60133    -1.33611e-09
       885          124400         6.61647    -1.34068e-09
       886          124400         6.63162    -1.34527e-09
       887          124400          6.6468    -1.34986e-09
       888          124400         6.66199    -1.35447e-09
       889          124400          6.6772    -1.35908e-09
       890          124400         6.69243    -1.36371e-09
       891          124400         6.70768    -1.36835e-09
       892          124400         6.72294    -1.37299e-09
       893          124400         6.73822    -1.37764e-09
       894          124400         6.75352    -1.38231e-09
       895          124400         6.76884    -1.38699e-09
       896          124400         6.78418    -1.39167e-09
       897          124400         6.79953    -1.39637e-09
       898          124400          6.8149    -1.40108e-09
       899          124400         6.83029     -1.4058e-09
       900          124400          6.8457    -1.41052e-09
       901          124400         6.86112    -1.41526e-09
       902          124400         6.87657    -1.42001e-09
       903          124400         6.89203    -1.42477e-09
       904          124400         6.90751    -1.42954e-09
       905          124400         6.92301    -1.43432e-09
       906          124400         6.93852    -1.43911e-09
       907          124400         6.95405    -1.44391e-09
       908          124400         6.96961    -1.44872e-09
       909          124400         6.98517    -1.45354e-09
       910          124399         7.00076    -1.45837e-09
       911          124399         7.01637    -1.46321e-09
       912          124399         7.03199    -1.46806e-09
       913          124399         7.04763    -1.47292e-09
       914          124399         7.06329    -1.47779e-09
       915          124399         7.07897    -1.48267e-09
       916          124399         7.09466    -1.48757e-09
       917          124399         7.11038    -1.49246e-09
       918          124399         7.12611    -1.49738e-09
       919          124399         7.14186     -1.5023e-09
       920          124399         7.15762    -1.50723e-09
       921          124399         7.17341    -1.51217e-09
       922          124399         7.18921    -1.51713e-09
       923          124399         7.20503     -1.5221e-09
       924          124399         7.22087    -1.52707e-09
       925          124399         7.23673    -1.53206e-09
       926          124399          7.2526    -1.53705e-09
       927          124399          7.2685    -1.54206e-09
       928          124399         7.28441    -1.54708e-09
       929          124399         7.30034    -1.55211e-09
       930          124399         7.31628    -1.55717e-09
       931          124399         7.33225    -1.56224e-09
       932          124399         7.34823    -1.56733e-09
       933          124399         7.36423    -1.57242e-09
       934          124399         7.38025    -1.57753e-09
       935          124399         7.39629    -1.58265e-09
       936          124399         7.41235    -1.58778e-09
       937          124399         7.42842    -1.59292e-09
       938          124399         7.44451    -1.59807e-09
       939          124399         7.46062    -1.60323e-09
       940          124399         7.47675    -1.60841e-09
       941          124399         7.49289    -1.61359e-09
       942          124399         7.50906    -1.61879e-09
       943          124399         7.52524    -1.62401e-09
       944          124399         7.54144    -1.62925e-09
       945          124399         7.55766     -1.6345e-09
       946          124399         7.57389    -1.63976e-09
       947          124399         7.59015    -1.64504e-09
       948          124399         7.60642    -1.65032e-09
       949          124399         7.62271    -1.65562e-09
       950          124399         7.63902    -1.66093e-09
       951          124399         7.65535    -1.66626e-09
       952          124399         7.67169    -1.67159e-09
       953          124399         7.68805    -1.67694e-09
       954          124399         7.70443    -1.68229e-09
       955          124399         7.72083    -1.68766e-09
       956          124399         7.73725    -1.69304e-09
       957          124399         7.75369    -1.69843e-09
       958          124399         7.77014    -1.70383e-09
       959          124399         7.78661    -1.70924e-09
       960          124399          7.8031    -1.71466e-09
       961          124399         7.81961     -1.7201e-09
       962          124399         7.83613    -1.72554e-09
       963          124399         7.85268    -1.73099e-09
       964          124399         7.86924    -1.73646e-09
       965          124399         7.88582    -1.74193e-09
       966          124399         7.90242    -1.74742e-09
       967          124399         7.91903    -1.75292e-09
       968          124399         7.93567    -1.75843e-09
       969          124399         7.95232    -1.76395e-09
       970          124399         7.96899    -1.76948e-09
       971          124399         7.98568    -1.77502e-09
       972          124398         8.00239    -1.78058e-09
       973          124398         8.01911    -1.78614e-09
       974          124398         8.03586    -1.79174e-09
       975          124398         8.05262    -1.79737e-09
       976          124398          8.0694    -1.80302e-09
       977          124398          8.0862    -1.80866e-09
       978          124398         8.10301    -1.81432e-09
       979          124398         8.11985    -1.81997e-09
       980          124398          8.1367    -1.82564e-09
       981          124398         8.15357    -1.83132e-09
       982          124398         8.17046    -1.83702e-09
       983          124398         8.18737    -1.84272e-09
       984          124398         8.20429    -1.84843e-09
       985          124398         8.22123    -1.85416e-09
       986          124398          8.2382     -1.8599e-09
       987          124398         8.25518    -1.86565e-09
       988          124398         8.27217    -1.87141e-09
       989          124398         8.28919    -1.87717e-09
       990          124398         8.30623    -1.88296e-09
       991          124398         8.32328    -1.88875e-09
       992          124398         8.34035    -1.89455e-09
       993          124398         8.35744    -1.90037e-09
       994          124398         8.37454     -1.9062e-09
       995          124398         8.39167    -1.91204e-09
       996          124398         8.40881    -1.91789e-09
       997          124398         8.42598    -1.92375e-09
       998          124398         8.44316    -1.92962e-09
       999          124398         8.46035    -1.93551e-09
      1000          124398         8.47757     -1.9414e-09

  Elapsed wall clock time for main computation:
  124.255 seconds.

MD
  Normal end of execution.

21 November 2007 12:02:17 PM
