       -0.9999557053175637
       -0.9997666213120006
         -0.99942647468017
       -0.9989352412846547
        -0.998292986136968
        -0.997499804126616
       -0.9965558144351988
       -0.9954611594800264
       -0.9942160046166303
       -0.9928205380219892
       -0.9912749706303856
       -0.9895795360859202
       -0.9877344906997324
       -0.9857401134074193
       -0.9835967057247764
       -0.9813045917010172
       -0.9788641178690682
       -0.9762756531927361
       -0.9735395890106437
       -0.9706563389768805
       -0.9676263389983389
       -0.9644500471687264
       -0.9611279436992479
       -0.9576605308459621
       -0.9540483328338164
       -0.9502918957773684
       -0.9463917875982044
       -0.9423485979390646
       -0.9381629380746874
       -0.9338354408193862
         -0.92936676043137
       -0.9247575725138245
       -0.9200085739127664
        -0.915120482611687
       -0.9100940376230008
        -0.904929998876315
       -0.8996291471035368
       -0.8941922837208367
        -0.888620230707484
        -0.882913830481574
       -0.8770739457726654
       -0.8711014594913465
       -0.8649972745957512
        -0.858762313955043
       -0.8523975202098902
       -0.8459038556299511
        -0.839282301968391
       -0.8325338603134556
       -0.8256595509371186
       -0.8186604131408318
       -0.8115375050983957
       -0.8042919036959786
       -0.7969247043693056
       -0.7894370209380442
       -0.7818299854374094
       -0.7741047479470157
       -0.7662624764170006
       -0.7583043564914468
       -0.7502315913291284
       -0.7420454014216104
       -0.7337470244087264
        -0.725337714891465
       -0.7168187442422909
       -0.7081914004129306
       -0.6994569877396524
       -0.6906168267460676
       -0.6816722539434864
       -0.6726246216288549
       -0.6634752976803069
       -0.6542256653503588
       -0.6448771230567811
       -0.6354310841711771
       -0.6258889768052999
       -0.6162522435951415
       -0.6065223414828265
       -0.5967007414963417
       -0.5867889285271373
       -0.5767884011056313
       -0.5667006711746527
       -0.5565272638608558
       -0.5462697172441424
       -0.5359295821251249
       -0.5255084217906666
       -0.5150078117775343
       -0.5044293396341982
        -0.493774604680817
        -0.483045217767442
       -0.4722428010304787
       -0.4613689876474424
       -0.4504254215900437
       -0.4394137573756426
       -0.4283356598171081
       -0.4171928037711215
       -0.4059868738849606
       -0.3947195643418044
       -0.3833925786045959
       -0.3720076291585013
       -0.3605664372520063
       -0.3490707326366865
       -0.3375222533056927
       -0.3259227452309905
       -0.3142739620993925
       -0.3025776650474256
       -0.2908356223950708
       -0.2790496093784178
       -0.2672214078812731
       -0.2553528061657641
        -0.243445598601978
       -0.2315015853966777
       -0.2195225723211354
       -0.2075103704381242
       -0.1954667958281108
       -0.1833936693146885
       -0.1712928161892939
       -0.1591660659352477
        -0.147015251951162
       -0.1348422112737552
       -0.1226487843001178
       -0.1104368145094688
      -0.09820814818444752
      -0.08596463413198059
      -0.07370812340376777
      -0.06144046901642826
      -0.04916352567134996
      -0.03687914947428401
      -0.02458919765472701
      -0.01229552828513332
                         0
       0.01229552828513332
       0.02458919765472701
       0.03687914947428401
       0.04916352567134996
       0.06144046901642826
       0.07370812340376777
       0.08596463413198059
       0.09820814818444752
        0.1104368145094688
        0.1226487843001178
        0.1348422112737552
         0.147015251951162
        0.1591660659352477
        0.1712928161892939
        0.1833936693146885
        0.1954667958281108
        0.2075103704381242
        0.2195225723211354
        0.2315015853966777
         0.243445598601978
        0.2553528061657641
        0.2672214078812731
        0.2790496093784178
        0.2908356223950708
        0.3025776650474256
        0.3142739620993925
        0.3259227452309905
        0.3375222533056927
        0.3490707326366865
        0.3605664372520063
        0.3720076291585013
        0.3833925786045959
        0.3947195643418044
        0.4059868738849606
        0.4171928037711215
        0.4283356598171081
        0.4394137573756426
        0.4504254215900437
        0.4613689876474424
        0.4722428010304787
         0.483045217767442
         0.493774604680817
        0.5044293396341982
        0.5150078117775343
        0.5255084217906666
        0.5359295821251249
        0.5462697172441424
        0.5565272638608558
        0.5667006711746527
        0.5767884011056313
        0.5867889285271373
        0.5967007414963417
        0.6065223414828265
        0.6162522435951415
        0.6258889768052999
        0.6354310841711771
        0.6448771230567811
        0.6542256653503588
        0.6634752976803069
        0.6726246216288549
        0.6816722539434864
        0.6906168267460676
        0.6994569877396524
        0.7081914004129306
        0.7168187442422909
         0.725337714891465
        0.7337470244087264
        0.7420454014216104
        0.7502315913291284
        0.7583043564914468
        0.7662624764170006
        0.7741047479470157
        0.7818299854374094
        0.7894370209380442
        0.7969247043693056
        0.8042919036959786
        0.8115375050983957
        0.8186604131408318
        0.8256595509371186
        0.8325338603134556
         0.839282301968391
        0.8459038556299511
        0.8523975202098902
         0.858762313955043
        0.8649972745957512
        0.8711014594913465
        0.8770739457726654
         0.882913830481574
         0.888620230707484
        0.8941922837208367
        0.8996291471035368
         0.904929998876315
        0.9100940376230008
         0.915120482611687
        0.9200085739127664
        0.9247575725138245
          0.92936676043137
        0.9338354408193862
        0.9381629380746874
        0.9423485979390646
        0.9463917875982044
        0.9502918957773684
        0.9540483328338164
        0.9576605308459621
        0.9611279436992479
        0.9644500471687264
        0.9676263389983389
        0.9706563389768805
        0.9735395890106437
        0.9762756531927361
        0.9788641178690682
        0.9813045917010172
        0.9835967057247764
        0.9857401134074193
        0.9877344906997324
        0.9895795360859202
        0.9912749706303856
        0.9928205380219892
        0.9942160046166303
        0.9954611594800264
        0.9965558144351988
         0.997499804126616
         0.998292986136968
        0.9989352412846547
          0.99942647468017
        0.9997666213120006
        0.9999557053175637
