     0.0001136736199913444
     0.0002645938711907685
     0.0004156976252681955
     0.0005667579456482322
     0.0007177364780061226
      0.000868607666119473
      0.001019347976427346
      0.001169934372938817
      0.001320343990022168
      0.001470554042778372
       0.00162054179904154
        0.0017702845706603
      0.001919759711713178
      0.002068944619501545
      0.002217816736753986
      0.002366353554396249
      0.002514532614599667
      0.002662331513971683
      0.002809727906820407
      0.002956699508457458
       0.00310322409851906
      0.003249279524294255
      0.003394843704053326
      0.003539894630372177
      0.003684410373449843
      0.003828369084417085
      0.003971748998634844
      0.004114528438981182
      0.004256685819125998
      0.004398199646792701
      0.004539048527006119
      0.004679211165325994
      0.004818666371065627
      0.004957393060494994
      0.005095370260027767
      0.005232577109391912
      0.005368992864783127
      0.005504596902000781
      0.005639368719565841
      0.005773287941820274
      0.005906334322007371
      0.006038487745332741
      0.006169728232005266
      0.006300035940257744
      0.006429391169346598
      0.006557774362530347
       0.00668516611002627
      0.006811547151944828
      0.006936898381201512
      0.007061200846405524
      0.007184435754724994
      0.007306584474728119
      0.007427628539199983
      0.007547549647934552
      0.007666329670501404
      0.007783950648986811
      0.007900394800708649
      0.008015644520904985
      0.008129682385395612
      0.008242491153216324
      0.008354053769225546
      0.008464353366682853
      0.008573373269798948
      0.008681096996256814
      0.008787508259703643
      0.008892590972213038
      0.008996329246717389
      0.009098707399409701
      0.009199709952114813
      0.009299321634629376
      0.009397527387030636
      0.009494312361953295
      0.009589661926834062
      0.009683561666124092
      0.009775997383468224
      0.009866955103851464
      0.009956421075711713
       0.01004438177301886
       0.01013082389731962
       0.01021573437974826
       0.01029910038300223
       0.01038090930328316
       0.01046114877220232
       0.01053980665865049
       0.01061687107063204
       0.01069233035706297
       0.01076617310953225
       0.01083838816402661
       0.01090896460261856
       0.01097789175511668
       0.01104515920067924
       0.01111075676938938
       0.01117467454379277
       0.01123690286039702
       0.01129743231113255
       0.01135625374477513
       0.01141335826832931
        0.0114687372483729
       0.01152238231236228
       0.01157428534989822
       0.01162443851395202
       0.01167283422205187
       0.01171946515742935
       0.01176432427012537
       0.01180740477805629
       0.01184870016803911
       0.01188820419677622
       0.01192591089179929
       0.01196181455237228
       0.01199590975035326
       0.01202819133101507
       0.01205865441382468
       0.01208729439318103
       0.01211410693911133
       0.01213908799792575
       0.01216223379283018
       0.01218354082449734
        0.0122030058715957
       0.01222062599127667
       0.01223639851961933
       0.01225032107203342
       0.01226239154361961
       0.01227260810948777
       0.01228096922503307
       0.01228747362616932
       0.01229212032952008
       0.01229490863256749
        0.0122958381137582
       0.01229490863256749
       0.01229212032952008
       0.01228747362616932
       0.01228096922503307
       0.01227260810948777
       0.01226239154361961
       0.01225032107203342
       0.01223639851961933
       0.01222062599127667
        0.0122030058715957
       0.01218354082449734
       0.01216223379283017
       0.01213908799792575
       0.01211410693911133
       0.01208729439318103
       0.01205865441382468
       0.01202819133101507
       0.01199590975035326
       0.01196181455237228
       0.01192591089179929
       0.01188820419677621
       0.01184870016803911
       0.01180740477805629
       0.01176432427012537
       0.01171946515742935
       0.01167283422205187
       0.01162443851395202
       0.01157428534989822
       0.01152238231236228
        0.0114687372483729
       0.01141335826832931
       0.01135625374477513
       0.01129743231113255
       0.01123690286039702
       0.01117467454379277
       0.01111075676938938
       0.01104515920067924
       0.01097789175511668
       0.01090896460261856
       0.01083838816402661
       0.01076617310953225
       0.01069233035706297
       0.01061687107063204
       0.01053980665865049
       0.01046114877220232
       0.01038090930328316
       0.01029910038300223
       0.01021573437974826
       0.01013082389731962
       0.01004438177301886
      0.009956421075711715
      0.009866955103851464
      0.009775997383468224
      0.009683561666124092
      0.009589661926834062
      0.009494312361953295
      0.009397527387030636
      0.009299321634629376
      0.009199709952114813
      0.009098707399409701
      0.008996329246717389
      0.008892590972213038
      0.008787508259703642
      0.008681096996256814
      0.008573373269798949
      0.008464353366682853
      0.008354053769225546
      0.008242491153216324
      0.008129682385395616
      0.008015644520904985
      0.007900394800708649
      0.007783950648986812
      0.007666329670501404
      0.007547549647934552
      0.007427628539199983
      0.007306584474728119
      0.007184435754724993
      0.007061200846405523
      0.006936898381201512
      0.006811547151944827
      0.006685166110026269
      0.006557774362530347
      0.006429391169346598
      0.006300035940257744
      0.006169728232005266
      0.006038487745332739
      0.005906334322007371
      0.005773287941820274
       0.00563936871956584
      0.005504596902000781
      0.005368992864783127
      0.005232577109391912
      0.005095370260027768
      0.004957393060494994
      0.004818666371065626
      0.004679211165325995
      0.004539048527006119
      0.004398199646792701
      0.004256685819125998
      0.004114528438981183
      0.003971748998634844
      0.003828369084417085
      0.003684410373449843
      0.003539894630372177
      0.003394843704053326
      0.003249279524294256
       0.00310322409851906
      0.002956699508457458
      0.002809727906820407
      0.002662331513971683
      0.002514532614599667
      0.002366353554396249
      0.002217816736753985
      0.002068944619501545
      0.001919759711713178
        0.0017702845706603
       0.00162054179904154
      0.001470554042778371
      0.001320343990022168
      0.001169934372938817
      0.001019347976427346
      0.000868607666119473
     0.0007177364780061226
     0.0005667579456482322
     0.0004156976252681954
     0.0002645938711907685
     0.0001136736199913444
