0  0  0.766421
0.00273905  0  0.768261
0.0109262  0  0.773845
0.0244717  0  0.783302
0.0432273  0  0.796638
0.0669873  0  0.813335
0.0954915  0  0.831705
0.128428  0  0.848115
0.165435  0  0.85653
0.206107  0  0.849165
0.25  0  0.818854
0.296632  0  0.762686
0.345492  0  0.684819
0.396044  0  0.595984
0.447736  0  0.50929
0.5  0  0.434914
0.552264  0  0.377082
0.603956  0  0.334449
0.654508  0  0.302531
0.703368  0  0.276315
0.75  0  0.252062
0.793893  0  0.228033
0.834565  0  0.204245
0.871572  0  0.181674
0.904508  0  0.161433
0.933013  0  0.144295
0.956773  0  0.130574
0.975528  0  0.120242
0.989074  0  0.113102
0.997261  0  0.108929
1  0  0.107558
0.000685233  0.000662955  0.767093
0.00615583  0.000662955  0.770822
0.0170371  0.000662955  0.778391
0.0332098  0.000662955  0.789907
0.0544967  0.000662955  0.805181
0.0806647  0.000662955  0.823202
0.111427  0.000662955  0.841389
0.146447  0.000662955  0.854891
0.18534  0.000662955  0.856577
0.22768  0.000662955  0.838517
0.273005  0.000662955  0.795173
0.320816  0.000662955  0.726977
0.37059  0.000662955  0.641739
0.421783  0.000662955  0.552131
0.473832  0.000662955  0.470449
0.526168  0.000662955  0.404086
0.578217  0.000662955  0.354259
0.62941  0.000662955  0.317675
0.679184  0.000662955  0.289256
0.726995  0.000662955  0.264432
0.77232  0.000662955  0.240417
0.81466  0.000662955  0.216424
0.853553  0.000662955  0.193068
0.888573  0.000662955  0.171495
0.919335  0.000662955  0.152692
0.945503  0.000662955  0.137207
0.96679  0.000662955  0.125165
0.982963  0.000662955  0.116434
0.993844  0.000662955  0.110787
0.999315  0.000662955  0.108022
0  0.00265006  0.767272
0.00273905  0.00265006  0.769174
0.0109262  0.00265006  0.774948
0.0244717  0.00265006  0.784732
0.0432273  0.00265006  0.798543
0.0669873  0.00265006  0.815864
0.0954915  0.00265006  0.83498
0.128428  0.00265006  0.852184
0.165435  0.00265006  0.861308
0.206107  0.00265006  0.854383
0.25  0.00265006  0.824074
0.296632  0.00265006  0.767393
0.345492  0.00265006  0.688583
0.396044  0.00265006  0.598618
0.447736  0.00265006  0.510899
0.5  0.00265006  0.435831
0.552264  0.00265006  0.377713
0.603956  0.00265006  0.335138
0.654508  0.00265006  0.303473
0.703368  0.00265006  0.277545
0.75  0.00265006  0.253493
0.793893  0.00265006  0.229526
0.834565  0.00265006  0.205671
0.871572  0.00265006  0.182947
0.904508  0.00265006  0.162521
0.933013  0.00265006  0.145202
0.956773  0.00265006  0.131328
0.975528  0.00265006  0.120879
0.989074  0.00265006  0.113658
0.997261  0.00265006  0.109438
1  0.00265006  0.108051
0.000685233  0.00595605  0.768872
0.00615583  0.00595605  0.772853
0.0170371  0.00595605  0.78094
0.0332098  0.00595605  0.793262
0.0544967  0.00595605  0.809645
0.0806647  0.00595605  0.829056
0.111427  0.00595605  0.84882
0.146447  0.00595605  0.863876
0.18534  0.00595605  0.866766
0.22768  0.00595605  0.849187
0.273005  0.00595605  0.805327
0.320816  0.00595605  0.735619
0.37059  0.00595605  0.648218
0.421783  0.00595605  0.556369
0.473832  0.00595605  0.472919
0.526168  0.00595605  0.405574
0.578217  0.00595605  0.355554
0.62941  0.00595605  0.319333
0.679184  0.00595605  0.291504
0.726995  0.00595605  0.267199
0.77232  0.00595605  0.243455
0.81466  0.00595605  0.219445
0.853553  0.00595605  0.19585
0.888573  0.00595605  0.173919
0.919335  0.00595605  0.154734
0.945503  0.00595605  0.138903
0.96679  0.00595605  0.126584
0.982963  0.00595605  0.11765
0.993844  0.00595605  0.111874
0.999315  0.00595605  0.109045
0  0.0105722  0.770004
0.00273905  0.0105722  0.772096
0.0109262  0.0105722  0.778449
0.0244717  0.0105722  0.789233
0.0432273  0.0105722  0.804496
0.0669873  0.0105722  0.823723
0.0954915  0.0105722  0.845117
0.128428  0.0105722  0.864745
0.165435  0.0105722  0.876029
0.206107  0.0105722  0.870449
0.25  0.0105722  0.840141
0.296632  0.0105722  0.781885
0.345492  0.0105722  0.700189
0.396044  0.0105722  0.606765
0.447736  0.0105722  0.51592
0.5  0.0105722  0.438743
0.552264  0.0105722  0.379773
0.603956  0.0105722  0.337404
0.654508  0.0105722  0.306545
0.703368  0.0105722  0.28152
0.75  0.0105722  0.258095
0.793893  0.0105722  0.234315
0.834565  0.0105722  0.210238
0.871572  0.0105722  0.187027
0.904508  0.0105722  0.166008
0.933013  0.0105722  0.148114
0.956773  0.0105722  0.133753
0.975528  0.0105722  0.12293
0.989074  0.0105722  0.115452
0.997261  0.0105722  0.111082
1  0.0105722  0.109646
0.000685233  0.0164861  0.772774
0.00615583  0.0164861  0.777271
0.0170371  0.0164861  0.786421
0.0332098  0.0164861  0.800397
0.0544967  0.0164861  0.819055
0.0806647  0.0164861  0.84132
0.111427  0.0164861  0.864317
0.146447  0.0164861  0.882557
0.18534  0.0164861  0.887913
0.22768  0.0164861  0.871312
0.273005  0.0164861  0.826383
0.320816  0.0164861  0.753561
0.37059  0.0164861  0.661711
0.421783  0.0164861  0.565261
0.473832  0.0164861  0.478197
0.526168  0.0164861  0.408871
0.578217  0.0164861  0.358507
0.62941  0.0164861  0.323097
0.679184  0.0164861  0.296538
0.726995  0.0164861  0.273339
0.77232  0.0164861  0.250161
0.81466  0.0164861  0.226099
0.853553  0.0164861  0.201973
0.888573  0.0164861  0.179256
0.919335  0.0164861  0.159235
0.945503  0.0164861  0.142653
0.96679  0.0164861  0.129728
0.982963  0.0164861  0.120353
0.993844  0.0164861  0.114293
0.999315  0.0164861  0.111327
0  0.0236823  0.775093
0.00273905  0.0236823  0.77751
0.0109262  0.0236823  0.78486
0.0244717  0.0236823  0.797363
0.0432273  0.0236823  0.815122
0.0669873  0.0236823  0.837624
0.0954915  0.0236823  0.862932
0.128428  0.0236823  0.886725
0.165435  0.0236823  0.901717
0.206107  0.0236823  0.898437
0.25  0.0236823  0.868117
0.296632  0.0236823  0.807135
0.345492  0.0236823  0.720462
0.396044  0.0236823  0.621082
0.447736  0.0236823  0.524874
0.5  0.0236823  0.444116
0.552264  0.0236823  0.38376
0.603956  0.0236823  0.341853
0.654508  0.0236823  0.312495
0.703368  0.0236823  0.289118
0.75  0.0236823  0.266819
0.793893  0.0236823  0.243354
0.834565  0.0236823  0.218844
0.871572  0.0236823  0.194714
0.904508  0.0236823  0.172587
0.933013  0.0236823  0.153621
0.956773  0.0236823  0.138351
0.975528  0.0236823  0.126833
0.989074  0.0236823  0.118875
0.997261  0.0236823  0.114227
1  0.0236823  0.112701
0.000685233  0.0321416  0.779362
0.00615583  0.0321416  0.78466
0.0170371  0.0321416  0.795458
0.0332098  0.0321416  0.812001
0.0544967  0.0321416  0.834188
0.0806647  0.0321416  0.860878
0.111427  0.0321416  0.888886
0.146447  0.0321416  0.91206
0.18534  0.0321416  0.921232
0.22768  0.0321416  0.906133
0.273005  0.0321416  0.859522
0.320816  0.0321416  0.781845
0.37059  0.0321416  0.683078
0.421783  0.0321416  0.579497
0.473832  0.0321416  0.486874
0.526168  0.0321416  0.414576
0.578217  0.0321416  0.363838
0.62941  0.0321416  0.329874
0.679184  0.0321416  0.305466
0.726995  0.0321416  0.284104
0.77232  0.0321416  0.261842
0.81466  0.0321416  0.237652
0.853553  0.0321416  0.212594
0.888573  0.0321416  0.188521
0.919335  0.0321416  0.167065
0.945503  0.0321416  0.149193
0.96679  0.0321416  0.135232
0.982963  0.0321416  0.125102
0.993844  0.0321416  0.118556
0.999315  0.0321416  0.115354
0  0.0418415  0.78311
0.00273905  0.0418415  0.785999
0.0109262  0.0418415  0.794791
0.0244717  0.0418415  0.809782
0.0432273  0.0418415  0.831152
0.0669873  0.0418415  0.858391
0.0954915  0.0418415  0.88936
0.128428  0.0418415  0.919172
0.165435  0.0418415  0.939521
0.206107  0.0418415  0.939553
0.25  0.0418415  0.909193
0.296632  0.0418415  0.844239
0.345492  0.0418415  0.750342
0.396044  0.0418415  0.642347
0.447736  0.0418415  0.538425
0.5  0.0418415  0.452607
0.552264  0.0418415  0.390454
0.603956  0.0418415  0.349492
0.654508  0.0418415  0.322602
0.703368  0.0418415  0.30185
0.75  0.0418415  0.281309
0.793893  0.0418415  0.258294
0.834565  0.0418415  0.233039
0.871572  0.0418415  0.207392
0.904508  0.0418415  0.183453
0.933013  0.0418415  0.16274
0.956773  0.0418415  0.145993
0.975528  0.0418415  0.133343
0.989074  0.0418415  0.124605
0.997261  0.0418415  0.119505
1  0.0418415  0.11783
0.000685233  0.0527565  0.789121
0.00615583  0.0527565  0.795518
0.0170371  0.0527565  0.808576
0.0332098  0.0527565  0.828637
0.0544967  0.0527565  0.855664
0.0806647  0.0527565  0.888419
0.111427  0.0527565  0.923296
0.146447  0.0527565  0.953227
0.18534  0.0527565  0.967616
0.22768  0.0527565  0.954555
0.273005  0.0527565  0.905614
0.320816  0.0527565  0.821254
0.37059  0.0527565  0.713
0.421783  0.0527565  0.599688
0.473832  0.0527565  0.499577
0.526168  0.0527565  0.423458
0.578217  0.0527565  0.372576
0.62941  0.0527565  0.341033
0.679184  0.0527565  0.319984
0.726995  0.0527565  0.301425
0.77232  0.0527565  0.280515
0.81466  0.0527565  0.25606
0.853553  0.0527565  0.2295
0.888573  0.0527565  0.203281
0.919335  0.0527565  0.179565
0.945503  0.0527565  0.159666
0.96679  0.0527565  0.144078
0.982963  0.0527565  0.132761
0.993844  0.0527565  0.125453
0.999315  0.0527565  0.12188
0  0.0648574  0.794321
0.00273905  0.0648574  0.797827
0.0109262  0.0648574  0.808507
0.0244717  0.0648574  0.826754
0.0432273  0.0648574  0.852851
0.0669873  0.0648574  0.88629
0.0954915  0.0648574  0.924666
0.128428  0.0648574  0.962354
0.165435  0.0648574  0.989703
0.206107  0.0648574  0.994055
0.25  0.0648574  0.96362
0.296632  0.0648574  0.893448
0.345492  0.0648574  0.790091
0.396044  0.0648574  0.670866
0.447736  0.0648574  0.556992
0.5  0.0648574  0.464841
0.552264  0.0648574  0.400797
0.603956  0.0648574  0.36167
0.654508  0.0648574  0.338637
0.703368  0.0648574  0.321837
0.75  0.0648574  0.303881
0.793893  0.0648574  0.281467
0.834565  0.0648574  0.255014
0.871572  0.0648574  0.227019
0.904508  0.0648574  0.200298
0.933013  0.0648574  0.176913
0.956773  0.0648574  0.157907
0.975528  0.0648574  0.143529
0.989074  0.0648574  0.133598
0.997261  0.0648574  0.127806
1  0.0648574  0.125906
0.000685233  0.0781122  0.80193
0.00615583  0.0781122  0.809703
0.0170371  0.0781122  0.825592
0.0332098  0.0781122  0.85006
0.0544967  0.0781122  0.883146
0.0806647  0.0781122  0.923495
0.111427  0.0781122  0.96697
0.146447  0.0781122  1.00536
0.18534  0.0781122  1.02627
0.22768  0.0781122  1.01575
0.273005  0.0781122  0.963875
0.320816  0.0781122  0.871153
0.37059  0.0781122  0.751071
0.421783  0.0781122  0.625726
0.473832  0.0781122  0.51656
0.526168  0.0781122  0.436199
0.578217  0.0781122  0.385902
0.62941  0.0781122  0.358276
0.679184  0.0781122  0.342261
0.726995  0.0781122  0.327793
0.77232  0.0781122  0.308792
0.81466  0.0781122  0.283861
0.853553  0.0781122  0.255013
0.888573  0.0781122  0.22557
0.919335  0.0781122  0.198475
0.945503  0.0781122  0.175553
0.96679  0.0781122  0.157537
0.982963  0.0781122  0.144452
0.993844  0.0781122  0.136007
0.999315  0.0781122  0.131881
0  0.0924858  0.808034
0.00273905  0.0924858  0.812278
0.0109262  0.0924858  0.825217
0.0244717  0.0924858  0.847357
0.0432273  0.0924858  0.879106
0.0669873  0.0924858  0.919959
0.0954915  0.0924858  0.967193
0.128428  0.0924858  1.0143
0.165435  0.0924858  1.05001
0.206107  0.0924858  1.05953
0.25  0.0924858  1.029
0.296632  0.0924858  0.95261
0.345492  0.0924858  0.838007
0.396044  0.0924858  0.705519
0.447736  0.0924858  0.580091
0.5  0.0924858  0.48098
0.552264  0.0924858  0.415596
0.603956  0.0924858  0.379829
0.654508  0.0924858  0.362625
0.703368  0.0924858  0.351552
0.75  0.0924858  0.337253
0.793893  0.0924858  0.315611
0.834565  0.0924858  0.287347
0.871572  0.0924858  0.255898
0.904508  0.0924858  0.225113
0.933013  0.0924858  0.197833
0.956773  0.0924858  0.17554
0.975528  0.0924858  0.158646
0.989074  0.0924858  0.146981
0.997261  0.0924858  0.140183
1  0.0924858  0.137954
0.000685233  0.10794  0.816311
0.00615583  0.10794  0.825648
0.0170371  0.10794  0.844753
0.0332098  0.10794  0.874227
0.0544967  0.10794  0.914197
0.0806647  0.10794  0.963174
0.111427  0.10794  1.01642
0.146447  0.10794  1.06441
0.18534  0.10794  1.09275
0.22768  0.10794  1.08513
0.273005  0.10794  1.02996
0.320816  0.10794  0.927827
0.37059  0.10794  0.794492
0.421783  0.10794  0.655848
0.473832  0.10794  0.537062
0.526168  0.10794  0.452945
0.578217  0.10794  0.404758
0.62941  0.10794  0.38324
0.679184  0.10794  0.374492
0.726995  0.10794  0.365765
0.77232  0.10794  0.349366
0.81466  0.10794  0.323675
0.853553  0.10794  0.29153
0.888573  0.10794  0.25749
0.919335  0.10794  0.225595
0.945503  0.10794  0.198384
0.96679  0.10794  0.176928
0.982963  0.10794  0.161335
0.993844  0.10794  0.151277
0.999315  0.10794  0.146368
0  0.124434  0.82181
0.00273905  0.124434  0.826843
0.0109262  0.124434  0.842198
0.0244717  0.124434  0.868505
0.0432273  0.124434  0.906302
0.0669873  0.124434  0.95509
0.0954915  0.124434  1.0118
0.128428  0.124434  1.06899
0.165435  0.124434  1.11368
0.206107  0.124434  1.12875
0.25  0.124434  1.0982
0.296632  0.124434  1.01526
0.345492  0.124434  0.888835
0.396044  0.124434  0.742553
0.447736  0.124434  0.605478
0.5  0.124434  0.500098
0.552264  0.124434  0.434989
0.603956  0.124434  0.404944
0.654508  0.124434  0.396179
0.703368  0.124434  0.393051
0.75  0.124434  0.383714
0.793893  0.124434  0.363045
0.834565  0.124434  0.332221
0.871572  0.124434  0.295981
0.904508  0.124434  0.259585
0.933013  0.124434  0.226939
0.956773  0.124434  0.200119
0.975528  0.124434  0.179764
0.989074  0.124434  0.165711
0.997261  0.124434  0.157527
1  0.124434  0.154845
0.000685233  0.141924  0.828675
0.00615583  0.141924  0.839566
0.0170371  0.141924  0.861869
0.0332098  0.141924  0.89632
0.0544967  0.141924  0.943137
0.0806647  0.141924  1.0007
0.111427  0.141924  1.06367
0.146447  0.141924  1.12125
0.18534  0.141924  1.157
0.22768  0.141924  1.15235
0.273005  0.141924  1.09406
0.320816  0.141924  0.982816
0.37059  0.141924  0.83674
0.421783  0.141924  0.685635
0.473832  0.141924  0.55856
0.526168  0.141924  0.472645
0.578217  0.141924  0.429145
0.62941  0.141924  0.416639
0.679184  0.141924  0.417853
0.726995  0.141924  0.416783
0.77232  0.141924  0.403779
0.81466  0.141924  0.377004
0.853553  0.141924  0.340429
0.888573  0.141924  0.30025
0.919335  0.141924  0.261963
0.945503  0.141924  0.229044
0.96679  0.141924  0.203012
0.982963  0.141924  0.184084
0.993844  0.141924  0.171882
0.999315  0.141924  0.165929
0  0.160363  0.830896
0.00273905  0.160363  0.836643
0.0109262  0.160363  0.854182
0.0244717  0.160363  0.884257
0.0432273  0.160363  0.927526
0.0669873  0.160363  0.983496
0.0954915  0.160363  1.0488
0.128428  0.160363  1.11514
0.165435  0.160363  1.168
0.206107  0.160363  1.18821
0.25  0.160363  1.1578
0.296632  0.160363  1.06924
0.345492  0.160363  0.932615
0.396044  0.160363  0.774675
0.447736  0.160363  0.628425
0.5  0.160363  0.519511
0.552264  0.160363  0.457676
0.603956  0.160363  0.436525
0.654508  0.160363  0.439232
0.703368  0.160363  0.446462
0.75  0.160363  0.443468
0.793893  0.160363  0.423991
0.834565  0.160363  0.389851
0.871572  0.160363  0.347462
0.904508  0.160363  0.303886
0.933013  0.160363  0.264381
0.956773  0.160363  0.231779
0.975528  0.160363  0.207001
0.989074  0.160363  0.189896
0.997261  0.160363  0.179942
1  0.160363  0.176682
0.000685233  0.179703  0.833118
0.00615583  0.179703  0.845242
0.0170371  0.179703  0.870082
0.0332098  0.179703  0.908484
0.0544967  0.179703  0.96074
0.0806647  0.179703  1.02513
0.111427  0.179703  1.09585
0.146447  0.179703  1.1611
0.18534  0.179703  1.20288
0.22768  0.179703  1.2008
0.273005  0.179703  1.14037
0.320816  0.179703  1.02245
0.37059  0.179703  0.86716
0.421783  0.179703  0.707623
0.473832  0.179703  0.576289
0.526168  0.179703  0.492387
0.578217  0.179703  0.457134
0.62941  0.179703  0.456889
0.679184  0.179703  0.470762
0.726995  0.179703  0.479171
0.77232  0.179703  0.470308
0.81466  0.179703  0.442188
0.853553  0.179703  0.400193
0.888573  0.179703  0.352528
0.919335  0.179703  0.306451
0.945503  0.179703  0.266582
0.96679  0.179703  0.234978
0.982963  0.179703  0.211988
0.993844  0.179703  0.197175
0.999315  0.179703  0.189953
0  0.199893  0.82858
0.00273905  0.199893  0.834789
0.0109262  0.199893  0.853743
0.0244717  0.199893  0.886259
0.0432273  0.199893  0.933079
0.0669873  0.199893  0.993719
0.0954915  0.199893  1.06463
0.128428  0.199893  1.13697
0.165435  0.199893  1.19528
0.206107  0.199893  1.21906
0.25  0.199893  1.18916
0.296632  0.199893  1.0976
0.345492  0.199893  0.955363
0.396044  0.199893  0.791463
0.447736  0.199893  0.641804
0.5  0.199893  0.534474
0.552264  0.199893  0.480164
0.603956  0.199893  0.471366
0.654508  0.199893  0.488287
0.703368  0.199893  0.507838
0.75  0.199893  0.512269
0.793893  0.199893  0.494188
0.834565  0.199893  0.456232
0.871572  0.199893  0.406768
0.904508  0.199893  0.354936
0.933013  0.199893  0.307547
0.956773  0.199893  0.268298
0.975528  0.199893  0.238437
0.989074  0.199893  0.217826
0.997261  0.199893  0.205837
1  0.199893  0.201912
0.000685233  0.220878  0.822516
0.00615583  0.220878  0.835178
0.0170371  0.220878  0.861126
0.0332098  0.220878  0.901259
0.0544967  0.220878  0.955907
0.0806647  0.220878  1.02332
0.111427  0.220878  1.09752
0.146447  0.220878  1.16628
0.18534  0.220878  1.21098
0.22768  0.220878  1.21051
0.273005  0.220878  1.14992
0.320816  0.220878  1.03027
0.37059  0.220878  0.872777
0.421783  0.220878  0.712429
0.473832  0.220878  0.583694
0.526168  0.220878  0.507172
0.578217  0.220878  0.484009
0.62941  0.220878  0.498656
0.679184  0.220878  0.526925
0.726995  0.220878  0.545841
0.77232  0.220878  0.54155
0.81466  0.220878  0.512035
0.853553  0.220878  0.464248
0.888573  0.220878  0.408567
0.919335  0.220878  0.354146
0.945503  0.220878  0.306831
0.96679  0.220878  0.269257
0.982963  0.220878  0.241917
0.993844  0.220878  0.224306
0.999315  0.220878  0.215723
0  0.242604  0.808095
0.00273905  0.242604  0.814337
0.0109262  0.242604  0.833393
0.0244717  0.242604  0.866089
0.0432273  0.242604  0.913183
0.0669873  0.242604  0.974205
0.0954915  0.242604  1.04562
0.128428  0.242604  1.11859
0.165435  0.242604  1.17765
0.206107  0.242604  1.2023
0.25  0.242604  1.17342
0.296632  0.242604  1.08316
0.345492  0.242604  0.942834
0.396044  0.242604  0.782069
0.447736  0.242604  0.637712
0.5  0.242604  0.538841
0.552264  0.242604  0.496608
0.603956  0.242604  0.502706
0.654508  0.242604  0.535039
0.703368  0.242604  0.567391
0.75  0.242604  0.579434
0.793893  0.242604  0.56287
0.834565  0.242604  0.521235
0.871572  0.242604  0.464856
0.904508  0.242604  0.404933
0.933013  0.242604  0.34981
0.956773  0.242604  0.304041
0.975528  0.242604  0.269191
0.989074  0.242604  0.245139
0.997261  0.242604  0.231153
1  0.242604  0.226575
0.000685233  0.265012  0.791203
0.00615583  0.265012  0.803407
0.0170371  0.265012  0.828418
0.0332098  0.265012  0.867102
0.0544967  0.265012  0.919779
0.0806647  0.265012  0.984762
0.111427  0.265012  1.0563
0.146447  0.265012  1.12261
0.18534  0.265012  1.16577
0.22768  0.265012  1.16549
0.273005  0.265012  1.10745
0.320816  0.265012  0.992945
0.37059  0.265012  0.842917
0.421783  0.265012  0.691921
0.473832  0.265012  0.574273
0.526168  0.265012  0.510734
0.578217  0.265012  0.502336
0.62941  0.265012  0.532412
0.679184  0.265012  0.574551
0.726995  0.265012  0.603313
0.77232  0.265012  0.603352
0.81466  0.265012  0.57278
0.853553  0.265012  0.520002
0.888573  0.265012  0.457339
0.919335  0.265012  0.395628
0.945503  0.265012  0.341801
0.96679  0.265012  0.299002
0.982963  0.265012  0.267854
0.993844  0.265012  0.247795
0.999315  0.265012  0.238021
0  0.288043  0.765815
0.00273905  0.288043  0.771561
0.0109262  0.288043  0.789103
0.0244717  0.288043  0.819195
0.0432273  0.288043  0.862527
0.0669873  0.288043  0.918652
0.0954915  0.288043  0.984286
0.128428  0.288043  1.05126
0.165435  0.288043  1.10529
0.206107  0.288043  1.12745
0.25  0.288043  1.10017
0.296632  0.288043  1.01638
0.345492  0.288043  0.886939
0.396044  0.288043  0.739974
0.447736  0.288043  0.610634
0.5  0.288043  0.526992
0.552264  0.288043  0.499948
0.603956  0.288043  0.520957
0.654508  0.288043  0.566937
0.703368  0.288043  0.610011
0.75  0.288043  0.62837
0.793893  0.288043  0.613282
0.834565  0.288043  0.569083
0.871572  0.288043  0.507636
0.904508  0.288043  0.441717
0.933013  0.288043  0.380842
0.956773  0.288043  0.330215
0.975528  0.288043  0.291648
0.989074  0.288043  0.265031
0.997261  0.288043  0.249558
1  0.288043  0.244494
0.000685233  0.311636  0.738292
0.00615583  0.311636  0.748982
0.0170371  0.311636  0.770883
0.0332098  0.311636  0.80474
0.0544967  0.311636  0.85081
0.0806647  0.311636  0.907572
0.111427  0.311636  0.96992
0.146447  0.311636  1.02744
0.18534  0.311636  1.06431
0.22768  0.311636  1.06265
0.273005  0.311636  1.00998
0.320816  0.311636  0.907743
0.37059  0.311636  0.775048
0.421783  0.311636  0.643421
0.473832  0.311636  0.544477
0.526168  0.311636  0.497644
0.578217  0.311636  0.503821
0.62941  0.311636  0.546424
0.679184  0.311636  0.598634
0.726995  0.311636  0.634246
0.77232  0.311636  0.637449
0.81466  0.311636  0.60664
0.853553  0.311636  0.551182
0.888573  0.311636  0.48459
0.919335  0.311636  0.41872
0.945503  0.311636  0.361157
0.96679  0.311636  0.315357
0.982963  0.311636  0.28202
0.993844  0.311636  0.260554
0.999315  0.311636  0.250096
0  0.335729  0.704076
0.00273905  0.335729  0.708847
0.0109262  0.335729  0.723408
0.0244717  0.335729  0.748373
0.0432273  0.335729  0.784284
0.0669873  0.335729  0.830722
0.0954915  0.335729  0.88488
0.128428  0.335729  0.939849
0.165435  0.335729  0.98358
0.206107  0.335729  1.00019
0.25  0.335729  0.974969
0.296632  0.335729  0.902204
0.345492  0.335729  0.791513
0.396044  0.335729  0.667412
0.447736  0.335729  0.560737
0.5  0.335729  0.496482
0.552264  0.335729  0.484529
0.603956  0.335729  0.516799
0.654508  0.335729  0.571019
0.703368  0.335729  0.619791
0.75  0.335729  0.641495
0.793893  0.335729  0.627634
0.834565  0.335729  0.583015
0.871572  0.335729  0.520131
0.904508  0.335729  0.452364
0.933013  0.335729  0.389662
0.956773  0.335729  0.337476
0.975528  0.335729  0.297712
0.989074  0.335729  0.27027
0.997261  0.335729  0.254318
1  0.335729  0.249098
0.000685233  0.360257  0.669417
0.00615583  0.360257  0.677798
0.0170371  0.360257  0.694957
0.0332098  0.360257  0.72145
0.0544967  0.360257  0.75743
0.0806647  0.360257  0.80162
0.111427  0.360257  0.849878
0.146447  0.360257  0.893833
0.18534  0.360257  0.920813
0.22768  0.360257  0.916577
0.273005  0.360257  0.871295
0.320816  0.360257  0.786463
0.37059  0.360257  0.678049
0.421783  0.360257  0.572361
0.473832  0.360257  0.496103
0.526168  0.360257  0.466011
0.578217  0.360257  0.482848
0.62941  0.360257  0.531473
0.679184  0.360257  0.586863
0.726995  0.360257  0.624225
0.77232  0.360257  0.628588
0.81466  0.360257  0.598739
0.853553  0.360257  0.544165
0.888573  0.360257  0.478385
0.919335  0.360257  0.413225
0.945503  0.360257  0.35625
0.96679  0.360257  0.310906
0.982963  0.360257  0.277901
0.993844  0.360257  0.256649
0.999315  0.360257  0.246296
0  0.385156  0.631314
0.00273905  0.385156  0.634833
0.0109262  0.385156  0.645564
0.0244717  0.385156  0.663937
0.0432273  0.385156  0.690306
0.0669873  0.385156  0.724281
0.0954915  0.385156  0.763658
0.128428  0.385156  0.803128
0.165435  0.385156  0.833507
0.206107  0.385156  0.842751
0.25  0.385156  0.819792
0.296632  0.385156  0.760537
0.345492  0.385156  0.672784
0.396044  0.385156  0.576021
0.447736  0.385156  0.494937
0.5  0.385156  0.4499
0.552264  0.385156  0.44917
0.603956  0.385156  0.4858
0.654508  0.385156  0.540149
0.703368  0.385156  0.587609
0.75  0.385156  0.608595
0.793893  0.385156  0.595542
0.834565  0.385156  0.553229
0.871572  0.385156  0.493583
0.904508  0.385156  0.429309
0.933013  0.385156  0.369846
0.956773  0.385156  0.320357
0.975528  0.385156  0.282649
0.989074  0.385156  0.256625
0.997261  0.385156  0.241497
1  0.385156  0.236546
0.000685233  0.41036  0.595046
0.00615583  0.41036  0.60083
0.0170371  0.41036  0.612652
0.0332098  0.41036  0.630858
0.0544967  0.41036  0.65548
0.0806647  0.41036  0.685513
0.111427  0.41036  0.717893
0.146447  0.41036  0.746536
0.18534  0.41036  0.762303
0.22768  0.41036  0.754997
0.273005  0.41036  0.717705
0.320816  0.41036  0.651856
0.37059  0.41036  0.569594
0.421783  0.41036  0.490902
0.473832  0.41036  0.43635
0.526168  0.41036  0.419143
0.578217  0.41036  0.439931
0.62941  0.41036  0.48615
0.679184  0.41036  0.536559
0.726995  0.41036  0.569817
0.77232  0.41036  0.573032
0.81466  0.41036  0.545397
0.853553  0.41036  0.49557
0.888573  0.41036  0.435757
0.919335  0.41036  0.376609
0.945503  0.41036  0.324929
0.96679  0.41036  0.283811
0.982963  0.41036  0.253883
0.993844  0.41036  0.234611
0.999315  0.41036  0.225222
0  0.435801  0.558738
0.00273905  0.435801  0.560998
0.0109262  0.435801  0.567879
0.0244717  0.435801  0.579625
0.0432273  0.435801  0.596399
0.0669873  0.435801  0.617842
0.0954915  0.435801  0.642354
0.128428  0.435801  0.666231
0.165435  0.435801  0.683165
0.206107  0.435801  0.684953
0.25  0.435801  0.664149
0.296632  0.435801  0.618201
0.345492  0.435801  0.552889
0.396044  0.435801  0.482297
0.447736  0.435801  0.42442
0.5  0.435801  0.394414
0.552264  0.435801  0.398629
0.603956  0.435801  0.431691
0.654508  0.435801  0.4779
0.703368  0.435801  0.517225
0.75  0.435801  0.533594
0.793893  0.435801  0.520896
0.834565  0.435801  0.483363
0.871572  0.435801  0.43123
0.904508  0.435801  0.375352
0.933013  0.435801  0.323773
0.956773  0.435801  0.280887
0.975528  0.435801  0.248218
0.989074  0.435801  0.225672
0.997261  0.435801  0.212564
1  0.435801  0.208274
0.000685233  0.461412  0.526
0.00615583  0.461412  0.529421
0.0170371  0.461412  0.536391
0.0332098  0.461412  0.547062
0.0544967  0.461412  0.561357
0.0806647  0.461412  0.57852
0.111427  0.461412  0.596469
0.146447  0.461412  0.611199
0.18534  0.461412  0.61678
0.22768  0.461412  0.606675
0.273005  0.461412  0.576572
0.320816  0.461412  0.52771
0.37059  0.461412  0.468504
0.421783  0.461412  0.412776
0.473832  0.461412  0.374992
0.526168  0.461412  0.364694
0.578217  0.461412  0.382445
0.62941  0.461412  0.418835
0.679184  0.461412  0.457569
0.726995  0.461412  0.482061
0.77232  0.461412  0.482281
0.81466  0.461412  0.457765
0.853553  0.461412  0.415586
0.888573  0.461412  0.36563
0.919335  0.461412  0.316499
0.945503  0.461412  0.273672
0.96679  0.461412  0.239628
0.982963  0.461412  0.214852
0.993844  0.461412  0.198894
0.999315  0.461412  0.191119
0  0.487126  0.495536
0.00273905  0.487126  0.496752
0.0109262  0.487126  0.500441
0.0244717  0.487126  0.506693
0.0432273  0.487126  0.515515
0.0669873  0.487126  0.526575
0.0954915  0.487126  0.538776
0.128428  0.487126  0.549751
0.165435  0.487126  0.555576
0.206107  0.487126  0.551233
0.25  0.487126  0.532252
0.296632  0.487126  0.497271
0.345492  0.487126  0.450214
0.396044  0.487126  0.400381
0.447736  0.487126  0.359798
0.5  0.487126  0.338828
0.552264  0.487126  0.34195
0.603956  0.487126  0.365414
0.654508  0.487126  0.397906
0.703368  0.487126  0.424744
0.75  0.487126  0.434051
0.793893  0.487126  0.421373
0.834565  0.487126  0.390042
0.871572  0.487126  0.347919
0.904508  0.487126  0.303304
0.933013  0.487126  0.262334
0.956773  0.487126  0.22834
0.975528  0.487126  0.202462
0.989074  0.487126  0.184601
0.997261  0.487126  0.174213
1  0.487126  0.170813
0.000685233  0.512874  0.469159
0.00615583  0.512874  0.470784
0.0170371  0.512874  0.474066
0.0332098  0.512874  0.47901
0.0544967  0.512874  0.485461
0.0806647  0.512874  0.492854
0.111427  0.512874  0.49986
0.146447  0.512874  0.504061
0.18534  0.512874  0.501975
0.22768  0.512874  0.489833
0.273005  0.512874  0.465243
0.320816  0.512874  0.42915
0.37059  0.512874  0.386892
0.421783  0.512874  0.347345
0.473832  0.512874  0.320025
0.526168  0.512874  0.311289
0.578217  0.512874  0.321464
0.62941  0.512874  0.344136
0.679184  0.512874  0.368089
0.726995  0.512874  0.38177
0.77232  0.512874  0.378169
0.81466  0.512874  0.357066
0.853553  0.512874  0.323626
0.888573  0.512874  0.28501
0.919335  0.512874  0.247427
0.945503  0.512874  0.214817
0.96679  0.512874  0.188937
0.982963  0.512874  0.170109
0.993844  0.512874  0.157978
0.999315  0.512874  0.152064
0  0.538588  0.445855
0.00273905  0.538588  0.44634
0.0109262  0.538588  0.447794
0.0244717  0.538588  0.450201
0.0432273  0.538588  0.45346
0.0669873  0.538588  0.457263
0.0954915  0.538588  0.46087
0.128428  0.538588  0.462859
0.165435  0.538588  0.460987
0.206107  0.538588  0.452463
0.25  0.538588  0.434853
0.296632  0.538588  0.407482
0.345492  0.538588  0.372712
0.396044  0.538588  0.33632
0.447736  0.538588  0.306218
0.5  0.538588  0.289284
0.552264  0.538588  0.288121
0.603956  0.538588  0.299951
0.654508  0.538588  0.317402
0.703368  0.538588  0.330942
0.75  0.538588  0.332769
0.793893  0.538588  0.319981
0.834565  0.538588  0.294922
0.871572  0.538588  0.26299
0.904508  0.538588  0.229864
0.933013  0.538588  0.199719
0.956773  0.538588  0.174802
0.975528  0.538588  0.155856
0.989074  0.538588  0.142777
0.997261  0.538588  0.135167
1  0.538588  0.132674
0.000685233  0.564199  0.426067
0.00615583  0.564199  0.42653
0.0170371  0.564199  0.427426
0.0332098  0.564199  0.428669
0.0544967  0.564199  0.430054
0.0806647  0.564199  0.431147
0.111427  0.564199  0.431115
0.146447  0.564199  0.428577
0.18534  0.564199  0.42164
0.22768  0.564199  0.408289
0.273005  0.564199  0.387202
0.320816  0.564199  0.358756
0.37059  0.564199  0.326003
0.421783  0.564199  0.29505
0.473832  0.564199  0.273012
0.526168  0.564199  0.263783
0.578217  0.564199  0.266283
0.62941  0.564199  0.275914
0.679184  0.564199  0.285973
0.726995  0.564199  0.289553
0.77232  0.564199  0.282377
0.81466  0.564199  0.264397
0.853553  0.564199  0.238992
0.888573  0.564199  0.210806
0.919335  0.564199  0.183846
0.945503  0.564199  0.160631
0.96679  0.564199  0.142262
0.982963  0.564199  0.128903
0.993844  0.564199  0.120292
0.999315  0.564199  0.116092
0  0.58964  0.409039
0.00273905  0.58964  0.409086
0.0109262  0.58964  0.409201
0.0244717  0.58964  0.409304
0.0432273  0.58964  0.409236
0.0669873  0.58964  0.408704
0.0954915  0.58964  0.407193
0.128428  0.58964  0.403857
0.165435  0.58964  0.397469
0.206107  0.58964  0.386545
0.25  0.58964  0.369687
0.296632  0.58964  0.346099
0.345492  0.58964  0.316491
0.396044  0.58964  0.284859
0.447736  0.58964  0.258806
0.5  0.58964  0.244372
0.552264  0.58964  0.240992
0.603956  0.58964  0.244226
0.654508  0.58964  0.249448
0.703368  0.58964  0.251903
0.75  0.58964  0.247489
0.793893  0.58964  0.23465
0.834565  0.58964  0.214886
0.871572  0.58964  0.191527
0.904508  0.58964  0.168052
0.933013  0.58964  0.146996
0.956773  0.58964  0.129698
0.975528  0.58964  0.11657
0.989074  0.58964  0.107505
0.997261  0.58964  0.102226
1  0.58964  0.100496
0.000685233  0.614844  0.394482
0.00615583  0.614844  0.394299
0.0170371  0.614844  0.393868
0.0332098  0.614844  0.393055
0.0544967  0.614844  0.391633
0.0806647  0.614844  0.389246
0.111427  0.614844  0.385346
0.146447  0.614844  0.379143
0.18534  0.614844  0.369605
0.22768  0.614844  0.355529
0.273005  0.614844  0.33557
0.320816  0.614844  0.308535
0.37059  0.614844  0.275606
0.421783  0.614844  0.244168
0.473832  0.614844  0.224584
0.526168  0.614844  0.218823
0.578217  0.614844  0.219828
0.62941  0.614844  0.221652
0.679184  0.614844  0.2217
0.726995  0.614844  0.217698
0.77232  0.614844  0.207877
0.81466  0.614844  0.192392
0.853553  0.614844  0.173248
0.888573  0.614844  0.15315
0.919335  0.614844  0.134414
0.945503  0.614844  0.118468
0.96679  0.614844  0.105907
0.982963  0.614844  0.0967794
0.993844  0.614844  0.0908904
0.999315  0.614844  0.0880146
0  0.639743  0.381951
0.00273905  0.639743  0.381771
0.0109262  0.639743  0.381194
0.0244717  0.639743  0.38011
0.0432273  0.639743  0.378329
0.0669873  0.639743  0.375576
0.0954915  0.639743  0.371457
0.128428  0.639743  0.365438
0.165435  0.639743  0.356807
0.206107  0.639743  0.344633
0.25  0.639743  0.327486
0.296632  0.639743  0.302936
0.345492  0.639743  0.268856
0.396044  0.639743  0.229896
0.447736  0.639743  0.201082
0.5  0.639743  0.192794
0.552264  0.639743  0.196778
0.603956  0.639743  0.200087
0.654508  0.639743  0.199007
0.703368  0.639743  0.194234
0.75  0.639743  0.185596
0.793893  0.639743  0.172863
0.834565  0.639743  0.156988
0.871572  0.639743  0.139833
0.904508  0.639743  0.12331
0.933013  0.639743  0.108791
0.956773  0.639743  0.0969688
0.975528  0.639743  0.0880205
0.989074  0.639743  0.08184
0.997261  0.639743  0.0782359
1  0.639743  0.0770536
0.000685233  0.664271  0.370919
0.00615583  0.664271  0.370426
0.0170371  0.664271  0.369361
0.0332098  0.664271  0.367567
0.0544967  0.664271  0.364813
0.0806647  0.664271  0.360786
0.111427  0.664271  0.355087
0.146447  0.664271  0.347208
0.18534  0.664271  0.336463
0.22768  0.664271  0.321621
0.273005  0.664271  0.299869
0.320816  0.664271  0.26634
0.37059  0.664271  0.220132
0.421783  0.664271  0.176426
0.473832  0.664271  0.158689
0.526168  0.664271  0.167037
0.578217  0.664271  0.179028
0.62941  0.664271  0.181709
0.679184  0.664271  0.177023
0.726995  0.664271  0.168501
0.77232  0.664271  0.157142
0.81466  0.664271  0.143468
0.853553  0.664271  0.128608
0.888573  0.664271  0.113985
0.919335  0.664271  0.100793
0.945503  0.664271  0.0897398
0.96679  0.664271  0.0810855
0.982963  0.664271  0.0748031
0.993844  0.664271  0.070745
0.999315  0.664271  0.0687606
0  0.688364  0.361246
0.00273905  0.688364  0.360965
0.0109262  0.688364  0.360083
0.0244717  0.688364  0.358476
0.0432273  0.688364  0.355947
0.0669873  0.688364  0.352232
0.0954915  0.688364  0.347002
0.128428  0.688364  0.339866
0.165435  0.688364  0.330316
0.206107  0.688364  0.317426
0.25  0.688364  0.298721
0.296632  0.688364  0.268228
0.345492  0.688364  0.219063
0.396044  0.688364  0.159196
0.447736  0.688364  0.120961
0.5  0.688364  0.125582
0.552264  0.688364  0.150562
0.603956  0.688364  0.165129
0.654508  0.688364  0.164501
0.703368  0.688364  0.156431
0.75  0.688364  0.145529
0.793893  0.688364  0.133063
0.834565  0.688364  0.119767
0.871572  0.688364  0.106605
0.904508  0.688364  0.0945164
0.933013  0.688364  0.0841506
0.956773  0.688364  0.0758034
0.975528  0.688364  0.0695066
0.989074  0.688364  0.0651557
0.997261  0.688364  0.0626144
1  0.688364  0.0617798
0.000685233  0.711957  0.35241
0.00615583  0.711957  0.351793
0.0170371  0.711957  0.350473
0.0332098  0.711957  0.34829
0.0544967  0.711957  0.345013
0.0806647  0.711957  0.340357
0.111427  0.711957  0.333991
0.146447  0.711957  0.325521
0.18534  0.711957  0.314298
0.22768  0.711957  0.298524
0.273005  0.711957  0.272844
0.320816  0.711957  0.227035
0.37059  0.711957  0.15782
0.421783  0.711957  0.093245
0.473832  0.711957  0.077649
0.526168  0.711957  0.109256
0.578217  0.711957  0.14266
0.62941  0.711957  0.153388
0.679184  0.711957  0.148332
0.726995  0.711957  0.137812
0.77232  0.711957  0.125817
0.81466  0.711957  0.113396
0.853553  0.711957  0.101206
0.888573  0.711957  0.0899254
0.919335  0.711957  0.080091
0.945503  0.711957  0.0719917
0.96679  0.711957  0.0656934
0.982963  0.711957  0.0611265
0.993844  0.711957  0.0581728
0.999315  0.711957  0.056726
0  0.734988  0.344497
0.00273905  0.734988  0.344181
0.0109262  0.734988  0.34319
0.0244717  0.734988  0.3414
0.0432273  0.734988  0.338615
0.0669873  0.734988  0.334579
0.0954915  0.734988  0.328999
0.128428  0.734988  0.321544
0.165435  0.734988  0.311753
0.206107  0.734988  0.298486
0.25  0.734988  0.277915
0.296632  0.734988  0.240132
0.345492  0.734988  0.173233
0.396044  0.734988  0.0892749
0.447736  0.734988  0.0401186
0.5  0.734988  0.0593739
0.552264  0.734988  0.109169
0.603956  0.734988  0.13898
0.654508  0.734988  0.142163
0.703368  0.734988  0.133297
0.75  0.734988  0.121494
0.793893  0.734988  0.109398
0.834565  0.734988  0.0977164
0.871572  0.734988  0.0869242
0.904508  0.734988  0.0774256
0.933013  0.734988  0.0694696
0.956773  0.734988  0.0631326
0.975528  0.734988  0.0583686
0.989074  0.734988  0.0550755
0.997261  0.734988  0.0531489
1  0.734988  0.0525153
0.000685233  0.757396  0.337057
0.00615583  0.757396  0.336403
0.0170371  0.757396  0.335011
0.0332098  0.757396  0.33272
0.0544967  0.757396  0.329306
0.0806647  0.757396  0.3245
0.111427  0.757396  0.318004
0.146447  0.757396  0.309468
0.18534  0.757396  0.298203
0.22768  0.757396  0.281914
0.273005  0.757396  0.253293
0.320816  0.757396  0.198131
0.37059  0.757396  0.111479
0.421783  0.757396  0.0311627
0.473832  0.757396  0.0172942
0.526168  0.757396  0.066803
0.578217  0.757396  0.117121
0.62941  0.757396  0.135014
0.679184  0.757396  0.130807
0.726995  0.757396  0.119628
0.77232  0.757396  0.107541
0.81466  0.757396  0.0959828
0.853553  0.757396  0.085376
0.888573  0.757396  0.0760071
0.919335  0.757396  0.0680675
0.945503  0.757396  0.0616252
0.96679  0.757396  0.0566457
0.982963  0.757396  0.0530388
0.993844  0.757396  0.0507032
0.999315  0.757396  0.0495576
0  0.779122  0.330307
0.00273905  0.779122  0.329984
0.0109262  0.779122  0.328973
0.0244717  0.779122  0.327151
0.0432273  0.779122  0.324327
0.0669873  0.779122  0.320256
0.0954915  0.779122  0.314663
0.128428  0.779122  0.307247
0.165435  0.779122  0.297572
0.206107  0.779122  0.28441
0.25  0.779122  0.263383
0.296632  0.779122  0.222975
0.345492  0.779122  0.149229
0.396044  0.779122  0.055833
0.447736  0.779122  0.00254853
0.5  0.779122  0.0279781
0.552264  0.779122  0.0879781
0.603956  0.779122  0.124008
0.654508  0.779122  0.128722
0.703368  0.779122  0.119549
0.75  0.779122  0.107501
0.793893  0.779122  0.0958005
0.834565  0.779122  0.0851211
0.871572  0.779122  0.0756878
0.904508  0.779122  0.0676332
0.933013  0.779122  0.061005
0.956773  0.779122  0.0557704
0.975528  0.779122  0.0518457
0.989074  0.779122  0.0491319
0.997261  0.779122  0.0475421
1  0.779122  0.0470189
0.000685233  0.800107  0.323859
0.00615583  0.800107  0.323205
0.0170371  0.800107  0.321816
0.0332098  0.800107  0.319534
0.0544967  0.800107  0.316142
0.0806647  0.800107  0.311384
0.111427  0.800107  0.304983
0.146447  0.800107  0.296618
0.18534  0.800107  0.285644
0.22768  0.800107  0.269818
0.273005  0.800107  0.241899
0.320816  0.800107  0.187744
0.37059  0.800107  0.10235
0.421783  0.800107  0.0231468
0.473832  0.800107  0.00967942
0.526168  0.800107  0.058775
0.578217  0.800107  0.108274
0.62941  0.800107  0.12531
0.679184  0.800107  0.120409
0.726995  0.800107  0.108886
0.77232  0.800107  0.0969396
0.81466  0.800107  0.0859936
0.853553  0.800107  0.0763282
0.888573  0.800107  0.0680352
0.919335  0.800107  0.0611377
0.945503  0.800107  0.0555979
0.96679  0.800107  0.0513341
0.982963  0.800107  0.0482478
0.993844  0.800107  0.0462477
0.999315  0.800107  0.0452656
0  0.820297  0.31799
0.00273905  0.820297  0.317671
0.0109262  0.820297  0.316674
0.0244717  0.820297  0.31488
0.0432273  0.820297  0.312101
0.0669873  0.820297  0.308104
0.0954915  0.820297  0.302626
0.128428  0.820297  0.295391
0.165435  0.820297  0.286015
0.206107  0.820297  0.273445
0.25  0.820297  0.253913
0.296632  0.820297  0.217489
0.345492  0.820297  0.152118
0.396044  0.820297  0.0696164
0.447736  0.820297  0.0215898
0.5  0.820297  0.0413734
0.552264  0.820297  0.0908547
0.603956  0.820297  0.119548
0.654508  0.820297  0.121267
0.703368  0.820297  0.111252
0.75  0.820297  0.0991612
0.793893  0.820297  0.0878324
0.834565  0.820297  0.0778025
0.871572  0.820297  0.0691631
0.904508  0.820297  0.0619174
0.933013  0.820297  0.0560193
0.956773  0.820297  0.051386
0.975528  0.820297  0.0479181
0.989074  0.820297  0.0455197
0.997261  0.820297  0.0441136
1  0.820297  0.0436505
0.000685233  0.839637  0.312353
0.00615583  0.839637  0.311713
0.0170371  0.839637  0.310353
0.0332098  0.839637  0.308121
0.0544967  0.839637  0.304807
0.0806647  0.839637  0.300165
0.111427  0.839637  0.293935
0.146447  0.839637  0.28583
0.18534  0.839637  0.275336
0.22768  0.839637  0.260737
0.273005  0.839637  0.236525
0.320816  0.839637  0.191937
0.37059  0.839637  0.123205
0.421783  0.839637  0.0589744
0.473832  0.839637  0.0447887
0.526168  0.839637  0.0783059
0.578217  0.839637  0.112156
0.62941  0.839637  0.121367
0.679184  0.839637  0.114117
0.726995  0.839637  0.102224
0.77232  0.839637  0.0904886
0.81466  0.839637  0.0800016
0.853553  0.839637  0.0709274
0.888573  0.839637  0.0632629
0.919335  0.839637  0.0569549
0.945503  0.839637  0.0519179
0.96679  0.839637  0.0480507
0.982963  0.839637  0.0452527
0.993844  0.839637  0.0434385
0.999315  0.839637  0.0425472
0  0.858076  0.307245
0.00273905  0.858076  0.306934
0.0109262  0.858076  0.305962
0.0244717  0.858076  0.304213
0.0432273  0.858076  0.301506
0.0669873  0.858076  0.297614
0.0954915  0.858076  0.292288
0.128428  0.858076  0.285271
0.165435  0.858076  0.276251
0.206107  0.858076  0.264478
0.25  0.858076  0.247374
0.296632  0.858076  0.218159
0.345492  0.858076  0.168631
0.396044  0.858076  0.107004
0.447736  0.858076  0.0688333
0.5  0.858076  0.0771429
0.552264  0.858076  0.105897
0.603956  0.858076  0.120566
0.654508  0.858076  0.117035
0.703368  0.858076  0.105886
0.75  0.858076  0.0938268
0.793893  0.858076  0.0828334
0.834565  0.858076  0.0732572
0.871572  0.858076  0.065114
0.904508  0.858076  0.0583481
0.933013  0.858076  0.0528724
0.956773  0.858076  0.0485833
0.975528  0.858076  0.045376
0.989074  0.858076  0.0431576
0.997261  0.858076  0.0418564
1  0.858076  0.0414277
0.000685233  0.875566  0.302344
0.00615583  0.875566  0.301721
0.0170371  0.875566  0.300397
0.0332098  0.875566  0.298225
0.0544967  0.875566  0.295001
0.0806647  0.875566  0.290489
0.111427  0.875566  0.28444
0.146447  0.875566  0.276603
0.18534  0.875566  0.266606
0.22768  0.875566  0.253356
0.273005  0.875566  0.23342
0.320816  0.875566  0.200107
0.37059  0.875566  0.15116
0.421783  0.875566  0.104723
0.473832  0.875566  0.0895761
0.526168  0.875566  0.104418
0.578217  0.875566  0.119648
0.62941  0.875566  0.119724
0.679184  0.875566  0.109911
0.726995  0.875566  0.097722
0.77232  0.875566  0.0862212
0.81466  0.875566  0.0760977
0.853553  0.875566  0.067427
0.888573  0.875566  0.0601605
0.919335  0.875566  0.0542117
0.945503  0.875566  0.0494757
0.96679  0.875566  0.0458442
0.982963  0.875566  0.0432172
0.993844  0.875566  0.0415136
0.999315  0.875566  0.0406763
0  0.89206  0.297947
0.00273905  0.89206  0.297645
0.0109262  0.89206  0.296698
0.0244717  0.89206  0.294996
0.0432273  0.89206  0.292362
0.0669873  0.89206  0.288578
0.0954915  0.89206  0.283401
0.128428  0.89206  0.276594
0.165435  0.89206  0.267902
0.206107  0.89206  0.256851
0.25  0.89206  0.241937
0.296632  0.89206  0.219247
0.345492  0.89206  0.184085
0.396044  0.89206  0.141406
0.447736  0.89206  0.112198
0.5  0.89206  0.110129
0.552264  0.89206  0.120152
0.603956  0.89206  0.122229
0.654508  0.89206  0.114097
0.703368  0.89206  0.102056
0.75  0.89206  0.0901
0.793893  0.89206  0.079407
0.834565  0.89206  0.0701717
0.871572  0.89206  0.0623674
0.904508  0.89206  0.0559127
0.933013  0.89206  0.0507037
0.956773  0.89206  0.0466294
0.975528  0.89206  0.0435841
0.989074  0.89206  0.0414776
0.997261  0.89206  0.0402418
1  0.89206  0.0398346
0.000685233  0.907514  0.293747
0.00615583  0.907514  0.29314
0.0170371  0.907514  0.291851
0.0332098  0.907514  0.289737
0.0544967  0.907514  0.286599
0.0806647  0.907514  0.282207
0.111427  0.907514  0.276325
0.146447  0.907514  0.268727
0.18534  0.907514  0.259145
0.22768  0.907514  0.246955
0.273005  0.907514  0.230284
0.320816  0.907514  0.205503
0.37059  0.907514  0.171499
0.421783  0.907514  0.138517
0.473832  0.907514  0.122733
0.526168  0.907514  0.123632
0.578217  0.907514  0.124983
0.62941  0.907514  0.118328
0.679184  0.907514  0.106719
0.726995  0.907514  0.0944128
0.77232  0.907514  0.0831531
0.81466  0.907514  0.0733277
0.853553  0.907514  0.0649543
0.888573  0.907514  0.0579634
0.919335  0.907514  0.0522547
0.945503  0.907514  0.0477165
0.96679  0.907514  0.0442388
0.982963  0.907514  0.0417234
0.993844  0.907514  0.0400918
0.999315  0.907514  0.0392899
0  0.921888  0.290038
0.00273905  0.921888  0.289743
0.0109262  0.921888  0.288821
0.0244717  0.921888  0.287162
0.0432273  0.921888  0.284595
0.0669873  0.921888  0.280906
0.0954915  0.921888  0.275863
0.128428  0.921888  0.269238
0.165435  0.921888  0.260819
0.206107  0.921888  0.250307
0.25  0.921888  0.236904
0.296632  0.921888  0.218576
0.345492  0.921888  0.192922
0.396044  0.921888  0.162763
0.447736  0.921888  0.139541
0.5  0.921888  0.130793
0.552264  0.921888  0.12867
0.603956  0.921888  0.122629
0.654508  0.921888  0.111613
0.703368  0.921888  0.0991057
0.75  0.921888  0.0873102
0.793893  0.921888  0.076882
0.834565  0.921888  0.0679146
0.871572  0.921888  0.0603594
0.904508  0.921888  0.0541244
0.933013  0.921888  0.0490996
0.956773  0.921888  0.0451719
0.975528  0.921888  0.0422369
0.989074  0.921888  0.0402067
0.997261  0.921888  0.0390155
1  0.921888  0.038623
0.000685233  0.935143  0.286522
0.00615583  0.935143  0.28593
0.0170371  0.935143  0.284672
0.0332098  0.935143  0.282607
0.0544967  0.935143  0.279544
0.0806647  0.935143  0.275258
0.111427  0.935143  0.26952
0.146447  0.935143  0.262119
0.18534  0.935143  0.252852
0.22768  0.935143  0.241372
0.273005  0.935143  0.226726
0.320816  0.935143  0.207096
0.37059  0.935143  0.182041
0.421783  0.935143  0.157138
0.473832  0.935143  0.141107
0.526168  0.935143  0.133899
0.578217  0.935143  0.127179
0.62941  0.935143  0.116676
0.679184  0.935143  0.104126
0.726995  0.935143  0.091856
0.77232  0.935143  0.0808264
0.81466  0.935143  0.0712466
0.853553  0.935143  0.0631024
0.888573  0.935143  0.0563149
0.919335  0.935143  0.0507791
0.945503  0.935143  0.0463815
0.96679  0.935143  0.0430124
0.982963  0.935143  0.0405757
0.993844  0.935143  0.0389952
0.999315  0.935143  0.0382182
0  0.947244  0.283488
0.00273905  0.947244  0.283199
0.0109262  0.947244  0.282297
0.0244717  0.947244  0.280674
0.0432273  0.947244  0.278164
0.0669873  0.947244  0.274557
0.0954915  0.947244  0.269627
0.128428  0.947244  0.263154
0.165435  0.947244  0.254948
0.206107  0.947244  0.24481
0.25  0.947244  0.232327
0.296632  0.947244  0.216492
0.345492  0.947244  0.196162
0.396044  0.947244  0.172984
0.447736  0.947244  0.153171
0.5  0.947244  0.140897
0.552264  0.947244  0.132255
0.603956  0.947244  0.121897
0.654508  0.947244  0.109421
0.703368  0.947244  0.0967673
0.75  0.947244  0.0851552
0.793893  0.947244  0.0749524
0.834565  0.947244  0.0661979
0.871572  0.947244  0.0588329
0.904508  0.947244  0.052761
0.933013  0.947244  0.0478709
0.956773  0.947244  0.0440499
0.975528  0.947244  0.0411948
0.989074  0.947244  0.0392198
0.997261  0.947244  0.038061
1  0.947244  0.0376791
0.000685233  0.958158  0.280644
0.00615583  0.958158  0.280064
0.0170371  0.958158  0.27883
0.0332098  0.958158  0.276808
0.0544967  0.958158  0.273806
0.0806647  0.958158  0.269607
0.111427  0.958158  0.263986
0.146447  0.958158  0.256743
0.18534  0.958158  0.247709
0.22768  0.958158  0.236679
0.273005  0.958158  0.223177
0.320816  0.958158  0.206324
0.37059  0.958158  0.186025
0.421783  0.958158  0.165432
0.473832  0.958158  0.149399
0.526168  0.958158  0.138112
0.578217  0.958158  0.127332
0.62941  0.958158  0.114949
0.679184  0.958158  0.102018
0.726995  0.958158  0.0898628
0.77232  0.958158  0.079036
0.81466  0.958158  0.0696543
0.853553  0.958158  0.0616882
0.888573  0.958158  0.0550547
0.919335  0.958158  0.0496478
0.945503  0.958158  0.045354
0.96679  0.958158  0.0420649
0.982963  0.958158  0.0396861
0.993844  0.958158  0.0381431
0.999315  0.958158  0.0373845
0  0.967858  0.278274
0.00273905  0.967858  0.277991
0.0109262  0.967858  0.277105
0.0244717  0.967858  0.275511
0.0432273  0.967858  0.273047
0.0669873  0.967858  0.269505
0.0954915  0.967858  0.264665
0.128428  0.967858  0.258312
0.165435  0.967858  0.250269
0.206107  0.967858  0.240387
0.25  0.967858  0.228444
0.296632  0.967858  0.213945
0.345492  0.967858  0.196374
0.396044  0.967858  0.176791
0.447736  0.967858  0.158792
0.5  0.967858  0.144873
0.552264  0.967858  0.133088
0.603956  0.967858  0.120682
0.654508  0.967858  0.107578
0.703368  0.967858  0.0949414
0.75  0.967858  0.0835017
0.793893  0.967858  0.0734815
0.834565  0.967858  0.0648931
0.871572  0.967858  0.0576727
0.904508  0.967858  0.0517233
0.933013  0.967858  0.0469333
0.956773  0.967858  0.043191
0.975528  0.967858  0.040395
0.989074  0.967858  0.0384608
0.997261  0.967858  0.0373259
1  0.967858  0.0369519
0.000685233  0.976318  0.276093
0.00615583  0.976318  0.275522
0.0170371  0.976318  0.274308
0.0332098  0.976318  0.272318
0.0544967  0.976318  0.269365
0.0806647  0.976318  0.265233
0.111427  0.976318  0.259704
0.146447  0.976318  0.252581
0.18534  0.976318  0.243714
0.22768  0.976318  0.232968
0.273005  0.976318  0.220099
0.320816  0.976318  0.204683
0.37059  0.976318  0.186792
0.421783  0.976318  0.168396
0.473832  0.976318  0.152461
0.526168  0.976318  0.139285
0.578217  0.976318  0.126621
0.62941  0.976318  0.113412
0.679184  0.976318  0.100378
0.726995  0.976318  0.0883529
0.77232  0.976318  0.0776901
0.81466  0.976318  0.0684614
0.853553  0.976318  0.0606297
0.888573  0.976318  0.054111
0.919335  0.976318  0.0487992
0.945503  0.976318  0.0445816
0.96679  0.976318  0.0413512
0.982963  0.976318  0.0390148
0.993844  0.976318  0.0374992
0.999315  0.976318  0.0367542
0  0.983514  0.274379
0.00273905  0.983514  0.2741
0.0109262  0.983514  0.273226
0.0244717  0.983514  0.271655
0.0432273  0.983514  0.269225
0.0669873  0.983514  0.265733
0.0954915  0.983514  0.26096
0.128428  0.983514  0.254696
0.165435  0.983514  0.246772
0.206107  0.983514  0.237061
0.25  0.983514  0.225435
0.296632  0.983514  0.211643
0.345492  0.983514  0.195469
0.396044  0.983514  0.177688
0.447736  0.983514  0.16064
0.5  0.983514  0.146012
0.552264  0.983514  0.132799
0.603956  0.983514  0.119487
0.654508  0.983514  0.106153
0.703368  0.983514  0.0935897
0.75  0.983514  0.0822901
0.793893  0.983514  0.0724077
0.834565  0.983514  0.0639419
0.871572  0.983514  0.0568272
0.904508  0.983514  0.0509663
0.933013  0.983514  0.0462483
0.956773  0.983514  0.0425626
0.975528  0.983514  0.0398089
0.989074  0.983514  0.037904
0.997261  0.983514  0.0367863
1  0.983514  0.036418
0.000685233  0.989428  0.272853
0.00615583  0.989428  0.272289
0.0170371  0.989428  0.27109
0.0332098  0.989428  0.269122
0.0544967  0.989428  0.266204
0.0806647  0.989428  0.26212
0.111427  0.989428  0.256656
0.146447  0.989428  0.249618
0.18534  0.989428  0.240865
0.22768  0.989428  0.230295
0.273005  0.989428  0.217774
0.320816  0.989428  0.203093
0.37059  0.989428  0.1864
0.421783  0.989428  0.169106
0.473832  0.989428  0.15328
0.526168  0.989428  0.139274
0.578217  0.989428  0.125779
0.62941  0.989428  0.112236
0.679184  0.989428  0.0992065
0.726995  0.989428  0.0872902
0.77232  0.989428  0.0767469
0.81466  0.989428  0.0676269
0.853553  0.989428  0.0598897
0.888573  0.989428  0.0534511
0.919335  0.989428  0.0482053
0.945503  0.989428  0.0440404
0.96679  0.989428  0.0408504
0.982963  0.989428  0.0385433
0.993844  0.989428  0.0370468
0.999315  0.989428  0.0363111
0  0.994044  0.27179
0.00273905  0.994044  0.271514
0.0109262  0.994044  0.270648
0.0244717  0.994044  0.269092
0.0432273  0.994044  0.266684
0.0669873  0.994044  0.263225
0.0954915  0.994044  0.258497
0.128428  0.994044  0.252293
0.165435  0.994044  0.244446
0.206107  0.994044  0.234843
0.25  0.994044  0.223396
0.296632  0.994044  0.209969
0.345492  0.994044  0.194483
0.396044  0.994044  0.177581
0.447736  0.994044  0.16102
0.5  0.994044  0.146109
0.552264  0.994044  0.132279
0.603956  0.994044  0.11859
0.654508  0.994044  0.105189
0.703368  0.994044  0.0926952
0.75  0.994044  0.0814928
0.793893  0.994044  0.0717025
0.834565  0.994044  0.0633178
0.871572  0.994044  0.0562724
0.904508  0.994044  0.0504693
0.933013  0.994044  0.0457983
0.956773  0.994044  0.0421494
0.975528  0.994044  0.0394233
0.989074  0.994044  0.0375374
0.997261  0.994044  0.0364309
1  0.994044  0.0360662
0.000685233  0.99735  0.270914
0.00615583  0.99735  0.270354
0.0170371  0.99735  0.269163
0.0332098  0.99735  0.26721
0.0544967  0.99735  0.264312
0.0806647  0.99735  0.260258
0.111427  0.99735  0.254832
0.146447  0.99735  0.247845
0.18534  0.99735  0.239158
0.22768  0.99735  0.228685
0.273005  0.99735  0.216341
0.320816  0.99735  0.20201
0.37059  0.99735  0.185876
0.421783  0.99735  0.169098
0.473832  0.99735  0.153351
0.526168  0.99735  0.139006
0.578217  0.99735  0.125171
0.62941  0.99735  0.111507
0.679184  0.99735  0.0985037
0.726995  0.99735  0.0866577
0.77232  0.99735  0.0761868
0.81466  0.99735  0.0671318
0.853553  0.99735  0.0594508
0.888573  0.99735  0.0530596
0.919335  0.99735  0.0478528
0.945503  0.99735  0.043719
0.96679  0.99735  0.0405529
0.982963  0.99735  0.0382631
0.993844  0.99735  0.0367777
0.999315  0.99735  0.0360476
0  0.999337  0.270499
0.00273905  0.999337  0.270223
0.0109262  0.999337  0.269362
0.0244717  0.999337  0.267813
0.0432273  0.999337  0.265417
0.0669873  0.999337  0.261974
0.0954915  0.999337  0.257268
0.128428  0.999337  0.251094
0.165435  0.999337  0.243285
0.206107  0.999337  0.233733
0.25  0.999337  0.222369
0.296632  0.999337  0.209099
0.345492  0.999337  0.193899
0.396044  0.999337  0.177359
0.447736  0.999337  0.161006
0.5  0.999337  0.145999
0.552264  0.999337  0.131941
0.603956  0.999337  0.118117
0.654508  0.999337  0.104703
0.703368  0.999337  0.0922497
0.75  0.999337  0.0810968
0.793893  0.999337  0.0713526
0.834565  0.999337  0.0630082
0.871572  0.999337  0.0559972
0.904508  0.999337  0.0502228
0.933013  0.999337  0.0455749
0.956773  0.999337  0.0419443
0.975528  0.999337  0.0392317
0.989074  0.999337  0.0373553
0.997261  0.999337  0.0362542
1  0.999337  0.0358914
0.000685233  1  0.270269
0.00615583  1  0.26971
0.0170371  1  0.268522
0.0332098  1  0.266573
0.0544967  1  0.263682
0.0806647  1  0.259637
0.111427  1  0.254224
0.146447  1  0.247254
0.18534  1  0.23859
0.22768  1  0.228148
0.273005  1  0.215858
0.320816  1  0.201631
0.37059  1  0.185661
0.421783  1  0.169035
0.473832  1  0.153315
0.526168  1  0.13888
0.578217  1  0.124954
0.62941  1  0.111261
0.679184  1  0.0982695
0.726995  1  0.0864476
0.77232  1  0.076001
0.81466  1  0.0669676
0.853553  1  0.0593053
0.888573  1  0.0529298
0.919335  1  0.0477358
0.945503  1  0.0436123
0.96679  1  0.0404541
0.982963  1  0.0381701
0.993844  1  0.0366884
0.999315  1  0.0359601
