0  0  0.766421
0.00273905  0  0.768261
0.0109262  0  0.773845
0.0244717  0  0.783302
0.0432273  0  0.796638
0.0669873  0  0.813335
0.0954915  0  0.831705
0.128428  0  0.848115
0.165435  0  0.85653
0.206107  0  0.849165
0.25  0  0.818854
0.296632  0  0.762686
0.345492  0  0.684819
0.396044  0  0.595984
0.447736  0  0.50929
0.5  0  0.434914
0.552264  0  0.377082
0.603956  0  0.334449
0.654508  0  0.302531
0.703368  0  0.276315
0.75  0  0.252062
0.793893  0  0.228033
0.834565  0  0.204245
0.871572  0  0.181674
0.904508  0  0.161433
0.933013  0  0.144295
0.956773  0  0.130574
0.975528  0  0.120242
0.989074  0  0.113102
0.997261  0  0.108929
1  0  0.107558
0.000684778  0.000662955  0.767093
0.00615175  0.000662955  0.770819
0.0170258  0.000662955  0.778383
0.0331878  0.000662955  0.789891
0.0544606  0.000662955  0.805155
0.0806112  0.000662955  0.823167
0.111353  0.000662955  0.841351
0.14635  0.000662955  0.854868
0.185217  0.000662955  0.856598
0.22753  0.000662955  0.83862
0.272824  0.000662955  0.795392
0.320603  0.000662955  0.727319
0.370345  0.000662955  0.642175
0.421503  0.000662955  0.552604
0.473518  0.000662955  0.470898
0.525819  0.000662955  0.404472
0.577834  0.000662955  0.354574
0.628992  0.000662955  0.317936
0.678734  0.000662955  0.289495
0.726513  0.000662955  0.264681
0.771808  0.000662955  0.240697
0.81412  0.000662955  0.21674
0.852988  0.000662955  0.193415
0.887984  0.000662955  0.171858
0.918726  0.000662955  0.15306
0.944876  0.000662955  0.13757
0.966149  0.000662955  0.125519
0.982311  0.000662955  0.116778
0.993185  0.000662955  0.111124
0.998652  0.000662955  0.108354
0  0.00265006  0.767272
0.00273179  0.00265006  0.769169
0.0108972  0.00265006  0.774927
0.0244069  0.00265006  0.784685
0.0431127  0.00265006  0.798459
0.0668098  0.00265006  0.815738
0.0952384  0.00265006  0.834824
0.128087  0.00265006  0.852044
0.164996  0.00265006  0.861279
0.205561  0.00265006  0.854609
0.249337  0.00265006  0.824708
0.295846  0.00265006  0.768526
0.344576  0.00265006  0.690174
0.394995  0.00265006  0.600483
0.446549  0.00265006  0.512787
0.498675  0.00265006  0.437526
0.550801  0.00265006  0.379117
0.602355  0.00265006  0.336275
0.652774  0.00265006  0.304451
0.701504  0.00265006  0.2785
0.748012  0.00265006  0.254538
0.791789  0.00265006  0.230718
0.832354  0.00265006  0.207005
0.869263  0.00265006  0.18438
0.902111  0.00265006  0.163999
0.93054  0.00265006  0.14668
0.954237  0.00265006  0.132777
0.972943  0.00265006  0.122289
0.986453  0.00265006  0.115033
0.994618  0.00265006  0.110788
0.99735  0.00265006  0.109392
0.000681151  0.00595605  0.768869
0.00611917  0.00595605  0.772826
0.0169356  0.00595605  0.780863
0.033012  0.00595605  0.79311
0.0541722  0.00595605  0.809397
0.0801843  0.00595605  0.828716
0.110763  0.00595605  0.848447
0.145574  0.00595605  0.863628
0.184236  0.00595605  0.866922
0.226324  0.00595605  0.850107
0.271379  0.00595605  0.807318
0.318905  0.00595605  0.738754
0.368383  0.00595605  0.652231
0.419271  0.00595605  0.560727
0.47101  0.00595605  0.477052
0.523034  0.00595605  0.409105
0.574773  0.00595605  0.358399
0.625661  0.00595605  0.32166
0.675139  0.00595605  0.293613
0.722665  0.00595605  0.269396
0.76772  0.00595605  0.245947
0.809808  0.00595605  0.222294
0.84847  0.00595605  0.198998
0.883281  0.00595605  0.177245
0.91386  0.00595605  0.158117
0.939872  0.00595605  0.142254
0.961032  0.00595605  0.129857
0.977108  0.00595605  0.120838
0.987925  0.00595605  0.114992
0.993363  0.00595605  0.112125
0  0.0105722  0.770004
0.00271009  0.0105722  0.772074
0.0108107  0.0105722  0.778358
0.024213  0.0105722  0.789025
0.0427703  0.0105722  0.804123
0.0662791  0.0105722  0.823161
0.094482  0.0105722  0.844413
0.12707  0.0105722  0.864088
0.163686  0.0105722  0.875817
0.203928  0.0105722  0.871286
0.247357  0.0105722  0.842681
0.293496  0.0105722  0.786523
0.341839  0.0105722  0.706761
0.391857  0.0105722  0.6145
0.443002  0.0105722  0.523741
0.494714  0.0105722  0.445729
0.546426  0.0105722  0.385484
0.597571  0.0105722  0.341932
0.647589  0.0105722  0.310355
0.695932  0.0105722  0.28521
0.742071  0.0105722  0.26217
0.785499  0.0105722  0.23904
0.825742  0.0105722  0.215615
0.862358  0.0105722  0.192881
0.894946  0.0105722  0.172102
0.923149  0.0105722  0.154244
0.946658  0.0105722  0.139788
0.965215  0.0105722  0.128818
0.978617  0.0105722  0.121198
0.986718  0.0105722  0.116731
0.989428  0.0105722  0.11526
0.000673936  0.0164861  0.772765
0.00605434  0.0164861  0.777187
0.0167562  0.0164861  0.786181
0.0326623  0.0164861  0.799919
0.0535983  0.0164861  0.81827
0.0793349  0.0164861  0.84023
0.10959  0.0164861  0.863091
0.144032  0.0164861  0.881658
0.182284  0.0164861  0.888166
0.223927  0.0164861  0.873791
0.268504  0.0164861  0.83202
0.315527  0.0164861  0.762601
0.364481  0.0164861  0.673379
0.414829  0.0164861  0.577964
0.46602  0.0164861  0.490203
0.517494  0.0164861  0.419008
0.568685  0.0164861  0.366489
0.619033  0.0164861  0.329416
0.667987  0.0164861  0.302129
0.71501  0.0164861  0.279169
0.759587  0.0164861  0.256909
0.80123  0.0164861  0.234004
0.839482  0.0164861  0.210886
0.873924  0.0164861  0.188818
0.904179  0.0164861  0.169063
0.929916  0.0164861  0.152457
0.950852  0.0164861  0.13935
0.966758  0.0164861  0.129747
0.97746  0.0164861  0.123496
0.98284  0.0164861  0.120423
0  0.0236823  0.775093
0.00267419  0.0236823  0.777453
0.0106674  0.0236823  0.784625
0.0238922  0.0236823  0.796821
0.0422035  0.0236823  0.814147
0.0654009  0.0236823  0.836143
0.09323  0.0236823  0.861044
0.125386  0.0236823  0.884874
0.161517  0.0236823  0.900865
0.201226  0.0236823  0.900062
0.244079  0.0236823  0.873838
0.289607  0.0236823  0.81796
0.337309  0.0236823  0.736036
0.386665  0.0236823  0.639538
0.437132  0.0236823  0.543537
0.488159  0.0236823  0.460648
0.539185  0.0236823  0.396995
0.589653  0.0236823  0.351971
0.639008  0.0236823  0.320658
0.686711  0.0236823  0.296877
0.732238  0.0236823  0.275531
0.775091  0.0236823  0.253782
0.814801  0.0236823  0.231072
0.850932  0.0236823  0.208335
0.883088  0.0236823  0.187001
0.910917  0.0236823  0.168286
0.934114  0.0236823  0.1529
0.952425  0.0236823  0.141094
0.96565  0.0236823  0.132832
0.973644  0.0236823  0.127965
0.976318  0.0236823  0.12636
0.000663208  0.0321416  0.779341
0.00595797  0.0321416  0.784467
0.0164895  0.0321416  0.794907
0.0321424  0.0321416  0.810895
0.0527451  0.0321416  0.832363
0.078072  0.0321416  0.858311
0.107846  0.0321416  0.885917
0.14174  0.0321416  0.909659
0.179383  0.0321416  0.921168
0.220362  0.0321416  0.910738
0.26423  0.0321416  0.870863
0.310504  0.0321416  0.800532
0.358679  0.0321416  0.707505
0.408226  0.0321416  0.606216
0.458602  0.0321416  0.512037
0.509256  0.0321416  0.435492
0.559632  0.0321416  0.379755
0.609179  0.0321416  0.341828
0.657354  0.0321416  0.315558
0.703628  0.0321416  0.294607
0.747496  0.0321416  0.274435
0.788476  0.0321416  0.253026
0.826119  0.0321416  0.23052
0.860013  0.0321416  0.20823
0.889786  0.0321416  0.187674
0.915113  0.0321416  0.169996
0.935716  0.0321416  0.155805
0.951369  0.0321416  0.145284
0.9619  0.0321416  0.138381
0.967195  0.0321416  0.134973
0  0.0418415  0.78311
0.00262445  0.0418415  0.785878
0.010469  0.0418415  0.794295
0.0234478  0.0418415  0.808632
0.0414186  0.0418415  0.829073
0.0641844  0.0418415  0.855208
0.091496  0.0418415  0.885228
0.123054  0.0418415  0.914929
0.158513  0.0418415  0.937035
0.197484  0.0418415  0.941746
0.23954  0.0418415  0.919319
0.28422  0.0418415  0.864408
0.331036  0.0418415  0.779987
0.379473  0.0418415  0.677837
0.429002  0.0418415  0.574382
0.479079  0.0418415  0.484174
0.529157  0.0418415  0.415064
0.578685  0.0418415  0.367341
0.627123  0.0418415  0.336014
0.673938  0.0418415  0.31411
0.718619  0.0418415  0.295424
0.760675  0.0418415  0.276106
0.799646  0.0418415  0.254947
0.835104  0.0418415  0.232681
0.866662  0.0418415  0.210899
0.893974  0.0418415  0.191156
0.91674  0.0418415  0.174519
0.934711  0.0418415  0.161523
0.947689  0.0418415  0.152314
0.955534  0.0418415  0.146848
0.958158  0.0418415  0.145039
0.000649082  0.0527565  0.789079
0.00583107  0.0527565  0.795135
0.0161383  0.0527565  0.807482
0.0314578  0.0527565  0.826435
0.0516217  0.0527565  0.852004
0.0764091  0.0527565  0.88321
0.105549  0.0527565  0.917109
0.138721  0.0527565  0.947805
0.175562  0.0527565  0.966207
0.215669  0.0527565  0.961513
0.258602  0.0527565  0.924892
0.303891  0.0527565  0.854196
0.351039  0.0527565  0.756805
0.399531  0.0527565  0.647972
0.448834  0.0527565  0.544965
0.498409  0.0527565  0.460555
0.547713  0.0527565  0.399623
0.596204  0.0527565  0.359807
0.643353  0.0527565  0.334539
0.688642  0.0527565  0.316387
0.731575  0.0527565  0.299518
0.771682  0.0527565  0.280845
0.808523  0.0527565  0.259914
0.841695  0.0527565  0.237953
0.870834  0.0527565  0.21675
0.895622  0.0527565  0.197863
0.915786  0.0527565  0.1823
0.931105  0.0527565  0.170544
0.941412  0.0527565  0.162735
0.946594  0.0527565  0.158851
0  0.0648574  0.794321
0.0025614  0.0648574  0.797598
0.0102176  0.0648574  0.807572
0.0228846  0.0648574  0.824584
0.0404237  0.0648574  0.84891
0.0626427  0.0648574  0.880209
0.0892982  0.0648574  0.916643
0.120098  0.0648574  0.95378
0.154705  0.0648574  0.983803
0.19274  0.0648574  0.995961
0.233786  0.0648574  0.979169
0.277393  0.0648574  0.926605
0.323084  0.0648574  0.840177
0.370358  0.0648574  0.731671
0.418697  0.0648574  0.618903
0.467571  0.0648574  0.51881
0.516446  0.0648574  0.441682
0.564785  0.0648574  0.389374
0.612059  0.0648574  0.35721
0.65775  0.0648574  0.337451
0.701357  0.0648574  0.322528
0.742403  0.0648574  0.307147
0.780438  0.0648574  0.289017
0.815045  0.0648574  0.268364
0.845844  0.0648574  0.246811
0.8725  0.0648574  0.226283
0.894719  0.0648574  0.208331
0.912258  0.0648574  0.193921
0.924925  0.0648574  0.183515
0.932581  0.0648574  0.177264
0.935143  0.0648574  0.175183
0.000631708  0.0781122  0.801854
0.00567498  0.0781122  0.809014
0.0157063  0.0781122  0.823621
0.0306157  0.0781122  0.846081
0.0502399  0.0781122  0.876498
0.0743638  0.0781122  0.913937
0.102723  0.0781122  0.955359
0.135007  0.0781122  0.994525
0.170863  0.0781122  1.02163
0.209896  0.0781122  1.02468
0.25168  0.0781122  0.993304
0.295756  0.0781122  0.923768
0.341643  0.0781122  0.82257
0.388836  0.0781122  0.70544
0.43682  0.0781122  0.591616
0.485068  0.0781122  0.496661
0.533051  0.0781122  0.427948
0.580245  0.0781122  0.384458
0.626131  0.0781122  0.359591
0.670208  0.0781122  0.344821
0.711992  0.0781122  0.332707
0.751025  0.0781122  0.318618
0.78688  0.0781122  0.30104
0.819165  0.0781122  0.280789
0.847524  0.0781122  0.259801
0.871648  0.0781122  0.240096
0.891272  0.0781122  0.223217
0.906181  0.0781122  0.210109
0.916213  0.0781122  0.201236
0.921256  0.0781122  0.196777
0  0.0924858  0.808034
0.00248573  0.0924858  0.811884
0.00991568  0.0924858  0.8236
0.0222085  0.0924858  0.843602
0.0392294  0.0924858  0.872264
0.0607919  0.0924858  0.909333
0.0866599  0.0924858  0.952979
0.11655  0.0924858  0.998613
0.150134  0.0924858  1.03797
0.187045  0.0924858  1.0594
0.226879  0.0924858  1.05045
0.269197  0.0924858  1.00253
0.313538  0.0924858  0.915945
0.359416  0.0924858  0.801854
0.406327  0.0924858  0.679068
0.453757  0.0924858  0.567035
0.501188  0.0924858  0.479119
0.548098  0.0924858  0.419621
0.593976  0.0924858  0.384933
0.638317  0.0924858  0.366947
0.680636  0.0924858  0.356701
0.720469  0.0924858  0.347102
0.75738  0.0924858  0.334246
0.790964  0.0924858  0.317345
0.820854  0.0924858  0.297713
0.846722  0.0924858  0.277523
0.868285  0.0924858  0.25886
0.885306  0.0924858  0.243269
0.897598  0.0924858  0.231694
0.905028  0.0924858  0.224617
0.907514  0.0924858  0.22224
0.000611269  0.10794  0.816186
0.00549137  0.10794  0.824503
0.0151981  0.10794  0.841478
0.0296251  0.10794  0.867603
0.0486144  0.10794  0.903085
0.0719578  0.10794  0.947064
0.0993996  0.10794  0.996485
0.130639  0.10794  1.04491
0.165334  0.10794  1.082
0.203105  0.10794  1.09476
0.243537  0.10794  1.07119
0.286187  0.10794  1.00565
0.330589  0.10794  0.903023
0.376255  0.10794  0.778737
0.422687  0.10794  0.65354
0.469373  0.10794  0.545958
0.515804  0.10794  0.466613
0.561471  0.10794  0.416807
0.605873  0.10794  0.39073
0.648523  0.10794  0.37918
0.688955  0.10794  0.373074
0.726726  0.10794  0.365833
0.761421  0.10794  0.354298
0.79266  0.10794  0.338325
0.820102  0.10794  0.319632
0.843446  0.10794  0.300566
0.862435  0.10794  0.283258
0.876862  0.10794  0.26926
0.886569  0.10794  0.259525
0.891449  0.10794  0.254556
0  0.124434  0.82181
0.00239822  0.124434  0.826214
0.00956661  0.124434  0.839618
0.0214266  0.124434  0.862504
0.0378483  0.124434  0.895342
0.0586518  0.124434  0.93798
0.0836091  0.124434  0.988665
0.112447  0.124434  1.0428
0.144849  0.124434  1.09193
0.180461  0.124434  1.12386
0.218891  0.124434  1.12497
0.259721  0.124434  1.08488
0.302501  0.124434  1.00177
0.346763  0.124434  0.885226
0.392022  0.124434  0.754083
0.437783  0.124434  0.629775
0.483544  0.124434  0.528985
0.528803  0.124434  0.459339
0.573065  0.124434  0.419401
0.615845  0.124434  0.401595
0.656674  0.124434  0.396032
0.695105  0.124434  0.393781
0.730717  0.124434  0.388884
0.763119  0.124434  0.3789
0.791957  0.124434  0.364236
0.816914  0.124434  0.346915
0.837718  0.124434  0.329402
0.854139  0.124434  0.313854
0.865999  0.124434  0.301828
0.873168  0.124434  0.294286
0.875566  0.124434  0.291722
0.000587982  0.141924  0.828483
0.00528217  0.141924  0.837811
0.0146191  0.141924  0.856844
0.0284965  0.141924  0.886145
0.0467623  0.141924  0.926016
0.0692165  0.141924  0.97571
0.0956129  0.141924  1.03229
0.125662  0.141924  1.08939
0.159036  0.141924  1.13656
0.195367  0.141924  1.16026
0.234259  0.141924  1.14724
0.275285  0.141924  1.08978
0.317995  0.141924  0.990441
0.361922  0.141924  0.863092
0.406584  0.141924  0.728814
0.451492  0.141924  0.608534
0.496154  0.141924  0.516451
0.540081  0.141924  0.45721
0.582792  0.141924  0.427021
0.623817  0.141924  0.417019
0.662709  0.141924  0.417003
0.69904  0.141924  0.418417
0.732414  0.141924  0.415986
0.762463  0.141924  0.407917
0.78886  0.141924  0.395059
0.811314  0.141924  0.379646
0.82958  0.141924  0.364201
0.843457  0.141924  0.350883
0.852794  0.141924  0.341236
0.857488  0.141924  0.336196
0  0.160363  0.830896
0.00229981  0.160363  0.835717
0.00917404  0.160363  0.850385
0.0205474  0.160363  0.875422
0.0362952  0.160363  0.911365
0.056245  0.160363  0.958169
0.0801782  0.160363  1.01424
0.107833  0.160363  1.07522
0.138905  0.160363  1.13289
0.173055  0.160363  1.17511
0.209909  0.160363  1.18776
0.249063  0.160363  1.15902
0.290087  0.160363  1.08467
0.332533  0.160363  0.971696
0.375935  0.160363  0.837388
0.419818  0.160363  0.703792
0.463701  0.160363  0.59032
0.507103  0.160363  0.508353
0.549549  0.160363  0.459782
0.590574  0.160363  0.438948
0.629728  0.160363  0.436162
0.666581  0.160363  0.441259
0.700732  0.160363  0.446229
0.731804  0.160363  0.446483
0.759459  0.160363  0.440789
0.783392  0.160363  0.430314
0.803341  0.160363  0.417402
0.819089  0.160363  0.404575
0.830463  0.160363  0.393948
0.837337  0.160363  0.387007
0.839637  0.160363  0.384602
0.000562094  0.179703  0.832849
0.00504961  0.179703  0.84277
0.0139755  0.179703  0.863002
0.0272419  0.179703  0.894137
0.0447035  0.179703  0.936548
0.066169  0.179703  0.989637
0.0914032  0.179703  1.05075
0.12013  0.179703  1.11396
0.152034  0.179703  1.16935
0.186766  0.179703  1.20366
0.223945  0.179703  1.20313
0.263164  0.179703  1.15832
0.303994  0.179703  1.06896
0.345987  0.179703  0.94601
0.388683  0.179703  0.809
0.431614  0.179703  0.679702
0.47431  0.179703  0.575293
0.516302  0.179703  0.504284
0.557132  0.179703  0.466212
0.596352  0.179703  0.454064
0.633531  0.179703  0.457787
0.668263  0.179703  0.467547
0.700167  0.179703  0.475994
0.728893  0.179703  0.479193
0.754128  0.179703  0.476355
0.775593  0.179703  0.468839
0.793055  0.179703  0.458998
0.806321  0.179703  0.449272
0.815247  0.179703  0.441663
0.819734  0.179703  0.437524
0  0.199893  0.82858
0.00219154  0.199893  0.833542
0.00874213  0.199893  0.848631
0.01958  0.199893  0.874366
0.0345864  0.199893  0.911305
0.053597  0.199893  0.959496
0.0764034  0.199893  1.0176
0.102756  0.199893  1.08175
0.132365  0.199893  1.14453
0.164908  0.199893  1.19467
0.200027  0.199893  1.21856
0.237337  0.199893  1.20378
0.27643  0.199893  1.14398
0.316878  0.199893  1.04278
0.358237  0.199893  0.914223
0.400054  0.199893  0.778796
0.441871  0.199893  0.656944
0.483229  0.199893  0.563204
0.523677  0.199893  0.503411
0.56277  0.199893  0.475233
0.60008  0.199893  0.47084
0.635199  0.199893  0.480229
0.667742  0.199893  0.494138
0.697351  0.199893  0.50594
0.723704  0.199893  0.512285
0.74651  0.199893  0.512701
0.765521  0.199893  0.508606
0.780527  0.199893  0.502246
0.791365  0.199893  0.495885
0.797916  0.199893  0.491321
0.800107  0.199893  0.489674
0.00053388  0.220878  0.82217
0.00479614  0.220878  0.832006
0.013274  0.220878  0.852044
0.0258745  0.220878  0.882855
0.0424596  0.220878  0.924836
0.0628476  0.220878  0.977553
0.0868152  0.220878  1.03879
0.1141  0.220878  1.10348
0.144402  0.220878  1.16291
0.177391  0.220878  1.2051
0.212704  0.220878  1.21696
0.249955  0.220878  1.1882
0.288735  0.220878  1.11585
0.32862  0.220878  1.00693
0.369173  0.220878  0.877409
0.409949  0.220878  0.747503
0.450502  0.220878  0.635568
0.490387  0.220878  0.553389
0.529167  0.220878  0.504484
0.566418  0.220878  0.485194
0.601731  0.220878  0.487374
0.63472  0.220878  0.501429
0.665022  0.220878  0.518847
0.692307  0.220878  0.533741
0.716274  0.220878  0.543255
0.736662  0.220878  0.5471
0.753247  0.220878  0.546617
0.765848  0.220878  0.543832
0.774326  0.220878  0.540723
0.778588  0.220878  0.538776
0  0.242604  0.808095
0.00207455  0.242604  0.812816
0.00827546  0.242604  0.82716
0.0185348  0.242604  0.851595
0.0327402  0.242604  0.88664
0.0507359  0.242604  0.932408
0.0723249  0.242604  0.987867
0.0972706  0.242604  1.04989
0.1253  0.242604  1.11233
0.156105  0.242604  1.16566
0.189349  0.242604  1.19789
0.224668  0.242604  1.19725
0.261674  0.242604  1.15612
0.299962  0.242604  1.07477
0.339113  0.242604  0.962747
0.378698  0.242604  0.836721
0.418283  0.242604  0.715618
0.457434  0.242604  0.61526
0.495722  0.242604  0.544812
0.532729  0.242604  0.505933
0.568047  0.242604  0.494173
0.601291  0.242604  0.501515
0.632097  0.242604  0.519058
0.660126  0.242604  0.539157
0.685071  0.242604  0.556638
0.70666  0.242604  0.569041
0.724656  0.242604  0.576127
0.738862  0.242604  0.57904
0.749121  0.242604  0.579467
0.755322  0.242604  0.578996
0.757396  0.242604  0.578711
0.000503638  0.265012  0.790802
0.00452446  0.265012  0.79974
0.0125221  0.265012  0.817928
0.0244088  0.265012  0.845854
0.0400545  0.265012  0.883887
0.0592876  0.265012  0.931751
0.0818976  0.265012  0.98777
0.107637  0.265012  1.04799
0.136223  0.265012  1.10549
0.167343  0.265012  1.15049
0.200655  0.265012  1.17173
0.235796  0.265012  1.15938
0.27238  0.265012  1.10863
0.310005  0.265012  1.02248
0.348261  0.265012  0.911938
0.386727  0.265012  0.793267
0.424983  0.265012  0.683375
0.462609  0.265012  0.595402
0.499192  0.265012  0.536189
0.534333  0.265012  0.506033
0.567646  0.265012  0.500175
0.598766  0.265012  0.511086
0.627352  0.265012  0.530763
0.653091  0.265012  0.552482
0.675701  0.265012  0.571735
0.694934  0.265012  0.586355
0.71058  0.265012  0.596044
0.722466  0.265012  0.601641
0.730464  0.265012  0.604408
0.734485  0.265012  0.60547
0  0.288043  0.765815
0.00195009  0.288043  0.7699
0.00777899  0.288043  0.782297
0.0174228  0.288043  0.803382
0.030776  0.288043  0.833583
0.0476921  0.288043  0.873029
0.0679859  0.288043  0.921007
0.0914349  0.288043  0.975235
0.117782  0.288043  1.03113
0.14674  0.288043  1.08145
0.177989  0.288043  1.11673
0.211189  0.288043  1.12707
0.245975  0.288043  1.1049
0.281966  0.288043  1.04803
0.318769  0.288043  0.961378
0.355979  0.288043  0.856386
0.393188  0.288043  0.748029
0.429991  0.288043  0.650785
0.465982  0.288043  0.575201
0.500768  0.288043  0.526184
0.533968  0.288043  0.503141
0.565218  0.288043  0.501401
0.594175  0.288043  0.514186
0.620522  0.288043  0.534508
0.643971  0.288043  0.556571
0.664265  0.288043  0.57647
0.681181  0.288043  0.592242
0.694534  0.288043  0.603451
0.704178  0.288043  0.610572
0.710007  0.288043  0.614401
0.711957  0.288043  0.615595
0.000471689  0.311636  0.737879
0.00423745  0.311636  0.745207
0.0117277  0.311636  0.760096
0.0228604  0.311636  0.782914
0.0375136  0.311636  0.813954
0.0555267  0.311636  0.853059
0.0767023  0.311636  0.89909
0.100809  0.311636  0.94929
0.127581  0.311636  0.998753
0.156727  0.311636  1.04035
0.187927  0.311636  1.06552
0.220838  0.311636  1.06608
0.255101  0.311636  1.03676
0.29034  0.311636  0.977476
0.326169  0.311636  0.894227
0.362195  0.311636  0.79798
0.398024  0.311636  0.701839
0.433263  0.311636  0.617736
0.467526  0.311636  0.553873
0.500437  0.311636  0.513644
0.531637  0.311636  0.495967
0.560783  0.311636  0.496551
0.587555  0.311636  0.509532
0.611662  0.311636  0.528979
0.632837  0.311636  0.549986
0.65085  0.311636  0.569188
0.665504  0.311636  0.584771
0.676636  0.311636  0.596128
0.684126  0.311636  0.603369
0.687892  0.311636  0.606855
0  0.335729  0.704076
0.00181947  0.335729  0.707239
0.00725796  0.335729  0.71683
0.0162559  0.335729  0.733111
0.0287146  0.335729  0.756382
0.0444977  0.335729  0.786754
0.0634323  0.335729  0.82378
0.0853107  0.335729  0.865973
0.109894  0.335729  0.910301
0.136911  0.335729  0.951872
0.166068  0.335729  0.984112
0.197044  0.335729  0.999722
0.2295  0.335729  0.992399
0.263081  0.335729  0.958907
0.297418  0.335729  0.900642
0.332136  0.335729  0.823892
0.366853  0.335729  0.7385
0.40119  0.335729  0.655419
0.434771  0.335729  0.584133
0.467227  0.335729  0.530845
0.498203  0.335729  0.497825
0.52736  0.335729  0.483814
0.554378  0.335729  0.485091
0.57896  0.335729  0.496763
0.600839  0.335729  0.513937
0.619773  0.335729  0.532538
0.635557  0.335729  0.549687
0.648015  0.335729  0.563702
0.657013  0.335729  0.573826
0.662452  0.335729  0.57987
0.664271  0.335729  0.581871
0.000438373  0.360257  0.669043
0.00393815  0.360257  0.67438
0.0108994  0.360257  0.685202
0.0212457  0.360257  0.701749
0.0348639  0.360257  0.724212
0.0516047  0.360257  0.752506
0.0712846  0.360257  0.785935
0.0936882  0.360257  0.822795
0.11857  0.360257  0.860012
0.145657  0.360257  0.893021
0.174653  0.360257  0.916125
0.20524  0.360257  0.923472
0.237083  0.360257  0.910547
0.269832  0.360257  0.875731
0.303131  0.360257  0.821262
0.336612  0.360257  0.753086
0.36991  0.360257  0.679553
0.40266  0.360257  0.609439
0.434503  0.360257  0.550037
0.46509  0.360257  0.505916
0.494086  0.360257  0.478557
0.521173  0.360257  0.466741
0.546055  0.360257  0.4674
0.568458  0.360257  0.4766
0.588138  0.360257  0.490413
0.604879  0.360257  0.505526
0.618497  0.360257  0.519513
0.628843  0.360257  0.530841
0.635805  0.360257  0.538678
0.639304  0.360257  0.542659
0  0.385156  0.631314
0.00168409  0.385156  0.633473
0.00671791  0.385156  0.64001
0.0150463  0.385156  0.651077
0.026578  0.385156  0.666853
0.0411867  0.385156  0.687401
0.0587124  0.385156  0.712462
0.0789629  0.385156  0.741171
0.101717  0.385156  0.771758
0.126724  0.385156  0.801324
0.153711  0.385156  0.825877
0.182382  0.385156  0.840769
0.212423  0.385156  0.841588
0.243505  0.385156  0.825349
0.275288  0.385156  0.79157
0.307422  0.385156  0.742788
0.339556  0.385156  0.684205
0.371339  0.385156  0.622552
0.402421  0.385156  0.564591
0.432462  0.385156  0.515756
0.461133  0.385156  0.479339
0.48812  0.385156  0.456292
0.513127  0.385156  0.445565
0.535881  0.385156  0.444747
0.556132  0.385156  0.450786
0.573657  0.385156  0.460627
0.588266  0.385156  0.471644
0.599798  0.385156  0.481846
0.608126  0.385156  0.489892
0.61316  0.385156  0.494985
0.614844  0.385156  0.496722
0.000404041  0.41036  0.594752
0.00362973  0.41036  0.598145
0.0100458  0.41036  0.60501
0.0195818  0.41036  0.615472
0.0321335  0.41036  0.629628
0.0475632  0.41036  0.647422
0.0657019  0.41036  0.668468
0.0863508  0.41036  0.691828
0.109284  0.41036  0.715808
0.13425  0.41036  0.737859
0.160975  0.41036  0.754696
0.189166  0.41036  0.762746
0.218515  0.41036  0.758885
0.2487  0.41036  0.741314
0.27939  0.41036  0.710246
0.31025  0.41036  0.668125
0.34094  0.41036  0.619217
0.371125  0.41036  0.568704
0.400474  0.41036  0.521609
0.428666  0.41036  0.481865
0.455391  0.41036  0.451796
0.480357  0.41036  0.432019
0.50329  0.41036  0.421708
0.523939  0.41036  0.419057
0.542077  0.41036  0.421791
0.557507  0.41036  0.427611
0.570059  0.41036  0.434508
0.579595  0.41036  0.440914
0.586011  0.41036  0.445735
0.589236  0.41036  0.448301
0  0.435801  0.558738
0.00154537  0.435801  0.56001
0.00616455  0.435801  0.563855
0.0138069  0.435801  0.570342
0.0243888  0.435801  0.579551
0.0377942  0.435801  0.591499
0.0538762  0.435801  0.606036
0.0724587  0.435801  0.622707
0.0933381  0.435801  0.640594
0.116286  0.435801  0.658194
0.14105  0.435801  0.673403
0.167359  0.435801  0.683679
0.194926  0.435801  0.686429
0.223448  0.435801  0.679582
0.252612  0.435801  0.662176
0.2821  0.435801  0.634768
0.311587  0.435801  0.599478
0.340751  0.435801  0.559614
0.369273  0.435801  0.519005
0.39684  0.435801  0.481254
0.423149  0.435801  0.449136
0.447914  0.435801  0.424264
0.470861  0.435801  0.407052
0.49174  0.435801  0.396904
0.510323  0.435801  0.392534
0.526405  0.435801  0.392318
0.53981  0.435801  0.394601
0.550392  0.435801  0.397911
0.558035  0.435801  0.401085
0.562654  0.435801  0.403307
0.564199  0.435801  0.404099
0.000369058  0.461412  0.525804
0.00331545  0.461412  0.527637
0.00917597  0.461412  0.531335
0.0178864  0.461412  0.536944
0.0293513  0.461412  0.54449
0.043445  0.461412  0.553927
0.0600132  0.461412  0.565047
0.0788743  0.461412  0.577383
0.0998217  0.461412  0.590111
0.122626  0.461412  0.601987
0.147037  0.461412  0.611377
0.172788  0.461412  0.616426
0.199595  0.461412  0.615364
0.227167  0.461412  0.606905
0.2552  0.461412  0.590628
0.283388  0.461412  0.567194
0.311421  0.461412  0.538302
0.338992  0.461412  0.5064
0.3658  0.461412  0.474209
0.391551  0.461412  0.444239
0.415962  0.461412  0.418403
0.438766  0.461412  0.397809
0.459713  0.461412  0.382753
0.478575  0.461412  0.372844
0.495143  0.461412  0.367219
0.509236  0.461412  0.364776
0.520701  0.461412  0.364383
0.529412  0.461412  0.365029
0.535272  0.461412  0.365912
0.538219  0.461412  0.366489
0  0.487126  0.495536
0.00140479  0.487126  0.496159
0.00560376  0.487126  0.498034
0.0125509  0.487126  0.501183
0.0221701  0.487126  0.50562
0.034356  0.487126  0.511331
0.0489751  0.487126  0.518222
0.0658672  0.487126  0.526065
0.0848471  0.487126  0.53443
0.105707  0.487126  0.542629
0.128218  0.487126  0.549696
0.152135  0.487126  0.554438
0.177194  0.487126  0.555579
0.203121  0.487126  0.55198
0.229632  0.487126  0.542907
0.256437  0.487126  0.52825
0.283242  0.487126  0.50863
0.309753  0.487126  0.485334
0.33568  0.487126  0.460095
0.360739  0.487126  0.434789
0.384655  0.487126  0.411121
0.407167  0.487126  0.390388
0.428027  0.487126  0.373356
0.447007  0.487126  0.36025
0.463899  0.487126  0.350845
0.478518  0.487126  0.344601
0.490704  0.487126  0.340819
0.500323  0.487126  0.338772
0.50727  0.487126  0.337815
0.511469  0.487126  0.337447
0.512874  0.487126  0.33736
0.000333795  0.512874  0.469055
0.00299866  0.512874  0.469844
0.00829921  0.512874  0.471426
0.0161774  0.512874  0.473805
0.0265468  0.512874  0.476969
0.0392939  0.512874  0.480871
0.054279  0.512874  0.485396
0.071338  0.512874  0.490325
0.0902838  0.512874  0.495293
0.110909  0.512874  0.499764
0.132988  0.512874  0.503033
0.156278  0.512874  0.504281
0.180524  0.512874  0.502681
0.205461  0.512874  0.497549
0.230816  0.512874  0.488505
0.25631  0.512874  0.475598
0.281665  0.512874  0.459344
0.306602  0.512874  0.440669
0.330848  0.512874  0.420762
0.354138  0.512874  0.400886
0.376217  0.512874  0.382184
0.396842  0.512874  0.365534
0.415788  0.512874  0.351474
0.432847  0.512874  0.340194
0.447832  0.512874  0.331592
0.460579  0.512874  0.325359
0.470949  0.512874  0.321083
0.478827  0.512874  0.318332
0.484127  0.512874  0.31673
0.486792  0.512874  0.316001
0  0.538588  0.445855
0.00126383  0.538588  0.446078
0.00504148  0.538588  0.446748
0.0112916  0.538588  0.447859
0.0199456  0.538588  0.449398
0.0309088  0.538588  0.451334
0.044061  0.538588  0.453602
0.0592581  0.538588  0.456084
0.0763336  0.538588  0.45859
0.0951005  0.538588  0.460831
0.115353  0.538588  0.462416
0.136869  0.538588  0.462863
0.159414  0.538588  0.461643
0.18274  0.538588  0.458255
0.206591  0.538588  0.452317
0.230706  0.538588  0.443663
0.254821  0.538588  0.432402
0.278673  0.538588  0.418928
0.301998  0.538588  0.403881
0.324543  0.538588  0.388055
0.346059  0.538588  0.372292
0.366312  0.538588  0.357363
0.385079  0.538588  0.343881
0.402154  0.538588  0.332244
0.417351  0.538588  0.322628
0.430504  0.538588  0.315016
0.441467  0.538588  0.309253
0.450121  0.538588  0.305116
0.456371  0.538588  0.302368
0.460148  0.538588  0.300808
0.461412  0.538588  0.300303
0.000298625  0.564199  0.426034
0.00268272  0.564199  0.426237
0.00742478  0.564199  0.426637
0.0144729  0.564199  0.427219
0.0237497  0.564199  0.427957
0.0351537  0.564199  0.428809
0.04856  0.564199  0.429704
0.0638216  0.564199  0.430536
0.0807712  0.564199  0.43115
0.0992233  0.564199  0.431334
0.118976  0.564199  0.430821
0.139812  0.564199  0.429302
0.161504  0.564199  0.426457
0.183813  0.564199  0.422005
0.206496  0.564199  0.415754
0.229304  0.564199  0.407652
0.251988  0.564199  0.39781
0.274297  0.564199  0.386507
0.295989  0.564199  0.374165
0.316825  0.564199  0.361306
0.336577  0.564199  0.348494
0.35503  0.564199  0.336272
0.371979  0.564199  0.325096
0.387241  0.564199  0.315295
0.400647  0.564199  0.307048
0.412051  0.564199  0.300399
0.421328  0.564199  0.295293
0.428376  0.564199  0.291618
0.433118  0.564199  0.289254
0.435502  0.564199  0.288099
0  0.58964  0.409039
0.001124  0.58964  0.409059
0.00448367  0.58964  0.409113
0.0100422  0.58964  0.40919
0.0177387  0.58964  0.409267
0.0274889  0.58964  0.409311
0.0391859  0.58964  0.409274
0.0527015  0.58964  0.409091
0.0678877  0.58964  0.408673
0.0845781  0.58964  0.407902
0.10259  0.58964  0.406634
0.121726  0.58964  0.404697
0.141776  0.58964  0.401908
0.162521  0.58964  0.398088
0.183733  0.58964  0.393094
0.20518  0.58964  0.386843
0.226627  0.58964  0.37933
0.247839  0.58964  0.370642
0.268584  0.58964  0.360954
0.288634  0.58964  0.350528
0.30777  0.58964  0.339699
0.325781  0.58964  0.328856
0.342472  0.58964  0.318407
0.357658  0.58964  0.308732
0.371174  0.58964  0.300137
0.382871  0.58964  0.292825
0.392621  0.58964  0.286894
0.400317  0.58964  0.282359
0.405876  0.58964  0.279181
0.409236  0.58964  0.277304
0.41036  0.58964  0.276684
0.000263922  0.614844  0.394495
0.00237096  0.614844  0.394427
0.00656194  0.614844  0.394284
0.012791  0.614844  0.394047
0.0209898  0.614844  0.393689
0.0310685  0.614844  0.393175
0.0429168  0.614844  0.392459
0.0564048  0.614844  0.391484
0.0713848  0.614844  0.390181
0.0876925  0.614844  0.388467
0.105149  0.614844  0.38625
0.123564  0.614844  0.383428
0.142735  0.614844  0.379901
0.162452  0.614844  0.375582
0.182499  0.614844  0.370406
0.202657  0.614844  0.364343
0.222704  0.614844  0.3574
0.242421  0.614844  0.349625
0.261592  0.614844  0.341108
0.280007  0.614844  0.331996
0.297464  0.614844  0.322496
0.313771  0.614844  0.312888
0.328751  0.614844  0.303501
0.342239  0.614844  0.294682
0.354088  0.614844  0.286745
0.364166  0.614844  0.279937
0.372365  0.614844  0.274415
0.378594  0.614844  0.270259
0.382785  0.614844  0.267495
0.384892  0.614844  0.266116
0  0.639743  0.381951
0.000986763  0.639743  0.381887
0.00393624  0.639743  0.38169
0.00881612  0.639743  0.381348
0.0155729  0.639743  0.380841
0.0241327  0.639743  0.380139
0.0344015  0.639743  0.379208
0.046267  0.639743  0.378009
0.059599  0.639743  0.376495
0.0742517  0.639743  0.374615
0.0900643  0.639743  0.372315
0.106864  0.639743  0.369541
0.124466  0.639743  0.36624
0.142678  0.639743  0.362364
0.1613  0.639743  0.357879
0.180129  0.639743  0.352762
0.198957  0.639743  0.347003
0.217579  0.639743  0.340603
0.235791  0.639743  0.333574
0.253393  0.639743  0.325946
0.270193  0.639743  0.317783
0.286006  0.639743  0.309214
0.300658  0.639743  0.300445
0.31399  0.639743  0.29176
0.325856  0.639743  0.283489
0.336125  0.639743  0.275964
0.344684  0.639743  0.269476
0.351441  0.639743  0.264251
0.356321  0.639743  0.260436
0.35927  0.639743  0.25812
0.360257  0.639743  0.257344
0.000230052  0.664271  0.370959
0.00206669  0.664271  0.370797
0.00571984  0.664271  0.370466
0.0111495  0.664271  0.369951
0.0182961  0.664271  0.36923
0.0270815  0.664271  0.368277
0.0374093  0.664271  0.36706
0.0491663  0.664271  0.365545
0.0622239  0.664271  0.363699
0.0764389  0.664271  0.361485
0.0916556  0.664271  0.358873
0.107707  0.664271  0.355834
0.124418  0.664271  0.352345
0.141605  0.664271  0.348392
0.159079  0.664271  0.343968
0.17665  0.664271  0.339069
0.194124  0.664271  0.333694
0.211311  0.664271  0.327836
0.228022  0.664271  0.321484
0.244073  0.664271  0.314633
0.25929  0.664271  0.307304
0.273505  0.664271  0.299581
0.286562  0.664271  0.291626
0.29832  0.664271  0.283686
0.308647  0.664271  0.276074
0.317433  0.664271  0.269127
0.324579  0.664271  0.263168
0.330009  0.664271  0.258466
0.333662  0.664271  0.255224
0.335499  0.664271  0.253571
0  0.688364  0.361246
0.000853587  0.688364  0.361159
0.003405  0.688364  0.360896
0.00762628  0.688364  0.360447
0.0134712  0.688364  0.359795
0.0208757  0.688364  0.358921
0.0297586  0.688364  0.357799
0.0400227  0.688364  0.356404
0.0515554  0.688364  0.354711
0.0642305  0.688364  0.352693
0.077909  0.688364  0.350329
0.0924411  0.688364  0.347603
0.107668  0.688364  0.344504
0.123422  0.688364  0.341029
0.139531  0.688364  0.337181
0.155818  0.688364  0.332968
0.172105  0.688364  0.328398
0.188214  0.688364  0.323473
0.203968  0.688364  0.318186
0.219195  0.688364  0.312522
0.233727  0.688364  0.306468
0.247406  0.688364  0.300035
0.260081  0.688364  0.293288
0.271613  0.688364  0.286362
0.281877  0.688364  0.279472
0.29076  0.688364  0.272901
0.298165  0.688364  0.266964
0.30401  0.688364  0.26197
0.308231  0.688364  0.258194
0.310782  0.688364  0.255842
0.311636  0.688364  0.255044
0.000197376  0.711957  0.352464
0.00177314  0.711957  0.35229
0.00490741  0.711957  0.351936
0.00956584  0.711957  0.351392
0.0156974  0.711957  0.350642
0.0232349  0.711957  0.349668
0.0320958  0.711957  0.348449
0.0421829  0.711957  0.346965
0.0533858  0.711957  0.345196
0.0655817  0.711957  0.343126
0.0786371  0.711957  0.340743
0.0924087  0.711957  0.338041
0.106746  0.711957  0.335023
0.121491  0.711957  0.331695
0.136484  0.711957  0.328071
0.151559  0.711957  0.324167
0.166551  0.711957  0.319998
0.181297  0.711957  0.315575
0.195634  0.711957  0.310899
0.209406  0.711957  0.305965
0.222461  0.711957  0.300772
0.234657  0.711957  0.29534
0.24586  0.711957  0.28973
0.255947  0.711957  0.284061
0.264808  0.711957  0.278514
0.272345  0.711957  0.273321
0.278477  0.711957  0.268742
0.283135  0.711957  0.265038
0.28627  0.711957  0.26243
0.287845  0.711957  0.261083
0  0.734988  0.344497
0.000725881  0.734988  0.344414
0.00289557  0.734988  0.344163
0.0064853  0.734988  0.343736
0.0114557  0.734988  0.343124
0.0177524  0.734988  0.342312
0.0253064  0.734988  0.341284
0.0340348  0.734988  0.340024
0.0438421  0.734988  0.338517
0.0546209  0.734988  0.33675
0.0662529  0.734988  0.334712
0.0786108  0.734988  0.332401
0.0915593  0.734988  0.329817
0.104956  0.734988  0.326969
0.118655  0.734988  0.323871
0.132506  0.734988  0.320543
0.146356  0.734988  0.317006
0.160055  0.734988  0.313283
0.173452  0.734988  0.309393
0.186401  0.734988  0.305348
0.198759  0.734988  0.301162
0.210391  0.734988  0.296851
0.22117  0.734988  0.292449
0.230977  0.734988  0.288018
0.239705  0.734988  0.28366
0.247259  0.734988  0.279515
0.253556  0.734988  0.275756
0.258526  0.734988  0.272573
0.262116  0.734988  0.270145
0.264286  0.734988  0.268623
0.265012  0.734988  0.268104
0.00016624  0.757396  0.337118
0.00149343  0.757396  0.336963
0.00413326  0.757396  0.336649
0.00805681  0.757396  0.336169
0.0132211  0.757396  0.335513
0.0195696  0.757396  0.33467
0.0270326  0.757396  0.333626
0.0355285  0.757396  0.33237
0.0449641  0.757396  0.33089
0.0552361  0.757396  0.329179
0.0662319  0.757396  0.327233
0.0778311  0.757396  0.325052
0.0899066  0.757396  0.322644
0.102326  0.757396  0.320021
0.114953  0.757396  0.317201
0.12765  0.757396  0.314208
0.140278  0.757396  0.311066
0.152697  0.757396  0.307803
0.164772  0.757396  0.304445
0.176372  0.757396  0.301017
0.187367  0.757396  0.297545
0.197639  0.757396  0.29406
0.207075  0.757396  0.290604
0.215571  0.757396  0.287236
0.223034  0.757396  0.284037
0.229382  0.757396  0.281108
0.234547  0.757396  0.278564
0.23847  0.757396  0.276524
0.24111  0.757396  0.275095
0.242437  0.757396  0.274359
0  0.779122  0.330307
0.000604997  0.779122  0.330236
0.00241336  0.779122  0.330022
0.00540527  0.779122  0.329662
0.00954796  0.779122  0.329148
0.014796  0.779122  0.328471
0.021092  0.779122  0.327623
0.0283668  0.779122  0.326593
0.0365409  0.779122  0.325374
0.0455246  0.779122  0.323957
0.0552195  0.779122  0.32234
0.0655195  0.779122  0.320523
0.0763115  0.779122  0.318511
0.0874775  0.779122  0.316313
0.098895  0.779122  0.313944
0.110439  0.779122  0.311425
0.121983  0.779122  0.30878
0.133401  0.779122  0.306035
0.144567  0.779122  0.303222
0.155359  0.779122  0.300369
0.165659  0.779122  0.297508
0.175354  0.779122  0.294673
0.184337  0.779122  0.2919
0.192511  0.779122  0.289232
0.199786  0.779122  0.286718
0.206082  0.779122  0.28442
0.21133  0.779122  0.282403
0.215473  0.779122  0.280738
0.218465  0.779122  0.279492
0.220273  0.779122  0.27872
0.220878  0.779122  0.278459
0.000136973  0.800107  0.323923
0.00123051  0.800107  0.323795
0.00340559  0.800107  0.323538
0.0066384  0.800107  0.323146
0.0108935  0.800107  0.322615
0.0161243  0.800107  0.321937
0.0222735  0.800107  0.321105
0.0292736  0.800107  0.320113
0.0370481  0.800107  0.318954
0.0455117  0.800107  0.317627
0.0545717  0.800107  0.316129
0.0641288  0.800107  0.314465
0.0740784  0.800107  0.312641
0.0843114  0.800107  0.31067
0.0947156  0.800107  0.308567
0.105177  0.800107  0.306353
0.115581  0.800107  0.304052
0.125814  0.800107  0.30169
0.135764  0.800107  0.299298
0.145321  0.800107  0.296906
0.154381  0.800107  0.294546
0.162845  0.800107  0.292253
0.170619  0.800107  0.290061
0.177619  0.800107  0.288008
0.183769  0.800107  0.286135
0.188999  0.800107  0.284483
0.193254  0.800107  0.283095
0.196487  0.800107  0.282011
0.198662  0.800107  0.281267
0.199756  0.800107  0.280888
0  0.820297  0.31799
0.000492217  0.820297  0.317933
0.00196348  0.820297  0.317762
0.00439766  0.820297  0.317474
0.00776809  0.820297  0.317066
0.0120378  0.820297  0.316534
0.0171601  0.820297  0.31587
0.0230789  0.820297  0.315072
0.0297292  0.820297  0.314135
0.0370382  0.820297  0.313055
0.0449259  0.820297  0.311833
0.0533057  0.820297  0.31047
0.062086  0.820297  0.308971
0.0711705  0.820297  0.307346
0.0804596  0.820297  0.305606
0.0898517  0.820297  0.303768
0.0992438  0.820297  0.301851
0.108533  0.820297  0.299877
0.117617  0.820297  0.297873
0.126398  0.820297  0.295865
0.134778  0.820297  0.293882
0.142665  0.820297  0.291954
0.149974  0.820297  0.290111
0.156625  0.820297  0.288384
0.162543  0.820297  0.286803
0.167666  0.820297  0.2854
0.171935  0.820297  0.284203
0.175306  0.820297  0.283239
0.17774  0.820297  0.282532
0.179211  0.820297  0.2821
0.179703  0.820297  0.281955
0.000109886  0.839637  0.312419
0.000987169  0.839637  0.312319
0.00273212  0.839637  0.312117
0.00532563  0.839637  0.311812
0.00873928  0.839637  0.311401
0.0129357  0.839637  0.310879
0.0178688  0.839637  0.310245
0.0234847  0.839637  0.309493
0.0297217  0.839637  0.308624
0.0365116  0.839637  0.307635
0.04378  0.839637  0.306529
0.0514471  0.839637  0.305308
0.0594291  0.839637  0.30398
0.0676385  0.839637  0.302553
0.0759853  0.839637  0.301041
0.084378  0.839637  0.299457
0.0927248  0.839637  0.297821
0.100934  0.839637  0.296152
0.108916  0.839637  0.294474
0.116583  0.839637  0.29281
0.123852  0.839637  0.291185
0.130642  0.839637  0.289625
0.136879  0.839637  0.288155
0.142495  0.839637  0.286801
0.147428  0.839637  0.285587
0.151624  0.839637  0.284535
0.155038  0.839637  0.283666
0.157631  0.839637  0.282997
0.159376  0.839637  0.282543
0.160253  0.839637  0.282313
0  0.858076  0.307245
0.000388737  0.858076  0.307202
0.00155069  0.858076  0.30707
0.00347313  0.858076  0.30685
0.00613498  0.858076  0.306539
0.0095071  0.858076  0.306135
0.0135525  0.858076  0.305637
0.0182269  0.858076  0.305041
0.0234791  0.858076  0.304347
0.0292516  0.858076  0.303554
0.035481  0.858076  0.302663
0.0420991  0.858076  0.301678
0.0490335  0.858076  0.300602
0.0562081  0.858076  0.299443
0.0635444  0.858076  0.298209
0.070962  0.858076  0.296914
0.0783795  0.858076  0.29557
0.0857158  0.858076  0.294194
0.0928904  0.858076  0.292803
0.0998248  0.858076  0.291417
0.106443  0.858076  0.290056
0.112672  0.858076  0.288742
0.118445  0.858076  0.287495
0.123697  0.858076  0.286335
0.128371  0.858076  0.285284
0.132417  0.858076  0.284359
0.135789  0.858076  0.283577
0.138451  0.858076  0.282952
0.140373  0.858076  0.282498
0.141535  0.858076  0.282221
0.141924  0.858076  0.282128
8.52663e-05  0.875566  0.30241
0.000765995  0.875566  0.302335
0.00211999  0.875566  0.302183
0.00413243  0.875566  0.301955
0.00678125  0.875566  0.301648
0.0100374  0.875566  0.301261
0.0138653  0.875566  0.300794
0.0182229  0.875566  0.300246
0.0230626  0.875566  0.299616
0.0283312  0.875566  0.298906
0.0339711  0.875566  0.298117
0.0399204  0.875566  0.297253
0.0461141  0.875566  0.296319
0.0524841  0.875566  0.295323
0.0589608  0.875566  0.294274
0.0654732  0.875566  0.293181
0.0719499  0.875566  0.292057
0.07832  0.875566  0.290917
0.0845136  0.875566  0.289775
0.090463  0.875566  0.288648
0.0961028  0.875566  0.287551
0.101371  0.875566  0.286503
0.106211  0.875566  0.285521
0.110569  0.875566  0.284619
0.114397  0.875566  0.283814
0.117653  0.875566  0.28312
0.120302  0.875566  0.282549
0.122314  0.875566  0.282112
0.123668  0.875566  0.281815
0.124349  0.875566  0.281666
0  0.89206  0.297947
0.000295654  0.89206  0.297915
0.00117938  0.89206  0.297818
0.00264148  0.89206  0.297655
0.00466596  0.89206  0.297428
0.00723062  0.89206  0.297133
0.0103074  0.89206  0.296772
0.0138625  0.89206  0.296344
0.017857  0.89206  0.295848
0.0222472  0.89206  0.295287
0.026985  0.89206  0.294662
0.0320185  0.89206  0.293975
0.0372924  0.89206  0.29323
0.042749  0.89206  0.292434
0.0483286  0.89206  0.291592
0.05397  0.89206  0.290712
0.0596115  0.89206  0.289805
0.0651911  0.89206  0.288881
0.0706477  0.89206  0.287951
0.0759216  0.89206  0.287028
0.0809551  0.89206  0.286126
0.0856928  0.89206  0.285257
0.0900831  0.89206  0.284435
0.0940776  0.89206  0.283674
0.0976327  0.89206  0.282985
0.100709  0.89206  0.282381
0.103274  0.89206  0.281871
0.105299  0.89206  0.281465
0.106761  0.89206  0.28117
0.107644  0.89206  0.28099
0.10794  0.89206  0.28093
6.33743e-05  0.907514  0.293815
0.000569327  0.907514  0.29376
0.00157569  0.907514  0.29365
0.00307143  0.907514  0.293486
0.00504018  0.907514  0.293266
0.00746034  0.907514  0.292992
0.0103054  0.907514  0.292662
0.0135442  0.907514  0.292277
0.0171413  0.907514  0.291839
0.0210572  0.907514  0.291348
0.0252491  0.907514  0.290807
0.0296709  0.907514  0.29022
0.0342744  0.907514  0.289589
0.0390089  0.907514  0.288921
0.0438227  0.907514  0.288222
0.0486631  0.907514  0.287498
0.0534769  0.907514  0.286758
0.0582115  0.907514  0.286011
0.0628149  0.907514  0.285265
0.0672368  0.907514  0.284533
0.0714286  0.907514  0.283823
0.0753445  0.907514  0.283147
0.0789416  0.907514  0.282514
0.0821804  0.907514  0.281935
0.0850255  0.907514  0.28142
0.0874457  0.907514  0.280976
0.0894144  0.907514  0.280612
0.0909101  0.907514  0.280333
0.0919165  0.907514  0.280144
0.0924225  0.907514  0.280049
0  0.921888  0.290038
0.000213953  0.921888  0.290016
0.00085347  0.921888  0.289947
0.00191154  0.921888  0.289833
0.00337658  0.921888  0.289674
0.00523253  0.921888  0.289469
0.00745905  0.921888  0.289219
0.0100318  0.921888  0.288925
0.0129225  0.921888  0.288587
0.0160995  0.921888  0.288207
0.0195281  0.921888  0.287786
0.0231706  0.921888  0.287328
0.0269871  0.921888  0.286835
0.0309359  0.921888  0.286312
0.0349736  0.921888  0.285762
0.0390561  0.921888  0.285192
0.0431386  0.921888  0.284607
0.0471763  0.921888  0.284015
0.0511251  0.921888  0.283422
0.0549417  0.921888  0.282836
0.0585842  0.921888  0.282265
0.0620127  0.921888  0.281718
0.0651897  0.921888  0.281202
0.0680805  0.921888  0.280725
0.0706532  0.921888  0.280295
0.0728797  0.921888  0.279918
0.0747356  0.921888  0.279601
0.0762007  0.921888  0.279348
0.0772588  0.921888  0.279165
0.0778983  0.921888  0.279054
0.0781122  0.921888  0.279016
4.44424e-05  0.935143  0.28659
0.000399251  0.935143  0.286553
0.00110498  0.935143  0.286478
0.0021539  0.935143  0.286366
0.00353452  0.935143  0.286217
0.0052317  0.935143  0.286032
0.00722686  0.935143  0.285811
0.00949814  0.935143  0.285555
0.0120207  0.935143  0.285265
0.0147668  0.935143  0.284943
0.0177064  0.935143  0.284591
0.0208073  0.935143  0.284211
0.0240355  0.935143  0.283807
0.0273557  0.935143  0.283381
0.0307315  0.935143  0.282938
0.0341259  0.935143  0.282483
0.0375017  0.935143  0.282021
0.0408219  0.935143  0.281556
0.0440501  0.935143  0.281096
0.047151  0.935143  0.280645
0.0500906  0.935143  0.28021
0.0528367  0.935143  0.279797
0.0553592  0.935143  0.279412
0.0576305  0.935143  0.27906
0.0596257  0.935143  0.278748
0.0613229  0.935143  0.27848
0.0627035  0.935143  0.27826
0.0637524  0.935143  0.278092
0.0644581  0.935143  0.277979
0.0648129  0.935143  0.277921
0  0.947244  0.283488
0.000144503  0.947244  0.283473
0.000576428  0.947244  0.283428
0.00129104  0.947244  0.283353
0.00228052  0.947244  0.283248
0.00353401  0.947244  0.283114
0.00503779  0.947244  0.282952
0.00677538  0.947244  0.282762
0.00872775  0.947244  0.282545
0.0108735  0.947244  0.282303
0.0131891  0.947244  0.282037
0.0156492  0.947244  0.28175
0.0182269  0.947244  0.281443
0.0208939  0.947244  0.281119
0.023621  0.947244  0.280781
0.0263782  0.947244  0.280433
0.0291355  0.947244  0.280078
0.0318626  0.947244  0.279721
0.0345296  0.947244  0.279366
0.0371072  0.947244  0.279016
0.0395673  0.947244  0.278678
0.041883  0.947244  0.278354
0.0440287  0.947244  0.27805
0.0459811  0.947244  0.27777
0.0477187  0.947244  0.277518
0.0492224  0.947244  0.277298
0.0504759  0.947244  0.277114
0.0514654  0.947244  0.276967
0.05218  0.947244  0.27686
0.052612  0.947244  0.276796
0.0527565  0.947244  0.276774
2.86712e-05  0.958158  0.280712
0.000257569  0.958158  0.280688
0.000712858  0.958158  0.280641
0.00138955  0.958158  0.280571
0.00228023  0.958158  0.280478
0.00337514  0.958158  0.280362
0.00466228  0.958158  0.280225
0.00612755  0.958158  0.280067
0.0077549  0.958158  0.279889
0.0095265  0.958158  0.279693
0.0114229  0.958158  0.27948
0.0134234  0.958158  0.279251
0.0155061  0.958158  0.27901
0.017648  0.958158  0.278758
0.0198259  0.958158  0.278498
0.0220157  0.958158  0.278232
0.0241935  0.958158  0.277963
0.0263355  0.958158  0.277695
0.0284181  0.958158  0.27743
0.0304186  0.958158  0.277173
0.032315  0.958158  0.276925
0.0340866  0.958158  0.276691
0.035714  0.958158  0.276474
0.0371793  0.958158  0.276277
0.0384664  0.958158  0.276102
0.0395613  0.958158  0.275952
0.040452  0.958158  0.275829
0.0411287  0.958158  0.275735
0.041584  0.958158  0.275672
0.0418129  0.958158  0.27564
0  0.967858  0.278274
8.80375e-05  0.967858  0.278265
0.000351185  0.967858  0.278238
0.000786561  0.967858  0.278193
0.00138939  0.967858  0.278131
0.00215308  0.967858  0.278052
0.00306925  0.967858  0.277956
0.00412787  0.967858  0.277844
0.00531733  0.967858  0.277718
0.00662462  0.967858  0.277577
0.0080354  0.967858  0.277424
0.00953421  0.967858  0.277259
0.0111046  0.967858  0.277085
0.0127295  0.967858  0.276902
0.0143909  0.967858  0.276712
0.0160708  0.967858  0.276518
0.0177507  0.967858  0.276322
0.0194121  0.967858  0.276125
0.0210369  0.967858  0.27593
0.0226074  0.967858  0.27574
0.0241062  0.967858  0.275556
0.025517  0.967858  0.275382
0.0268243  0.967858  0.275219
0.0280137  0.967858  0.275069
0.0290723  0.967858  0.274934
0.0299885  0.967858  0.274817
0.0307522  0.967858  0.274719
0.031355  0.967858  0.274641
0.0317904  0.967858  0.274585
0.0320536  0.967858  0.274551
0.0321416  0.967858  0.274539
1.62279e-05  0.976318  0.276161
0.000145784  0.976318  0.276148
0.000403478  0.976318  0.276121
0.000786484  0.976318  0.276082
0.00129061  0.976318  0.276031
0.00191033  0.976318  0.275967
0.00263885  0.976318  0.275892
0.00346819  0.976318  0.275805
0.00438927  0.976318  0.275709
0.005392  0.976318  0.275603
0.00646538  0.976318  0.275488
0.00759766  0.976318  0.275367
0.00877644  0.976318  0.275239
0.00998879  0.976318  0.275106
0.0112214  0.976318  0.274969
0.0124609  0.976318  0.274831
0.0136935  0.976318  0.274692
0.0149059  0.976318  0.274554
0.0160846  0.976318  0.274419
0.0172169  0.976318  0.274287
0.0182903  0.976318  0.274162
0.019293  0.976318  0.274044
0.0202141  0.976318  0.273935
0.0210435  0.976318  0.273836
0.021772  0.976318  0.273748
0.0223917  0.976318  0.273674
0.0228958  0.976318  0.273613
0.0232788  0.976318  0.273566
0.0235365  0.976318  0.273535
0.0236661  0.976318  0.273519
0  0.983514  0.274379
4.51564e-05  0.983514  0.274375
0.000180131  0.983514  0.274361
0.000403445  0.983514  0.274338
0.000712651  0.983514  0.274307
0.00110436  0.983514  0.274267
0.00157429  0.983514  0.274219
0.00211727  0.983514  0.274164
0.00272738  0.983514  0.274101
0.00339791  0.983514  0.274032
0.00412153  0.983514  0.273956
0.00489031  0.983514  0.273876
0.00569582  0.983514  0.273791
0.00652924  0.983514  0.273703
0.00738143  0.983514  0.273612
0.00824307  0.983514  0.273519
0.0091047  0.983514  0.273426
0.0099569  0.983514  0.273333
0.0107903  0.983514  0.273241
0.0115958  0.983514  0.273152
0.0123646  0.983514  0.273067
0.0130882  0.983514  0.272986
0.0137588  0.983514  0.272911
0.0143689  0.983514  0.272842
0.0149119  0.983514  0.27278
0.0153818  0.983514  0.272727
0.0157735  0.983514  0.272682
0.0160827  0.983514  0.272647
0.016306  0.983514  0.272621
0.016441  0.983514  0.272605
0.0164861  0.983514  0.2726
7.24439e-06  0.989428  0.272921
6.50804e-05  0.989428  0.272916
0.000180119  0.989428  0.272904
0.000351099  0.989428  0.272887
0.000576148  0.989428  0.272864
0.0008528  0.989428  0.272836
0.00117802  0.989428  0.272803
0.00154826  0.989428  0.272766
0.00195944  0.989428  0.272724
0.00240707  0.989428  0.272678
0.00288625  0.989428  0.272629
0.00339172  0.989428  0.272577
0.00391794  0.989428  0.272523
0.00445915  0.989428  0.272467
0.00500943  0.989428  0.272409
0.00556273  0.989428  0.272351
0.006113  0.989428  0.272293
0.00665422  0.989428  0.272236
0.00718044  0.989428  0.27218
0.00768591  0.989428  0.272126
0.00816508  0.989428  0.272075
0.00861272  0.989428  0.272027
0.0090239  0.989428  0.271983
0.00939413  0.989428  0.271942
0.00971936  0.989428  0.271907
0.00999601  0.989428  0.271877
0.0102211  0.989428  0.271853
0.010392  0.989428  0.271834
0.0105071  0.989428  0.271821
0.0105649  0.989428  0.271815
0  0.994044  0.27179
1.63139e-05  0.994044  0.271789
6.5077e-05  0.994044  0.271784
0.000145755  0.994044  0.271776
0.000257464  0.994044  0.271765
0.00039898  0.994044  0.271751
0.000568752  0.994044  0.271734
0.000764921  0.994044  0.271714
0.000985338  0.994044  0.271692
0.00122759  0.994044  0.271667
0.00148901  0.994044  0.271641
0.00176675  0.994044  0.271613
0.00205777  0.994044  0.271583
0.00235886  0.994044  0.271553
0.00266674  0.994044  0.271521
0.00297803  0.994044  0.271489
0.00328931  0.994044  0.271457
0.00359719  0.994044  0.271426
0.00389829  0.994044  0.271395
0.0041893  0.994044  0.271365
0.00446704  0.994044  0.271336
0.00472847  0.994044  0.271309
0.00497071  0.994044  0.271284
0.00519113  0.994044  0.271261
0.0053873  0.994044  0.27124
0.00555707  0.994044  0.271222
0.00569859  0.994044  0.271208
0.0058103  0.994044  0.271196
0.00589097  0.994044  0.271187
0.00593974  0.994044  0.271182
0.00595605  0.994044  0.271181
1.81591e-06  0.99735  0.270983
1.63133e-05  0.99735  0.270981
4.51493e-05  0.99735  0.270978
8.8008e-05  0.99735  0.270974
0.00014442  0.99735  0.270968
0.000213767  0.99735  0.270962
0.000295289  0.99735  0.270953
0.000388093  0.99735  0.270944
0.000491162  0.99735  0.270934
0.000603367  0.99735  0.270923
0.00072348  0.99735  0.270911
0.000850182  0.99735  0.270898
0.000982088  0.99735  0.270885
0.00111775  0.99735  0.270871
0.00125568  0.99735  0.270857
0.00139438  0.99735  0.270843
0.00153231  0.99735  0.270829
0.00166797  0.99735  0.270816
0.00179988  0.99735  0.270802
0.00192658  0.99735  0.270789
0.00204669  0.99735  0.270777
0.0021589  0.99735  0.270766
0.00226197  0.99735  0.270755
0.00235477  0.99735  0.270746
0.0024363  0.99735  0.270738
0.00250564  0.99735  0.270731
0.00256205  0.99735  0.270725
0.00260491  0.99735  0.270721
0.00263375  0.99735  0.270718
0.00264825  0.99735  0.270716
0  0.999337  0.270499
1.81587e-06  0.999337  0.270498
7.24358e-06  0.999337  0.270498
1.62237e-05  0.999337  0.270497
2.86577e-05  0.999337  0.270496
4.44096e-05  0.999337  0.270494
6.33066e-05  0.999337  0.270492
8.51417e-05  0.999337  0.27049
0.000109676  0.999337  0.270488
0.00013664  0.999337  0.270485
0.000165739  0.999337  0.270482
0.000196653  0.999337  0.270479
0.000229045  0.999337  0.270476
0.000262559  0.999337  0.270472
0.000296829  0.999337  0.270469
0.000331478  0.999337  0.270466
0.000366126  0.999337  0.270462
0.000400396  0.999337  0.270459
0.00043391  0.999337  0.270455
0.000466302  0.999337  0.270452
0.000497216  0.999337  0.270449
0.000526315  0.999337  0.270446
0.000553279  0.999337  0.270443
0.000577813  0.999337  0.270441
0.000599648  0.999337  0.270439
0.000618545  0.999337  0.270437
0.000634297  0.999337  0.270435
0.000646731  0.999337  0.270434
0.000655711  0.999337  0.270433
0.000661139  0.999337  0.270433
0.000662955  0.999337  0.270432
0  1  0.270337
0  1  0.270337
0  1  0.270337
0  1  0.270337
0  1  0.270337
0  1  0.270337
0  1  0.270337
0  1  0.270337
0  1  0.270337
0  1  0.270337
0  1  0.270337
0  1  0.270337
0  1  0.270337
0  1  0.270337
0  1  0.270337
0  1  0.270337
0  1  0.270337
0  1  0.270337
0  1  0.270337
0  1  0.270337
0  1  0.270337
0  1  0.270337
0  1  0.270337
0  1  0.270337
0  1  0.270337
0  1  0.270337
0  1  0.270337
0  1  0.270337
0  1  0.270337
0  1  0.270337
