  0  0  10
  2.81733  0  9.59493


  2.81733  0  9.59493
  5.40641  0  8.41254


  5.40641  0  8.41254
  7.5575  0  6.54861


  7.5575  0  6.54861
  9.09632  0  4.15415


  9.09632  0  4.15415
  9.89821  0  1.42315


  9.89821  0  1.42315
  9.89821  0  -1.42315


  9.89821  0  -1.42315
  9.09632  0  -4.15415


  9.09632  0  -4.15415
  7.5575  0  -6.54861


  7.5575  0  -6.54861
  5.40641  0  -8.41254


  5.40641  0  -8.41254
  2.81733  0  -9.59493


  2.81733  0  -9.59493
  1.22465e-15  0  -10


  0  0  10
  2.43988  1.40866  9.59493


  2.43988  1.40866  9.59493
  4.68209  2.7032  8.41254


  4.68209  2.7032  8.41254
  6.54498  3.77875  6.54861


  6.54498  3.77875  6.54861
  7.87764  4.54816  4.15415


  7.87764  4.54816  4.15415
  8.57211  4.94911  1.42315


  8.57211  4.94911  1.42315
  8.57211  4.94911  -1.42315


  8.57211  4.94911  -1.42315
  7.87764  4.54816  -4.15415


  7.87764  4.54816  -4.15415
  6.54498  3.77875  -6.54861


  6.54498  3.77875  -6.54861
  4.68209  2.7032  -8.41254


  4.68209  2.7032  -8.41254
  2.43988  1.40866  -9.59493


  2.43988  1.40866  -9.59493
  1.22465e-15  0  -10


  0  0  10
  1.40866  2.43988  9.59493


  1.40866  2.43988  9.59493
  2.7032  4.68209  8.41254


  2.7032  4.68209  8.41254
  3.77875  6.54498  6.54861


  3.77875  6.54498  6.54861
  4.54816  7.87764  4.15415


  4.54816  7.87764  4.15415
  4.94911  8.57211  1.42315


  4.94911  8.57211  1.42315
  4.94911  8.57211  -1.42315


  4.94911  8.57211  -1.42315
  4.54816  7.87764  -4.15415


  4.54816  7.87764  -4.15415
  3.77875  6.54498  -6.54861


  3.77875  6.54498  -6.54861
  2.7032  4.68209  -8.41254


  2.7032  4.68209  -8.41254
  1.40866  2.43988  -9.59493


  1.40866  2.43988  -9.59493
  1.22465e-15  0  -10


  0  0  10
  1.72511e-16  2.81733  9.59493


  1.72511e-16  2.81733  9.59493
  3.31047e-16  5.40641  8.41254


  3.31047e-16  5.40641  8.41254
  4.62763e-16  7.5575  6.54861


  4.62763e-16  7.5575  6.54861
  5.56989e-16  9.09632  4.15415


  5.56989e-16  9.09632  4.15415
  6.06091e-16  9.89821  1.42315


  6.06091e-16  9.89821  1.42315
  6.06091e-16  9.89821  -1.42315


  6.06091e-16  9.89821  -1.42315
  5.56989e-16  9.09632  -4.15415


  5.56989e-16  9.09632  -4.15415
  4.62763e-16  7.5575  -6.54861


  4.62763e-16  7.5575  -6.54861
  3.31047e-16  5.40641  -8.41254


  3.31047e-16  5.40641  -8.41254
  1.72511e-16  2.81733  -9.59493


  1.72511e-16  2.81733  -9.59493
  1.22465e-15  0  -10


  0  0  10
  -1.40866  2.43988  9.59493


  -1.40866  2.43988  9.59493
  -2.7032  4.68209  8.41254


  -2.7032  4.68209  8.41254
  -3.77875  6.54498  6.54861


  -3.77875  6.54498  6.54861
  -4.54816  7.87764  4.15415


  -4.54816  7.87764  4.15415
  -4.94911  8.57211  1.42315


  -4.94911  8.57211  1.42315
  -4.94911  8.57211  -1.42315


  -4.94911  8.57211  -1.42315
  -4.54816  7.87764  -4.15415


  -4.54816  7.87764  -4.15415
  -3.77875  6.54498  -6.54861


  -3.77875  6.54498  -6.54861
  -2.7032  4.68209  -8.41254


  -2.7032  4.68209  -8.41254
  -1.40866  2.43988  -9.59493


  -1.40866  2.43988  -9.59493
  1.22465e-15  0  -10


  0  0  10
  -2.43988  1.40866  9.59493


  -2.43988  1.40866  9.59493
  -4.68209  2.7032  8.41254


  -4.68209  2.7032  8.41254
  -6.54498  3.77875  6.54861


  -6.54498  3.77875  6.54861
  -7.87764  4.54816  4.15415


  -7.87764  4.54816  4.15415
  -8.57211  4.94911  1.42315


  -8.57211  4.94911  1.42315
  -8.57211  4.94911  -1.42315


  -8.57211  4.94911  -1.42315
  -7.87764  4.54816  -4.15415


  -7.87764  4.54816  -4.15415
  -6.54498  3.77875  -6.54861


  -6.54498  3.77875  -6.54861
  -4.68209  2.7032  -8.41254


  -4.68209  2.7032  -8.41254
  -2.43988  1.40866  -9.59493


  -2.43988  1.40866  -9.59493
  1.22465e-15  0  -10


  0  0  10
  -2.81733  3.45023e-16  9.59493


  -2.81733  3.45023e-16  9.59493
  -5.40641  6.62094e-16  8.41254


  -5.40641  6.62094e-16  8.41254
  -7.5575  9.25526e-16  6.54861


  -7.5575  9.25526e-16  6.54861
  -9.09632  1.11398e-15  4.15415


  -9.09632  1.11398e-15  4.15415
  -9.89821  1.21218e-15  1.42315


  -9.89821  1.21218e-15  1.42315
  -9.89821  1.21218e-15  -1.42315


  -9.89821  1.21218e-15  -1.42315
  -9.09632  1.11398e-15  -4.15415


  -9.09632  1.11398e-15  -4.15415
  -7.5575  9.25526e-16  -6.54861


  -7.5575  9.25526e-16  -6.54861
  -5.40641  6.62094e-16  -8.41254


  -5.40641  6.62094e-16  -8.41254
  -2.81733  3.45023e-16  -9.59493


  -2.81733  3.45023e-16  -9.59493
  1.22465e-15  0  -10


  0  0  10
  -2.43988  -1.40866  9.59493


  -2.43988  -1.40866  9.59493
  -4.68209  -2.7032  8.41254


  -4.68209  -2.7032  8.41254
  -6.54498  -3.77875  6.54861


  -6.54498  -3.77875  6.54861
  -7.87764  -4.54816  4.15415


  -7.87764  -4.54816  4.15415
  -8.57211  -4.94911  1.42315


  -8.57211  -4.94911  1.42315
  -8.57211  -4.94911  -1.42315


  -8.57211  -4.94911  -1.42315
  -7.87764  -4.54816  -4.15415


  -7.87764  -4.54816  -4.15415
  -6.54498  -3.77875  -6.54861


  -6.54498  -3.77875  -6.54861
  -4.68209  -2.7032  -8.41254


  -4.68209  -2.7032  -8.41254
  -2.43988  -1.40866  -9.59493


  -2.43988  -1.40866  -9.59493
  1.22465e-15  0  -10


  0  0  10
  -1.40866  -2.43988  9.59493


  -1.40866  -2.43988  9.59493
  -2.7032  -4.68209  8.41254


  -2.7032  -4.68209  8.41254
  -3.77875  -6.54498  6.54861


  -3.77875  -6.54498  6.54861
  -4.54816  -7.87764  4.15415


  -4.54816  -7.87764  4.15415
  -4.94911  -8.57211  1.42315


  -4.94911  -8.57211  1.42315
  -4.94911  -8.57211  -1.42315


  -4.94911  -8.57211  -1.42315
  -4.54816  -7.87764  -4.15415


  -4.54816  -7.87764  -4.15415
  -3.77875  -6.54498  -6.54861


  -3.77875  -6.54498  -6.54861
  -2.7032  -4.68209  -8.41254


  -2.7032  -4.68209  -8.41254
  -1.40866  -2.43988  -9.59493


  -1.40866  -2.43988  -9.59493
  1.22465e-15  0  -10


  0  0  10
  -5.17534e-16  -2.81733  9.59493


  -5.17534e-16  -2.81733  9.59493
  -9.93141e-16  -5.40641  8.41254


  -9.93141e-16  -5.40641  8.41254
  -1.38829e-15  -7.5575  6.54861


  -1.38829e-15  -7.5575  6.54861
  -1.67097e-15  -9.09632  4.15415


  -1.67097e-15  -9.09632  4.15415
  -1.81827e-15  -9.89821  1.42315


  -1.81827e-15  -9.89821  1.42315
  -1.81827e-15  -9.89821  -1.42315


  -1.81827e-15  -9.89821  -1.42315
  -1.67097e-15  -9.09632  -4.15415


  -1.67097e-15  -9.09632  -4.15415
  -1.38829e-15  -7.5575  -6.54861


  -1.38829e-15  -7.5575  -6.54861
  -9.93141e-16  -5.40641  -8.41254


  -9.93141e-16  -5.40641  -8.41254
  -5.17534e-16  -2.81733  -9.59493


  -5.17534e-16  -2.81733  -9.59493
  1.22465e-15  0  -10


  0  0  10
  1.40866  -2.43988  9.59493


  1.40866  -2.43988  9.59493
  2.7032  -4.68209  8.41254


  2.7032  -4.68209  8.41254
  3.77875  -6.54498  6.54861


  3.77875  -6.54498  6.54861
  4.54816  -7.87764  4.15415


  4.54816  -7.87764  4.15415
  4.94911  -8.57211  1.42315


  4.94911  -8.57211  1.42315
  4.94911  -8.57211  -1.42315


  4.94911  -8.57211  -1.42315
  4.54816  -7.87764  -4.15415


  4.54816  -7.87764  -4.15415
  3.77875  -6.54498  -6.54861


  3.77875  -6.54498  -6.54861
  2.7032  -4.68209  -8.41254


  2.7032  -4.68209  -8.41254
  1.40866  -2.43988  -9.59493


  1.40866  -2.43988  -9.59493
  1.22465e-15  0  -10


  0  0  10
  2.43988  -1.40866  9.59493


  2.43988  -1.40866  9.59493
  4.68209  -2.7032  8.41254


  4.68209  -2.7032  8.41254
  6.54498  -3.77875  6.54861


  6.54498  -3.77875  6.54861
  7.87764  -4.54816  4.15415


  7.87764  -4.54816  4.15415
  8.57211  -4.94911  1.42315


  8.57211  -4.94911  1.42315
  8.57211  -4.94911  -1.42315


  8.57211  -4.94911  -1.42315
  7.87764  -4.54816  -4.15415


  7.87764  -4.54816  -4.15415
  6.54498  -3.77875  -6.54861


  6.54498  -3.77875  -6.54861
  4.68209  -2.7032  -8.41254


  4.68209  -2.7032  -8.41254
  2.43988  -1.40866  -9.59493


  2.43988  -1.40866  -9.59493
  1.22465e-15  0  -10


  2.81733  0  9.59493
  2.43988  1.40866  9.59493


  2.43988  1.40866  9.59493
  1.40866  2.43988  9.59493


  1.40866  2.43988  9.59493
  1.72511e-16  2.81733  9.59493


  1.72511e-16  2.81733  9.59493
  -1.40866  2.43988  9.59493


  -1.40866  2.43988  9.59493
  -2.43988  1.40866  9.59493


  -2.43988  1.40866  9.59493
  -2.81733  3.45023e-16  9.59493


  -2.81733  3.45023e-16  9.59493
  -2.43988  -1.40866  9.59493


  -2.43988  -1.40866  9.59493
  -1.40866  -2.43988  9.59493


  -1.40866  -2.43988  9.59493
  -5.17534e-16  -2.81733  9.59493


  -5.17534e-16  -2.81733  9.59493
  1.40866  -2.43988  9.59493


  1.40866  -2.43988  9.59493
  2.43988  -1.40866  9.59493


  2.43988  -1.40866  9.59493
  2.81733  0  9.59493


  5.40641  0  8.41254
  4.68209  2.7032  8.41254


  4.68209  2.7032  8.41254
  2.7032  4.68209  8.41254


  2.7032  4.68209  8.41254
  3.31047e-16  5.40641  8.41254


  3.31047e-16  5.40641  8.41254
  -2.7032  4.68209  8.41254


  -2.7032  4.68209  8.41254
  -4.68209  2.7032  8.41254


  -4.68209  2.7032  8.41254
  -5.40641  6.62094e-16  8.41254


  -5.40641  6.62094e-16  8.41254
  -4.68209  -2.7032  8.41254


  -4.68209  -2.7032  8.41254
  -2.7032  -4.68209  8.41254


  -2.7032  -4.68209  8.41254
  -9.93141e-16  -5.40641  8.41254


  -9.93141e-16  -5.40641  8.41254
  2.7032  -4.68209  8.41254


  2.7032  -4.68209  8.41254
  4.68209  -2.7032  8.41254


  4.68209  -2.7032  8.41254
  5.40641  0  8.41254


  7.5575  0  6.54861
  6.54498  3.77875  6.54861


  6.54498  3.77875  6.54861
  3.77875  6.54498  6.54861


  3.77875  6.54498  6.54861
  4.62763e-16  7.5575  6.54861


  4.62763e-16  7.5575  6.54861
  -3.77875  6.54498  6.54861


  -3.77875  6.54498  6.54861
  -6.54498  3.77875  6.54861


  -6.54498  3.77875  6.54861
  -7.5575  9.25526e-16  6.54861


  -7.5575  9.25526e-16  6.54861
  -6.54498  -3.77875  6.54861


  -6.54498  -3.77875  6.54861
  -3.77875  -6.54498  6.54861


  -3.77875  -6.54498  6.54861
  -1.38829e-15  -7.5575  6.54861


  -1.38829e-15  -7.5575  6.54861
  3.77875  -6.54498  6.54861


  3.77875  -6.54498  6.54861
  6.54498  -3.77875  6.54861


  6.54498  -3.77875  6.54861
  7.5575  0  6.54861


  9.09632  0  4.15415
  7.87764  4.54816  4.15415


  7.87764  4.54816  4.15415
  4.54816  7.87764  4.15415


  4.54816  7.87764  4.15415
  5.56989e-16  9.09632  4.15415


  5.56989e-16  9.09632  4.15415
  -4.54816  7.87764  4.15415


  -4.54816  7.87764  4.15415
  -7.87764  4.54816  4.15415


  -7.87764  4.54816  4.15415
  -9.09632  1.11398e-15  4.15415


  -9.09632  1.11398e-15  4.15415
  -7.87764  -4.54816  4.15415


  -7.87764  -4.54816  4.15415
  -4.54816  -7.87764  4.15415


  -4.54816  -7.87764  4.15415
  -1.67097e-15  -9.09632  4.15415


  -1.67097e-15  -9.09632  4.15415
  4.54816  -7.87764  4.15415


  4.54816  -7.87764  4.15415
  7.87764  -4.54816  4.15415


  7.87764  -4.54816  4.15415
  9.09632  0  4.15415


  9.89821  0  1.42315
  8.57211  4.94911  1.42315


  8.57211  4.94911  1.42315
  4.94911  8.57211  1.42315


  4.94911  8.57211  1.42315
  6.06091e-16  9.89821  1.42315


  6.06091e-16  9.89821  1.42315
  -4.94911  8.57211  1.42315


  -4.94911  8.57211  1.42315
  -8.57211  4.94911  1.42315


  -8.57211  4.94911  1.42315
  -9.89821  1.21218e-15  1.42315


  -9.89821  1.21218e-15  1.42315
  -8.57211  -4.94911  1.42315


  -8.57211  -4.94911  1.42315
  -4.94911  -8.57211  1.42315


  -4.94911  -8.57211  1.42315
  -1.81827e-15  -9.89821  1.42315


  -1.81827e-15  -9.89821  1.42315
  4.94911  -8.57211  1.42315


  4.94911  -8.57211  1.42315
  8.57211  -4.94911  1.42315


  8.57211  -4.94911  1.42315
  9.89821  0  1.42315


  9.89821  0  -1.42315
  8.57211  4.94911  -1.42315


  8.57211  4.94911  -1.42315
  4.94911  8.57211  -1.42315


  4.94911  8.57211  -1.42315
  6.06091e-16  9.89821  -1.42315


  6.06091e-16  9.89821  -1.42315
  -4.94911  8.57211  -1.42315


  -4.94911  8.57211  -1.42315
  -8.57211  4.94911  -1.42315


  -8.57211  4.94911  -1.42315
  -9.89821  1.21218e-15  -1.42315


  -9.89821  1.21218e-15  -1.42315
  -8.57211  -4.94911  -1.42315


  -8.57211  -4.94911  -1.42315
  -4.94911  -8.57211  -1.42315


  -4.94911  -8.57211  -1.42315
  -1.81827e-15  -9.89821  -1.42315


  -1.81827e-15  -9.89821  -1.42315
  4.94911  -8.57211  -1.42315


  4.94911  -8.57211  -1.42315
  8.57211  -4.94911  -1.42315


  8.57211  -4.94911  -1.42315
  9.89821  0  -1.42315


  9.09632  0  -4.15415
  7.87764  4.54816  -4.15415


  7.87764  4.54816  -4.15415
  4.54816  7.87764  -4.15415


  4.54816  7.87764  -4.15415
  5.56989e-16  9.09632  -4.15415


  5.56989e-16  9.09632  -4.15415
  -4.54816  7.87764  -4.15415


  -4.54816  7.87764  -4.15415
  -7.87764  4.54816  -4.15415


  -7.87764  4.54816  -4.15415
  -9.09632  1.11398e-15  -4.15415


  -9.09632  1.11398e-15  -4.15415
  -7.87764  -4.54816  -4.15415


  -7.87764  -4.54816  -4.15415
  -4.54816  -7.87764  -4.15415


  -4.54816  -7.87764  -4.15415
  -1.67097e-15  -9.09632  -4.15415


  -1.67097e-15  -9.09632  -4.15415
  4.54816  -7.87764  -4.15415


  4.54816  -7.87764  -4.15415
  7.87764  -4.54816  -4.15415


  7.87764  -4.54816  -4.15415
  9.09632  0  -4.15415


  7.5575  0  -6.54861
  6.54498  3.77875  -6.54861


  6.54498  3.77875  -6.54861
  3.77875  6.54498  -6.54861


  3.77875  6.54498  -6.54861
  4.62763e-16  7.5575  -6.54861


  4.62763e-16  7.5575  -6.54861
  -3.77875  6.54498  -6.54861


  -3.77875  6.54498  -6.54861
  -6.54498  3.77875  -6.54861


  -6.54498  3.77875  -6.54861
  -7.5575  9.25526e-16  -6.54861


  -7.5575  9.25526e-16  -6.54861
  -6.54498  -3.77875  -6.54861


  -6.54498  -3.77875  -6.54861
  -3.77875  -6.54498  -6.54861


  -3.77875  -6.54498  -6.54861
  -1.38829e-15  -7.5575  -6.54861


  -1.38829e-15  -7.5575  -6.54861
  3.77875  -6.54498  -6.54861


  3.77875  -6.54498  -6.54861
  6.54498  -3.77875  -6.54861


  6.54498  -3.77875  -6.54861
  7.5575  0  -6.54861


  5.40641  0  -8.41254
  4.68209  2.7032  -8.41254


  4.68209  2.7032  -8.41254
  2.7032  4.68209  -8.41254


  2.7032  4.68209  -8.41254
  3.31047e-16  5.40641  -8.41254


  3.31047e-16  5.40641  -8.41254
  -2.7032  4.68209  -8.41254


  -2.7032  4.68209  -8.41254
  -4.68209  2.7032  -8.41254


  -4.68209  2.7032  -8.41254
  -5.40641  6.62094e-16  -8.41254


  -5.40641  6.62094e-16  -8.41254
  -4.68209  -2.7032  -8.41254


  -4.68209  -2.7032  -8.41254
  -2.7032  -4.68209  -8.41254


  -2.7032  -4.68209  -8.41254
  -9.93141e-16  -5.40641  -8.41254


  -9.93141e-16  -5.40641  -8.41254
  2.7032  -4.68209  -8.41254


  2.7032  -4.68209  -8.41254
  4.68209  -2.7032  -8.41254


  4.68209  -2.7032  -8.41254
  5.40641  0  -8.41254


  2.81733  0  -9.59493
  2.43988  1.40866  -9.59493


  2.43988  1.40866  -9.59493
  1.40866  2.43988  -9.59493


  1.40866  2.43988  -9.59493
  1.72511e-16  2.81733  -9.59493


  1.72511e-16  2.81733  -9.59493
  -1.40866  2.43988  -9.59493


  -1.40866  2.43988  -9.59493
  -2.43988  1.40866  -9.59493


  -2.43988  1.40866  -9.59493
  -2.81733  3.45023e-16  -9.59493


  -2.81733  3.45023e-16  -9.59493
  -2.43988  -1.40866  -9.59493


  -2.43988  -1.40866  -9.59493
  -1.40866  -2.43988  -9.59493


  -1.40866  -2.43988  -9.59493
  -5.17534e-16  -2.81733  -9.59493


  -5.17534e-16  -2.81733  -9.59493
  1.40866  -2.43988  -9.59493


  1.40866  -2.43988  -9.59493
  2.43988  -1.40866  -9.59493


  2.43988  -1.40866  -9.59493
  2.81733  0  -9.59493


  2.81733  0  9.59493
  4.68209  2.7032  8.41254


  4.68209  2.7032  8.41254
  3.77875  6.54498  6.54861


  3.77875  6.54498  6.54861
  5.56989e-16  9.09632  4.15415


  5.56989e-16  9.09632  4.15415
  -4.94911  8.57211  1.42315


  -4.94911  8.57211  1.42315
  -8.57211  4.94911  -1.42315


  -8.57211  4.94911  -1.42315
  -9.09632  1.11398e-15  -4.15415


  -9.09632  1.11398e-15  -4.15415
  -6.54498  -3.77875  -6.54861


  -6.54498  -3.77875  -6.54861
  -2.7032  -4.68209  -8.41254


  -2.7032  -4.68209  -8.41254
  -5.17534e-16  -2.81733  -9.59493


  2.43988  1.40866  9.59493
  2.7032  4.68209  8.41254


  2.7032  4.68209  8.41254
  4.62763e-16  7.5575  6.54861


  4.62763e-16  7.5575  6.54861
  -4.54816  7.87764  4.15415


  -4.54816  7.87764  4.15415
  -8.57211  4.94911  1.42315


  -8.57211  4.94911  1.42315
  -9.89821  1.21218e-15  -1.42315


  -9.89821  1.21218e-15  -1.42315
  -7.87764  -4.54816  -4.15415


  -7.87764  -4.54816  -4.15415
  -3.77875  -6.54498  -6.54861


  -3.77875  -6.54498  -6.54861
  -9.93141e-16  -5.40641  -8.41254


  -9.93141e-16  -5.40641  -8.41254
  1.40866  -2.43988  -9.59493


  1.40866  2.43988  9.59493
  3.31047e-16  5.40641  8.41254


  3.31047e-16  5.40641  8.41254
  -3.77875  6.54498  6.54861


  -3.77875  6.54498  6.54861
  -7.87764  4.54816  4.15415


  -7.87764  4.54816  4.15415
  -9.89821  1.21218e-15  1.42315


  -9.89821  1.21218e-15  1.42315
  -8.57211  -4.94911  -1.42315


  -8.57211  -4.94911  -1.42315
  -4.54816  -7.87764  -4.15415


  -4.54816  -7.87764  -4.15415
  -1.38829e-15  -7.5575  -6.54861


  -1.38829e-15  -7.5575  -6.54861
  2.7032  -4.68209  -8.41254


  2.7032  -4.68209  -8.41254
  2.43988  -1.40866  -9.59493


  1.72511e-16  2.81733  9.59493
  -2.7032  4.68209  8.41254


  -2.7032  4.68209  8.41254
  -6.54498  3.77875  6.54861


  -6.54498  3.77875  6.54861
  -9.09632  1.11398e-15  4.15415


  -9.09632  1.11398e-15  4.15415
  -8.57211  -4.94911  1.42315


  -8.57211  -4.94911  1.42315
  -4.94911  -8.57211  -1.42315


  -4.94911  -8.57211  -1.42315
  -1.67097e-15  -9.09632  -4.15415


  -1.67097e-15  -9.09632  -4.15415
  3.77875  -6.54498  -6.54861


  3.77875  -6.54498  -6.54861
  4.68209  -2.7032  -8.41254


  4.68209  -2.7032  -8.41254
  2.81733  0  -9.59493


  -1.40866  2.43988  9.59493
  -4.68209  2.7032  8.41254


  -4.68209  2.7032  8.41254
  -7.5575  9.25526e-16  6.54861


  -7.5575  9.25526e-16  6.54861
  -7.87764  -4.54816  4.15415


  -7.87764  -4.54816  4.15415
  -4.94911  -8.57211  1.42315


  -4.94911  -8.57211  1.42315
  -1.81827e-15  -9.89821  -1.42315


  -1.81827e-15  -9.89821  -1.42315
  4.54816  -7.87764  -4.15415


  4.54816  -7.87764  -4.15415
  6.54498  -3.77875  -6.54861


  6.54498  -3.77875  -6.54861
  5.40641  0  -8.41254


  5.40641  0  -8.41254
  2.43988  1.40866  -9.59493


  -2.43988  1.40866  9.59493
  -5.40641  6.62094e-16  8.41254


  -5.40641  6.62094e-16  8.41254
  -6.54498  -3.77875  6.54861


  -6.54498  -3.77875  6.54861
  -4.54816  -7.87764  4.15415


  -4.54816  -7.87764  4.15415
  -1.81827e-15  -9.89821  1.42315


  -1.81827e-15  -9.89821  1.42315
  4.94911  -8.57211  -1.42315


  4.94911  -8.57211  -1.42315
  7.87764  -4.54816  -4.15415


  7.87764  -4.54816  -4.15415
  7.5575  0  -6.54861


  7.5575  0  -6.54861
  4.68209  2.7032  -8.41254


  4.68209  2.7032  -8.41254
  1.40866  2.43988  -9.59493


  -2.81733  3.45023e-16  9.59493
  -4.68209  -2.7032  8.41254


  -4.68209  -2.7032  8.41254
  -3.77875  -6.54498  6.54861


  -3.77875  -6.54498  6.54861
  -1.67097e-15  -9.09632  4.15415


  -1.67097e-15  -9.09632  4.15415
  4.94911  -8.57211  1.42315


  4.94911  -8.57211  1.42315
  8.57211  -4.94911  -1.42315


  8.57211  -4.94911  -1.42315
  9.09632  0  -4.15415


  9.09632  0  -4.15415
  6.54498  3.77875  -6.54861


  6.54498  3.77875  -6.54861
  2.7032  4.68209  -8.41254


  2.7032  4.68209  -8.41254
  1.72511e-16  2.81733  -9.59493


  -2.43988  -1.40866  9.59493
  -2.7032  -4.68209  8.41254


  -2.7032  -4.68209  8.41254
  -1.38829e-15  -7.5575  6.54861


  -1.38829e-15  -7.5575  6.54861
  4.54816  -7.87764  4.15415


  4.54816  -7.87764  4.15415
  8.57211  -4.94911  1.42315


  8.57211  -4.94911  1.42315
  9.89821  0  -1.42315


  9.89821  0  -1.42315
  7.87764  4.54816  -4.15415


  7.87764  4.54816  -4.15415
  3.77875  6.54498  -6.54861


  3.77875  6.54498  -6.54861
  3.31047e-16  5.40641  -8.41254


  3.31047e-16  5.40641  -8.41254
  -1.40866  2.43988  -9.59493


  -1.40866  -2.43988  9.59493
  -9.93141e-16  -5.40641  8.41254


  -9.93141e-16  -5.40641  8.41254
  3.77875  -6.54498  6.54861


  3.77875  -6.54498  6.54861
  7.87764  -4.54816  4.15415


  7.87764  -4.54816  4.15415
  9.89821  0  1.42315


  9.89821  0  1.42315
  8.57211  4.94911  -1.42315


  8.57211  4.94911  -1.42315
  4.54816  7.87764  -4.15415


  4.54816  7.87764  -4.15415
  4.62763e-16  7.5575  -6.54861


  4.62763e-16  7.5575  -6.54861
  -2.7032  4.68209  -8.41254


  -2.7032  4.68209  -8.41254
  -2.43988  1.40866  -9.59493


  -5.17534e-16  -2.81733  9.59493
  2.7032  -4.68209  8.41254


  2.7032  -4.68209  8.41254
  6.54498  -3.77875  6.54861


  6.54498  -3.77875  6.54861
  9.09632  0  4.15415


  9.09632  0  4.15415
  8.57211  4.94911  1.42315


  8.57211  4.94911  1.42315
  4.94911  8.57211  -1.42315


  4.94911  8.57211  -1.42315
  5.56989e-16  9.09632  -4.15415


  5.56989e-16  9.09632  -4.15415
  -3.77875  6.54498  -6.54861


  -3.77875  6.54498  -6.54861
  -4.68209  2.7032  -8.41254


  -4.68209  2.7032  -8.41254
  -2.81733  3.45023e-16  -9.59493


  1.40866  -2.43988  9.59493
  4.68209  -2.7032  8.41254


  4.68209  -2.7032  8.41254
  7.5575  0  6.54861


  7.5575  0  6.54861
  7.87764  4.54816  4.15415


  7.87764  4.54816  4.15415
  4.94911  8.57211  1.42315


  4.94911  8.57211  1.42315
  6.06091e-16  9.89821  -1.42315


  6.06091e-16  9.89821  -1.42315
  -4.54816  7.87764  -4.15415


  -4.54816  7.87764  -4.15415
  -6.54498  3.77875  -6.54861


  -6.54498  3.77875  -6.54861
  -5.40641  6.62094e-16  -8.41254


  -5.40641  6.62094e-16  -8.41254
  -2.43988  -1.40866  -9.59493


  2.43988  -1.40866  9.59493
  5.40641  0  8.41254


  5.40641  0  8.41254
  6.54498  3.77875  6.54861


  6.54498  3.77875  6.54861
  4.54816  7.87764  4.15415


  4.54816  7.87764  4.15415
  6.06091e-16  9.89821  1.42315


  6.06091e-16  9.89821  1.42315
  -4.94911  8.57211  -1.42315


  -4.94911  8.57211  -1.42315
  -7.87764  4.54816  -4.15415


  -7.87764  4.54816  -4.15415
  -7.5575  9.25526e-16  -6.54861


  -7.5575  9.25526e-16  -6.54861
  -4.68209  -2.7032  -8.41254


  -4.68209  -2.7032  -8.41254
  -1.40866  -2.43988  -9.59493
