  0.000000  95.000000  95.000000  95.000000  95.000000  95.000000  95.000000  95.000000  95.000000  95.000000  95.000000  95.000000  0.000000
  0.000000  100.998334  95.000000  95.000000  95.000000  95.000000  95.000000  95.000000  95.000000  95.000000  95.000000  75.000000  0.000000
  0.000000  101.986693  96.199667  95.000000  95.000000  95.000000  95.000000  95.000000  95.000000  95.000000  91.000000  75.000000  0.000000
  0.000000  102.955202  97.117139  95.239933  95.000000  95.000000  95.000000  95.000000  95.000000  94.200000  88.600000  75.000000  0.000000
  0.000000  103.894183  97.909310  95.567388  95.047987  95.000000  95.000000  95.000000  94.840000  93.240000  87.000000  75.000000  0.000000
  0.000000  104.794255  98.637900  95.931892  95.142270  95.009597  95.000000  94.968000  94.552000  92.312000  85.848000  75.000000  0.000000
  0.000000  105.646425  99.327970  96.315169  95.273660  95.034212  94.995519  94.891200  94.187200  91.467200  84.971200  75.000000  0.000000
  0.000000  106.442177  99.989101  96.709427  95.434072  95.074363  94.982394  94.771264  93.784000  90.712000  84.276160  75.000000  0.000000
  0.000000  107.173561  100.623781  97.110291  95.617201  95.127911  94.958562  94.616037  93.367053  90.039232  83.708096  75.000000  0.000000
  0.000000  107.833269  101.231039  97.514371  95.817961  95.191899  94.923927  94.434745  92.951286  89.438569  83.232704  75.000000  0.000000
  0.000000  108.414710  101.808152  97.918423  96.032031  95.263517  94.879685  94.235890  92.545434  88.899939  82.827336  75.000000  0.000000
  0.000000  108.912074  102.351517  98.319090  96.255607  95.340454  94.827692  94.026558  92.154426  88.414518  82.476390  75.000000  0.000000
  0.000000  109.320391  102.857143  98.712879  96.485273  95.420932  94.770018  93.812358  91.780871  87.974874  82.168737  75.000000  0.000000
  0.000000  109.635582  103.320940  99.096210  96.717926  95.503617  94.708669  93.597593  91.425969  87.574846  81.896217  75.000000  0.000000
  0.000000  109.854497  103.738922  99.465499  96.950721  95.587489  94.645443  93.385483  91.090069  87.209345  81.652699  75.000000  0.000000
  0.000000  109.974950  104.107353  99.817228  97.181030  95.671726  94.581860  93.178392  90.773007  86.874161  81.433489  75.000000  0.000000
  0.000000  109.995736  104.422847  100.148014  97.406409  95.755614  94.519140  92.978009  90.474315  86.565795  81.234925  75.000000  0.000000
  0.000000  109.916648  104.682458  100.454659  97.624571  95.838478  94.458209  92.785496  90.193350  86.281325  81.054114  75.000000  0.000000
  0.000000  109.738476  104.883736  100.734202  97.833370  95.919643  94.399720  92.601609  89.929374  86.018288  80.888734  75.000000  0.000000
  0.000000  109.463001  105.024777  100.983942  98.030791  95.998404  94.344082  92.426784  89.681604  85.774594  80.736898  75.000000  0.000000
  0.000000  109.092974  105.104255  101.201479  98.214944  96.074017  94.291487  92.261208  89.449238  85.548457  80.597058  75.000000  0.000000
  0.000000  108.632094  105.121444  101.384727  98.384065  96.145696  94.241937  92.104870  89.231476  85.338333  80.467926  75.000000  0.000000
  0.000000  108.084964  105.076230  101.531938  98.536524  96.212618  94.195276  91.957604  89.027526  85.142880  80.348422  75.000000  0.000000
  0.000000  107.457052  104.969119  101.641714  98.670826  96.273931  94.151210  91.819123  88.836613  84.960918  80.237629  75.000000  0.000000
  0.000000  106.754632  104.801224  101.713017  98.785624  96.328766  94.109337  91.689038  88.657976  84.791399  80.134761  75.000000  0.000000
  0.000000  105.984721  104.574264  101.745180  98.879731  96.376252  94.069163  91.566885  88.490873  84.633387  80.039137  75.000000  0.000000
  0.000000  105.155014  104.290539  101.737907  98.952125  96.415530  94.030125  91.452138  88.334578  84.486034  79.950159  75.000000  0.000000
  0.000000  104.273799  103.952908  101.691277  99.001962  96.445768  93.991609  91.344224  88.188381  84.348568  79.867302  75.000000  0.000000
  0.000000  103.349882  103.564760  101.605740  99.028586  96.466175  93.952964  91.242532  88.051587  84.220278  79.790095  75.000000  0.000000
  0.000000  102.392493  103.129980  101.482113  99.031535  96.476015  93.913520  91.146430  87.923514  84.100503  79.718113  75.000000  0.000000
  0.000000  101.411200  102.652909  101.321571  99.010547  96.474620  93.872601  91.055264  87.803495  83.988627  79.650968  75.000000  0.000000
  0.000000  100.415807  102.138300  101.125634  98.965566  96.461401  93.829537  90.968378  87.690875  83.884069  79.588306  75.000000  0.000000
  0.000000  99.416259  101.591268  100.896153  98.896747  96.435861  93.783678  90.885109  87.585015  83.786278  79.529798  75.000000  0.000000
  0.000000  98.422543  101.017243  100.635295  98.804451  96.397602  93.734401  90.804804  87.485286  83.694729  79.475134  75.000000  0.000000
  0.000000  97.444589  100.421914  100.345516  98.689250  96.346332  93.681122  90.726820  87.391078  83.608921  79.424026  75.000000  0.000000
  0.000000  96.492168  99.811169  100.029542  98.551919  96.281873  93.623303  90.650532  87.301795  83.528374  79.376200  75.000000  0.000000
  0.000000  95.574796  99.191043  99.690343  98.393435  96.204169  93.560463  90.575339  87.216858  83.452623  79.331395  75.000000  0.000000
  0.000000  94.701639  98.567654  99.331101  98.214963  96.113281  93.492179  90.500668  87.135707  83.381225  79.289362  75.000000  0.000000
  0.000000  93.881421  97.947140  98.955184  98.017854  96.009397  93.418097  90.425978  87.057803  83.313749  79.249862  75.000000  0.000000
  0.000000  93.122338  97.335605  98.566110  97.803629  95.892828  93.337933  90.350767  86.982627  83.249782  79.212667  75.000000  0.000000
  0.000000  92.431975  96.739053  98.167513  97.573965  95.764010  93.251479  90.274572  86.909686  83.188928  79.177557  75.000000  0.000000
  0.000000  91.817229  96.163329  97.763111  97.330683  95.623495  93.158604  90.196976  86.838512  83.130805  79.144320  75.000000  0.000000
  0.000000  91.284242  95.614065  97.356669  97.075731  95.471954  93.059256  90.117609  86.768663  83.075049  79.112753  75.000000  0.000000
  0.000000  90.838341  95.096622  96.951961  96.811163  95.310170  92.953466  90.036149  86.699730  83.021313  79.082662  75.000000  0.000000
  0.000000  90.483979  94.616033  96.552733  96.539124  95.139028  92.841344  89.952329  86.631330  82.969266  79.053859  75.000000  0.000000
  0.000000  90.224699  94.176962  96.162672  96.261827  94.959510  92.723078  89.865932  86.563117  82.918598  79.026169  75.000000  0.000000
  0.000000  90.063090  93.783652  95.785361  95.981532  94.772687  92.598935  89.776798  86.494776  82.869016  78.999421  75.000000  0.000000
  0.000000  90.000767  93.439881  95.424253  95.700529  94.579706  92.469258  89.684821  86.426028  82.820249  78.973456  75.000000  0.000000
  0.000000  90.038354  93.148933  95.082634  95.421109  94.381781  92.334460  89.589950  86.356631  82.772046  78.948123  75.000000  0.000000
  0.000000  90.175474  92.913557  94.763589  95.145549  94.180182  92.195022  89.492188  86.286378  82.724179  78.923283  75.000000  0.000000
  0.000000  90.410757  92.735947  94.469974  94.876083  93.976224  92.051488  89.391593  86.215100  82.676439  78.898806  75.000000  0.000000
  0.000000  90.741853  92.617714  94.204391  94.614890  93.771248  91.904456  89.288273  86.142666  82.628645  78.874571  75.000000  0.000000
  0.000000  91.165453  92.559877  93.969155  94.364062  93.566618  91.754578  89.182388  86.068983  82.580634  78.850472  75.000000  0.000000
  0.000000  91.677326  92.562848  93.766281  94.125592  93.363699  91.602548  89.074145  85.993995  82.532272  78.826410  75.000000  0.000000
  0.000000  92.272355  92.626430  93.597457  93.901351  93.163847  91.449098  88.963796  85.917680  82.483444  78.802300  75.000000  0.000000
  0.000000  92.944597  92.749820  93.464030  93.693071  92.968398  91.294987  88.851633  85.840056  82.434062  78.778069  75.000000  0.000000
  0.000000  93.687334  92.931618  93.366996  93.502328  92.778650  91.140998  88.737988  85.761173  82.384062  78.753654  75.000000  0.000000
  0.000000  94.493145  93.169837  93.306987  93.330526  92.595856  90.987927  88.623227  85.681114  82.333403  78.729005  75.000000  0.000000
  0.000000  95.353978  93.461928  93.284265  93.178884  92.421204  90.836573  88.507745  85.599994  82.282065  78.704083  75.000000  0.000000
  0.000000  96.261233  93.804806  93.298721  93.048424  92.255814  90.687733  88.391960  85.517959  82.230055  78.678863  75.000000  0.000000
  0.000000  97.205845  94.194874  93.349879  92.939962  92.100720  90.542195  88.276314  85.435178  82.177397  78.653329  75.000000  0.000000
  0.000000  98.178375  94.628069  93.436895  92.854097  91.956863  90.400724  88.161263  85.351849  82.124140  78.627477  75.000000  0.000000
  0.000000  99.169106  95.099896  93.558570  92.791210  91.825082  90.264060  88.047273  85.268190  82.070349  78.601314  75.000000  0.000000
  0.000000  100.168139  95.605472  93.713363  92.751456  91.706103  90.132907  87.934813  85.184438  82.016110  78.574858  75.000000  0.000000
  0.000000  101.165492  96.139584  93.899404  92.734767  91.600534  90.007927  87.824357  85.100848  81.961525  78.548137  75.000000  0.000000
  0.000000  102.151200  96.696729  94.114512  92.740848  91.508859  89.889735  87.716369  85.017685  81.906712  78.521187  75.000000  0.000000
  0.000000  103.115414  97.271180  94.356223  92.769183  91.431432  89.778887  87.611306  84.935227  81.851802  78.494055  75.000000  0.000000
  0.000000  104.048499  97.857035  94.621806  92.819041  91.368473  89.675879  87.509606  84.853758  81.796938  78.466793  75.000000  0.000000
  0.000000  104.941134  98.448282  94.908299  92.889480  91.320068  89.581144  87.411691  84.773563  81.742273  78.439463  75.000000  0.000000
  0.000000  105.784398  99.038856  95.212532  92.979362  91.286166  89.495038  87.317956  84.694931  81.687969  78.412133  75.000000  0.000000
  0.000000  106.569866  99.622699  95.531163  93.087356  91.266579  89.417847  87.228767  84.618144  81.634194  78.384873  75.000000  0.000000
  0.000000  107.289690  100.193825  95.860709  93.211962  91.260988  89.349778  87.144459  84.543478  81.581120  78.357763  75.000000  0.000000
  0.000000  107.936679  100.746375  96.197583  93.351517  91.268941  89.290956  87.065326  84.471203  81.528920  78.330882  75.000000  0.000000
  0.000000  108.504366  101.274677  96.538128  93.504215  91.289859  89.241427  86.991628  84.401571  81.477769  78.304313  75.000000  0.000000
  0.000000  108.987081  101.773305  96.878655  93.668126  91.323044  89.201154  86.923576  84.334822  81.427838  78.278142  75.000000  0.000000
  0.000000  109.380000  102.237130  97.215479  93.841216  91.367682  89.170016  86.861341  84.271176  81.379296  78.252453  75.000000  0.000000
  0.000000  109.679197  102.661374  97.544957  94.021362  91.422856  89.147814  86.805043  84.210833  81.332303  78.227331  75.000000  0.000000
  0.000000  109.881682  103.041655  97.863521  94.206380  91.487549  89.134268  86.754755  84.153969  81.287015  78.202859  75.000000  0.000000
  0.000000  109.985433  103.374034  98.167720  94.394042  91.560659  89.129022  86.710501  84.100735  81.243574  78.179118  75.000000  0.000000
  0.000000  109.989413  103.655051  98.454247  94.582101  91.641008  89.131645  86.672252  84.051256  81.202115  78.156186  75.000000  0.000000
  0.000000  109.893582  103.881763  98.719978  94.768311  91.727354  89.141639  86.639931  84.005627  81.162758  78.134135  75.000000  0.000000
  0.000000  109.698898  104.051770  98.962002  94.950453  91.818402  89.158440  86.613412  83.963914  81.125607  78.113032  75.000000  0.000000
  0.000000  109.407306  104.163242  99.177646  95.126353  91.912820  89.181427  86.592518  83.926152  81.090753  78.092941  75.000000  0.000000
  0.000000  109.021718  104.214935  99.364506  95.293905  92.009248  89.209924  86.577027  83.892346  81.058271  78.073915  75.000000  0.000000
  0.000000  108.545989  104.206206  99.520472  95.451094  92.106315  89.243209  86.566670  83.862467  81.028215  78.056003  75.000000  0.000000
  0.000000  107.984871  104.137016  99.643743  95.596014  92.202649  89.280522  86.561137  83.836457  81.000623  78.039245  75.000000  0.000000
  0.000000  107.343971  104.007932  99.732852  95.726887  92.296897  89.321071  86.560078  83.814226  80.975514  78.023671  75.000000  0.000000
  0.000000  106.629692  103.820124  99.786675  95.842082  92.387730  89.364037  86.563106  83.795654  80.952888  78.009306  75.000000  0.000000
  0.000000  105.849172  103.575348  99.804446  95.940130  92.473862  89.408590  86.569802  83.780591  80.932725  77.996161  75.000000  0.000000
  0.000000  105.010209  103.275932  99.785763  96.019739  92.554061  89.453887  86.579717  83.768860  80.914985  77.984242  75.000000  0.000000
  0.000000  104.121185  102.924754  99.730592  96.079809  92.627162  89.499088  86.592380  83.760257  80.899612  77.973542  75.000000  0.000000
  0.000000  103.190984  102.525208  99.639268  96.119436  92.692076  89.543361  86.607297  83.754552  80.886527  77.964047  75.000000  0.000000
  0.000000  102.228899  102.081175  99.512489  96.137930  92.747805  89.585891  86.623961  83.751496  80.875636  77.955734  75.000000  0.000000
  0.000000  101.244544  101.596983  99.351315  96.134817  92.793447  89.625888  86.641854  83.750817  80.866828  77.948567  75.000000  0.000000
  0.000000  100.247754  101.077361  99.157149  96.109843  92.828209  89.662593  86.660453  83.752226  80.859973  77.942506  75.000000  0.000000
  0.000000  99.248489  100.527397  98.931730  96.062977  92.851413  89.695288  86.679236  83.755421  80.854931  77.937498  75.000000  0.000000
  0.000000  98.256732  99.952482  98.677113  95.994415  92.862501  89.723303  86.697683  83.760086  80.851542  77.933485  75.000000  0.000000
  0.000000  97.282394  99.358258  98.395647  95.904572  92.861044  89.746018  86.715288  83.765897  80.849640  77.930399  75.000000  0.000000
  0.000000  96.335209  98.750563  98.089954  95.794081  92.846744  89.762877  86.731556  83.772523  80.849043  77.928168  75.000000  0.000000
  0.000000  95.424641  98.135371  97.762901  95.663789  92.819438  89.773386  86.746014  83.779634  80.849564  77.926709  75.000000  0.000000
  0.000000  94.559789  97.518731  97.417573  95.514741  92.779098  89.777122  86.758212  83.786896  80.851007  77.925938  75.000000  0.000000
