#  uniform_in_annulus01_accept.txt
#  created by routine WRITE_DATA.CC
#  at 26 August 2004 12:52:23 PM
#
#  Title: Uniform points in an annulus, acceptance/rejection
#
#  NDIM =              2
#  N =               400
#  EPSILON (unit roundoff) = 2.22045e-16
#
 -0.169386   -0.867763  
 -0.484844   -0.780086  
 -0.912342    0.267931  
 -0.876546   -0.100922  
  0.795008   -0.298495  
  0.718194    0.681695  
 -0.479394    0.824967  
 -0.772672   -0.296743  
  0.823954    0.195834  
 -0.622091    0.522984  
 -0.764586   -0.401342  
  0.650006     0.64932  
 -0.876276    0.421561  
 -0.823433    0.555988  
  0.798746    0.527073  
  0.877499    0.124177  
  -0.96436  0.00220645  
 -0.916181   -0.262299  
 -0.456553    0.717145  
 -0.292185   -0.761384  
 -0.586694   -0.574152  
 0.0394514   -0.939611  
   0.80528    0.335683  
 -0.708488    0.434257  
 -0.461429    0.754836  
   0.52257     0.82735  
 -0.728412    -0.41761  
 -0.763578    0.543562  
 -0.358734    0.754826  
  0.358952    0.898351  
  -0.90771    0.124058  
 -0.956969     0.21827  
 -0.595304     0.72024  
  0.561601    0.821757  
 -0.609942    0.712207  
  0.385628    -0.75619  
  0.717942    0.444765  
 -0.840008  -0.0158307  
 -0.296956   -0.934476  
  0.257701   -0.826558  
 0.0339752   -0.977995  
   0.83821   -0.206179  
  0.742455    0.444095  
 -0.089193    0.933608  
  0.816678  -0.0881806  
  0.942683   -0.329165  
 -0.122261   -0.843655  
 -0.931634   0.0206078  
 -0.696891   -0.641486  
 -0.262447   -0.951208  
 -0.952826   -0.138377  
 -0.889886   -0.316055  
 0.0652668    0.938695  
  0.854905    0.385093  
 -0.712952   -0.584608  
   0.59186   -0.615337  
  0.343004    0.874568  
    0.8726   -0.211279  
 -0.958527   0.0441203  
 -0.470351    0.815109  
  0.374063    0.869825  
 -0.589441   -0.742593  
 -0.761687    0.330141  
  0.684751    0.613972  
 -0.972445    0.115618  
 -0.808863   -0.565762  
 -0.756095    0.314818  
 -0.184633    0.866041  
 -0.453688    0.863857  
  0.852364   -0.318927  
   0.75269    0.454465  
  0.195332    0.942461  
 -0.001137    0.890393  
   0.84038    0.262823  
 -0.970554   -0.105097  
 -0.358596   -0.930776  
  0.642862    0.583596  
  0.502093     0.67602  
  -0.14251    0.837635  
  0.878902   -0.287272  
 -0.756966   -0.333014  
  0.738047    0.354159  
 -0.798718   -0.061514  
 -0.137271    0.888296  
  0.944236   -0.230306  
 -0.812612    0.433594  
 -0.590787    0.637055  
  0.989226  -0.0868606  
 -0.832396  -0.0788925  
  0.813203   -0.504874  
   0.74544    0.609573  
 -0.310035   -0.754602  
 -0.789534    0.295118  
  0.049197    0.853572  
 -0.954498   -0.245905  
  -0.92855   -0.139025  
 -0.199726   -0.788966  
  0.130947    0.823614  
  0.480909    0.643478  
 -0.903331   -0.285954  
 -0.463214      0.7689  
  0.904153    0.107103  
 -0.122854   -0.803508  
 0.0746815   -0.828131  
  0.531364    0.636927  
  0.829163   -0.253313  
  0.575641    0.800517  
  0.219365     0.86141  
 -0.404759   -0.792477  
  0.847162    0.256098  
  0.710505   -0.535903  
 0.0686003    0.965841  
  0.895916   -0.339945  
 -0.356474    0.746464  
 -0.177612    0.881146  
  -0.57408   -0.563491  
-0.0706286    0.945453  
  0.220216   -0.824725  
   0.85403   -0.325194  
 -0.663029    0.464835  
  0.100133    0.933085  
  0.353477    0.882053  
 -0.398476    0.817442  
  0.755674    0.612805  
  0.181999    0.863366  
  0.590504    0.604246  
   0.99233   0.0859395  
 -0.979711  -0.0049818  
  0.218059    0.912451  
  -0.39717    0.763631  
  0.339691   -0.812647  
 -0.160584   -0.939663  
 -0.919006     0.27121  
 -0.783568    0.577815  
  0.827766      0.2598  
 -0.722769    0.423272  
   0.97793   0.0698551  
 -0.119285   -0.821916  
 -0.400851    0.898232  
  0.712895    -0.36639  
 0.0803776    0.905724  
  0.500187     0.63945  
 -0.232706    0.917697  
  0.871545   0.0646091  
  0.169987    0.966628  
  0.531171   -0.604395  
 -0.888692    -0.24076  
  0.625885    -0.75811  
  0.598647   -0.535127  
 -0.923565    -0.34979  
  0.944133   0.0451382  
  0.753355    -0.36998  
  0.928069   0.0500966  
 -0.642395   -0.726501  
 -0.296594    -0.84733  
 -0.256745    0.878426  
 -0.334935    0.744577  
  0.606098    0.692557  
  -0.19188   -0.928325  
 -0.455474    0.856399  
 -0.847251    0.255498  
   0.87487  -0.0567579  
 -0.204608   -0.839369  
  0.720257   -0.633543  
 0.0480205   -0.918967  
 -0.839871    0.282649  
  -0.82086   -0.192709  
 -0.864662   -0.376706  
  0.978752    -0.10765  
  0.868094   0.0639813  
 -0.666107    0.744743  
   0.74479   -0.306146  
 -0.852887   -0.469897  
 -0.871427  -0.0660674  
  0.727701    0.475118  
 -0.693483    0.627141  
 -0.750145    0.310429  
   0.86474   -0.307916  
  0.261965    0.837768  
  0.358613   -0.787037  
  0.275904   -0.887523  
 -0.584797   -0.681948  
 -0.865696    0.254906  
  0.683603   -0.689361  
-0.0869352    0.879901  
  0.490554    0.747058  
 -0.203295   -0.784755  
  0.615979    0.762854  
  -0.76621    0.306684  
  0.643269   -0.582872  
 -0.899719    0.416352  
  0.495933   -0.858237  
  0.978518  -0.0433744  
  0.889753   0.0756315  
 -0.141186   -0.914048  
  0.289953   -0.757072  
  0.921883    0.094359  
 -0.770644   -0.219886  
  0.381431    0.712477  
 -0.881412    0.110858  
 -0.806331  -0.0134007  
  0.774929    0.231859  
 -0.788924    0.561796  
 -0.427637    0.705249  
  -0.88032    0.467185  
 -0.107752   -0.982222  
  0.686657    0.648757  
 -0.339547   -0.758048  
 -0.509976    0.831673  
  0.573498    0.779058  
 -0.742868    0.609705  
  -0.69622    0.629941  
  0.283284   -0.837488  
  0.333843    0.898674  
 -0.874659   -0.399759  
 -0.757322   -0.307993  
  0.583043   -0.789874  
 -0.398358    0.796168  
 -0.816589   -0.412444  
 -0.089178   -0.815337  
  0.955303   -0.217716  
  0.845393    0.525819  
 -0.559805   -0.638377  
  0.794448    0.294318  
 -0.561622    0.821752  
 -0.808711  -0.0135357  
-0.0119578   -0.974001  
  0.835136    0.129453  
 -0.868581   -0.246779  
 -0.875944   0.0165855  
  -0.77935   -0.541638  
  0.478202   -0.860175  
 -0.515062   -0.653614  
  0.718306    0.576741  
 -0.816815    -0.21764  
-0.0234913   -0.817703  
  0.863923   -0.049753  
 -0.939244    0.117965  
-0.0281389   -0.930409  
  0.121324   -0.900653  
  0.732888   -0.357677  
  0.216886   -0.791827  
 -0.659872   -0.472241  
  0.467709    0.792692  
  0.762098    0.575972  
 -0.812744     0.21895  
 -0.722412    0.421981  
 -0.802432   -0.478218  
  0.447363    0.827611  
 -0.924367    0.157862  
 -0.812775   -0.308985  
   0.70361   -0.431143  
 -0.411684    0.828145  
  0.628352    0.706996  
  0.792534    0.125781  
    0.3723   -0.748381  
-0.0339711   -0.952679  
-0.0195866    0.808094  
 -0.854143    0.419927  
 -0.284707    0.923422  
   0.60994   -0.737032  
  0.703132   -0.468668  
  -0.89842    0.249841  
-0.0768235    0.827036  
  0.168803   -0.927862  
   0.89819   -0.118227  
  0.324217   -0.886075  
  0.289567    0.754571  
 0.0731222    0.964035  
 -0.859544   -0.364156  
  -0.54342    0.740831  
 -0.861324   -0.278246  
 -0.474998    0.711794  
 -0.873108   -0.328809  
  0.547082    0.812249  
 -0.533278   -0.804385  
 -0.539227   -0.785485  
 -0.399174   -0.914911  
 -0.911776   -0.213591  
 0.0707412    0.948184  
  0.764827    0.447762  
0.00208405   -0.973405  
  0.206891   -0.786831  
 -0.266626    0.824221  
  0.916762   0.0249119  
  0.693483   -0.638239  
  0.140007   -0.901975  
 -0.514946   -0.704895  
  0.821442  -0.0276006  
  0.117046   -0.813575  
  0.480947   -0.724856  
 -0.707403    0.685021  
 -0.851336   -0.399541  
  0.400597    0.830151  
  0.495076    0.740837  
  0.870613    0.386779  
  0.598515   -0.753527  
   0.79588     0.35095  
  0.787029   -0.406714  
  -0.67249    -0.54509  
  0.722517     -0.6484  
  0.849557    0.501512  
  0.907459   -0.342643  
 -0.804671    -0.11025  
 -0.968987    0.241342  
  0.897585   -0.294808  
 -0.844301   -0.173719  
  0.309578   -0.928279  
 -0.732931   -0.372226  
  0.306375   -0.762648  
-0.0306377   -0.927896  
  0.579949   -0.797803  
  0.109409    0.837053  
  0.342288    0.828409  
 -0.934003    0.211327  
 -0.743482    0.304129  
-0.0639627    0.978332  
   0.87119   0.0887379  
 -0.582413   -0.615868  
 -0.696582     0.54915  
 -0.698486    0.542258  
 -0.578531    0.621381  
  0.928199    0.240729  
 -0.120954   -0.871514  
  0.462027   -0.707186  
   0.94617    0.275627  
 -0.837619    0.133491  
 -0.236027   -0.904335  
  0.837483   -0.425928  
  0.877501    0.155811  
 -0.666547   -0.655965  
  -0.81121  0.000544641  
 -0.846224   -0.482223  
 -0.725923   -0.595151  
 -0.982338    -0.14752  
  0.759768   -0.572403  
 -0.384413   -0.837398  
 -0.141439    0.827484  
   0.40987    0.692608  
   0.66337   -0.741912  
 -0.863207   0.0763468  
 -0.839861     0.46145  
  0.478659    0.828982  
  0.701103   -0.565388  
 -0.476983   -0.654679  
  0.740857   -0.422062  
  0.974483    0.139461  
 -0.446199    0.734478  
  0.781201    -0.36152  
 -0.645725   -0.699191  
 -0.753355    0.356644  
  0.609784    0.633402  
 -0.415231   -0.789661  
  0.161055    0.851277  
  -0.49189    0.797492  
 -0.571751    0.586654  
  0.251615    0.900327  
  0.645724    0.690112  
  0.718304    0.533273  
  0.719202    -0.36664  
 -0.181779     0.83655  
 -0.713432   -0.648898  
  0.909049    0.386568  
  0.747453    0.445143  
 -0.486029   -0.694846  
  0.832384   -0.125454  
  0.931522   0.0956947  
  0.508992    0.621583  
  0.942219   -0.119627  
0.00373842    0.831634  
 -0.723842     0.38083  
  0.613157   -0.662909  
  0.683368   -0.632552  
   0.71402     0.53808  
  0.555446   -0.622857  
  0.629054    0.517253  
  0.226748    0.960375  
 -0.884492    0.337046  
  0.506739    0.753993  
  0.301139   -0.756224  
  0.578892   -0.562895  
 -0.570313    0.745748  
 -0.603481   -0.710084  
  0.806578    0.164742  
  0.814036   -0.500807  
   0.93772    0.258847  
  0.437392   -0.749685  
   0.81516    0.386742  
  0.891066    0.145241  
  0.752505   -0.652243  
  0.933549    0.157228  
 -0.611682   -0.542214  
 -0.985429   -0.113407  
-0.0274188   -0.827258  
 -0.783694    0.460485  
  0.727229    0.546051  
  0.881084     0.37476  
  0.695149   -0.633032  
  0.572422    0.690002  
  0.861873    -0.49315  
