  0  0.847607  0.548248  0.734865
  0.1  1.12124  0.375978  0.713769
  0.2  1.17724  0.21624  0.811555
  0.3  1.10468  -0.151935  0.762915
  0.4  1.01778  -0.417747  0.748739
  0.5  1.12657  -0.479954  0.927744
  0.6  1.23481  -0.63417  1.04182
  0.7  1.44183  -0.606494  1.19379
  0.8  1.6696  -0.420617  1.32182
  0.9  1.51633  -0.482984  1.52622
  1  1.13921  -0.418935  1.61591
  1.1  0.600771  -0.426257  1.58407
  1.2  0.403883  -0.494735  1.5731
  1.3  0.283809  -0.242041  1.52249
  1.4  -0.00137437  -0.0611367  1.38667
  1.5  -0.0729007  -0.257732  1.45648
  1.6  -0.120342  -0.194473  1.41978
  1.7  -0.198111  -0.297367  1.58178
  1.8  -0.191569  -0.228252  1.39551
  1.9  0.117678  -0.22285  1.19511
  2  0.298796  -0.12075  1.16806
  2.1  0.426202  -0.0486363  1.2014
  2.2  0.424346  0.29597  1.53937
  2.3  0.712055  0.459694  1.61633
  2.4  0.868844  0.496173  1.63204
  2.5  1.13365  0.369551  1.60003
  2.6  1.13555  0.291248  1.72231
  2.7  0.940451  0.239624  1.54528
  2.8  1.06544  -0.121371  1.50118
  2.9  1.10242  -0.44681  1.42695
  3  1.18093  -0.917038  1.37703
  3.1  1.08418  -1.40763  1.16065
  3.2  0.961964  -1.65037  0.876169
  3.3  0.802095  -1.87422  0.573955
  3.4  0.717878  -1.85692  0.528274
  3.5  0.601059  -1.68986  0.638845
  3.6  0.481585  -1.4141  0.751978
  3.7  0.418853  -1.43752  0.858635
  3.8  0.108184  -1.36084  0.924176
  3.9  0.00905905  -1.63618  1.41195
  4  0.128382  -1.5228  1.6646
  4.1  0.0745386  -1.58827  1.63703
  4.2  0.14603  -1.48918  1.47897
  4.3  0.088623  -1.25994  1.33569
  4.4  0.159029  -1.17214  1.37201
  4.5  0.137234  -1.07054  1.37783
  4.6  -0.125266  -0.961931  1.2992
  4.7  -0.351208  -0.730392  1.4421
  4.8  -0.182503  -0.678142  1.53612
  4.9  -0.0567505  -0.742124  1.17466
  5  -0.0781791  -0.4135  0.931622
  5.1  -0.169538  -0.216109  0.68168
  5.2  -0.537844  -0.22038  0.596651
  5.3  -0.665822  -0.132727  0.379625
  5.4  -1.02976  -0.205667  0.00439845
  5.5  -1.25064  -0.207326  -0.189694
  5.6  -1.24435  -0.189244  -0.115924
  5.7  -1.22103  -0.407919  -0.191345
  5.8  -1.25833  -0.597788  -0.337385
  5.9  -1.34206  -0.623283  -0.385392
  6  -1.29916  -0.73922  -0.634035
  6.1  -1.29475  -0.856069  -0.701716
  6.2  -1.28438  -0.989254  -0.842066
  6.3  -1.65297  -1.24314  -0.921625
  6.4  -1.81206  -1.26891  -0.929916
  6.5  -2.09592  -1.31159  -0.801054
  6.6  -1.94321  -1.55071  -0.469329
  6.7  -1.67741  -1.80815  -0.381365
  6.8  -1.68661  -1.80155  -0.286905
  6.9  -1.27341  -1.89863  -0.201408
  7  -0.973141  -1.84508  -0.376727
  7.1  -0.578604  -1.73542  -0.51524
  7.2  -0.15682  -1.80797  -0.614402
  7.3  0.238202  -1.69861  -0.752106
  7.4  0.603531  -1.71588  -0.907601
  7.5  0.86532  -1.59019  -0.896366
  7.6  1.25441  -1.45514  -0.916556
  7.7  1.50662  -1.5031  -1.02192
  7.8  1.49325  -1.54275  -1.15923
  7.9  1.50477  -1.36298  -1.00708
  8  1.63794  -1.36892  -0.874881
  8.1  1.66179  -1.39174  -1.14365
  8.2  1.53856  -1.20282  -1.09208
  8.3  1.55484  -1.27194  -1.12556
  8.4  1.38785  -1.36552  -1.02848
  8.5  1.30424  -1.24026  -1.07626
  8.6  1.2027  -1.2749  -1.19134
  8.7  1.27431  -1.17356  -1.4082
  8.8  1.30736  -0.997779  -1.20147
  8.9  1.24157  -0.793587  -0.907432
  9  1.34174  -0.674086  -0.76691
  9.1  1.3299  -0.663247  -0.757569
  9.2  1.23164  -0.950919  -0.715381
  9.3  1.25536  -1.05562  -0.762511
  9.4  1.39495  -0.952365  -0.559253
  9.5  1.51525  -1.00111  -0.325764
  9.6  1.52163  -0.938268  -0.18198
  9.7  1.38418  -0.748278  -0.0551402
  9.8  1.3112  -0.651215  0.0443511
  9.9  1.13194  -0.458963  0.0867019
  10  1.0774  -0.110687  0.0647475
