  -8  0.171651
  -7.84  0.207204
  -7.68  0.238143
  -7.52  0.263585
  -7.36  0.282769
  -7.2  0.295071
  -7.04  0.300026
  -6.88  0.297343
  -6.72  0.286912
  -6.56  0.268811
  -6.4  0.243311
  -6.24  0.21087
  -6.08  0.172131
  -5.92  0.127901
  -5.76  0.0791482
  -5.6  0.0269709
  -5.44  -0.027418
  -5.28  -0.0827198
  -5.12  -0.137578
  -4.96  -0.190607
  -4.8  -0.240425
  -4.64  -0.285687
  -4.48  -0.32511
  -4.32  -0.357509
  -4.16  -0.381826
  -4  -0.39715
  -3.84  -0.402746
  -3.68  -0.398071
  -3.52  -0.382791
  -3.36  -0.356793
  -3.2  -0.320188
  -3.04  -0.273314
  -2.88  -0.216733
  -2.72  -0.15122
  -2.56  -0.0777531
  -2.4  0.00250768
  -2.24  0.0882416
  -2.08  0.177993
  -1.92  0.270201
  -1.76  0.363229
  -1.6  0.455402
  -1.44  0.545038
  -1.28  0.630482
  -1.12  0.710146
  -0.96  0.782536
  -0.8  0.846287
  -0.64  0.900192
  -0.48  0.943224
  -0.32  0.974563
  -0.16  0.99361
  0  1
  0.16  0.99361
  0.32  0.974563
  0.48  0.943224
  0.64  0.900192
  0.8  0.846287
  0.96  0.782536
  1.12  0.710146
  1.28  0.630482
  1.44  0.545038
  1.6  0.455402
  1.76  0.363229
  1.92  0.270201
  2.08  0.177993
  2.24  0.0882416
  2.4  0.00250768
  2.56  -0.0777531
  2.72  -0.15122
  2.88  -0.216733
  3.04  -0.273314
  3.2  -0.320188
  3.36  -0.356793
  3.52  -0.382791
  3.68  -0.398071
  3.84  -0.402746
  4  -0.39715
  4.16  -0.381826
  4.32  -0.357509
  4.48  -0.32511
  4.64  -0.285687
  4.8  -0.240425
  4.96  -0.190607
  5.12  -0.137578
  5.28  -0.0827198
  5.44  -0.027418
  5.6  0.0269709
  5.76  0.0791482
  5.92  0.127901
  6.08  0.172131
  6.24  0.21087
  6.4  0.243311
  6.56  0.268811
  6.72  0.286912
  6.88  0.297343
  7.04  0.300026
  7.2  0.295071
  7.36  0.282769
  7.52  0.263585
  7.68  0.238143
  7.84  0.207204
  8  0.171651
