  -4  0.049934  0.160386  0.279732  0.601907  0.828221
  -3.92  0.053632  0.167828  0.288977  0.610364  0.832838
  -3.84  0.0575951  0.175592  0.298493  0.618891  0.837444
  -3.76  0.0618416  0.183691  0.308285  0.627487  0.842038
  -3.68  0.0663904  0.192136  0.31836  0.636151  0.846619
  -3.6  0.0712619  0.20094  0.328722  0.64488  0.851185
  -3.52  0.0764775  0.210116  0.339376  0.653673  0.855735
  -3.44  0.0820602  0.219676  0.350327  0.662526  0.860267
  -3.36  0.0880338  0.229635  0.361581  0.671438  0.86478
  -3.28  0.0944239  0.240005  0.373142  0.680405  0.869272
  -3.2  0.101257  0.250799  0.385014  0.689425  0.873742
  -3.12  0.108562  0.262032  0.397202  0.698495  0.878188
  -3.04  0.116368  0.273716  0.409708  0.707611  0.882607
  -2.96  0.124707  0.285865  0.422536  0.71677  0.887
  -2.88  0.133612  0.298493  0.43569  0.725967  0.891362
  -2.8  0.143116  0.311612  0.44917  0.735198  0.895693
  -2.72  0.153255  0.325235  0.46298  0.74446  0.899991
  -2.64  0.164068  0.339376  0.477119  0.753746  0.904252
  -2.56  0.175592  0.354045  0.491587  0.763052  0.908475
  -2.48  0.187869  0.369254  0.506385  0.772373  0.912658
  -2.4  0.20094  0.385014  0.521511  0.781701  0.916798
  -2.32  0.214847  0.401335  0.536961  0.791031  0.920892
  -2.24  0.229635  0.418224  0.552732  0.800356  0.924938
  -2.16  0.245348  0.43569  0.568818  0.809668  0.928932
  -2.08  0.262032  0.453737  0.585213  0.818959  0.932873
  -2  0.279732  0.472369  0.601907  0.828221  0.936756
  -1.92  0.298493  0.491587  0.618891  0.837444  0.940579
  -1.84  0.31836  0.511391  0.636151  0.846619  0.944338
  -1.76  0.339376  0.531775  0.653673  0.855735  0.94803
  -1.68  0.361581  0.552732  0.671438  0.86478  0.95165
  -1.6  0.385014  0.574249  0.689425  0.873742  0.955195
  -1.52  0.409708  0.59631  0.707611  0.882607  0.958659
  -1.44  0.43569  0.618891  0.725967  0.891362  0.96204
  -1.36  0.46298  0.641963  0.74446  0.899991  0.965331
  -1.28  0.491587  0.66549  0.763052  0.908475  0.968528
  -1.2  0.521511  0.689425  0.781701  0.916798  0.971625
  -1.12  0.552732  0.713712  0.800356  0.924938  0.974616
  -1.04  0.585213  0.738283  0.818959  0.932873  0.977495
  -0.96  0.618891  0.763052  0.837444  0.940579  0.980254
  -0.88  0.653673  0.787921  0.855735  0.94803  0.982887
  -0.8  0.689425  0.812767  0.873742  0.955195  0.985384
  -0.72  0.725967  0.837444  0.891362  0.96204  0.987738
  -0.64  0.763052  0.861773  0.908475  0.968528  0.989937
  -0.56  0.800356  0.885539  0.924938  0.974616  0.99197
  -0.48  0.837444  0.908475  0.940579  0.980254  0.993824
  -0.4  0.873742  0.930252  0.955195  0.985384  0.995484
  -0.32  0.908475  0.950451  0.968528  0.989937  0.996931
  -0.24  0.940579  0.968528  0.980254  0.993824  0.998145
  -0.16  0.968528  0.983735  0.989937  0.996931  0.999094
  -0.08  0.989937  0.994953  0.996931  0.999094  0.999739
  0  1  1  1  1  1
  0.08  0.989937  0.994953  0.996931  0.999094  0.999739
  0.16  0.968528  0.983735  0.989937  0.996931  0.999094
  0.24  0.940579  0.968528  0.980254  0.993824  0.998145
  0.32  0.908475  0.950451  0.968528  0.989937  0.996931
  0.4  0.873742  0.930252  0.955195  0.985384  0.995484
  0.48  0.837444  0.908475  0.940579  0.980254  0.993824
  0.56  0.800356  0.885539  0.924938  0.974616  0.99197
  0.64  0.763052  0.861773  0.908475  0.968528  0.989937
  0.72  0.725967  0.837444  0.891362  0.96204  0.987738
  0.8  0.689425  0.812767  0.873742  0.955195  0.985384
  0.88  0.653673  0.787921  0.855735  0.94803  0.982887
  0.96  0.618891  0.763052  0.837444  0.940579  0.980254
  1.04  0.585213  0.738283  0.818959  0.932873  0.977495
  1.12  0.552732  0.713712  0.800356  0.924938  0.974616
  1.2  0.521511  0.689425  0.781701  0.916798  0.971625
  1.28  0.491587  0.66549  0.763052  0.908475  0.968528
  1.36  0.46298  0.641963  0.74446  0.899991  0.965331
  1.44  0.43569  0.618891  0.725967  0.891362  0.96204
  1.52  0.409708  0.59631  0.707611  0.882607  0.958659
  1.6  0.385014  0.574249  0.689425  0.873742  0.955195
  1.68  0.361581  0.552732  0.671438  0.86478  0.95165
  1.76  0.339376  0.531775  0.653673  0.855735  0.94803
  1.84  0.31836  0.511391  0.636151  0.846619  0.944338
  1.92  0.298493  0.491587  0.618891  0.837444  0.940579
  2  0.279732  0.472369  0.601907  0.828221  0.936756
  2.08  0.262032  0.453737  0.585213  0.818959  0.932873
  2.16  0.245348  0.43569  0.568818  0.809668  0.928932
  2.24  0.229635  0.418224  0.552732  0.800356  0.924938
  2.32  0.214847  0.401335  0.536961  0.791031  0.920892
  2.4  0.20094  0.385014  0.521511  0.781701  0.916798
  2.48  0.187869  0.369254  0.506385  0.772373  0.912658
  2.56  0.175592  0.354045  0.491587  0.763052  0.908475
  2.64  0.164068  0.339376  0.477119  0.753746  0.904252
  2.72  0.153255  0.325235  0.46298  0.74446  0.899991
  2.8  0.143116  0.311612  0.44917  0.735198  0.895693
  2.88  0.133612  0.298493  0.43569  0.725967  0.891362
  2.96  0.124707  0.285865  0.422536  0.71677  0.887
  3.04  0.116368  0.273716  0.409708  0.707611  0.882607
  3.12  0.108562  0.262032  0.397202  0.698495  0.878188
  3.2  0.101257  0.250799  0.385014  0.689425  0.873742
  3.28  0.0944239  0.240005  0.373142  0.680405  0.869272
  3.36  0.0880338  0.229635  0.361581  0.671438  0.86478
  3.44  0.0820602  0.219676  0.350327  0.662526  0.860267
  3.52  0.0764775  0.210116  0.339376  0.653673  0.855735
  3.6  0.0712619  0.20094  0.328722  0.64488  0.851185
  3.68  0.0663904  0.192136  0.31836  0.636151  0.846619
  3.76  0.0618416  0.183691  0.308285  0.627487  0.842038
  3.84  0.0575951  0.175592  0.298493  0.618891  0.837444
  3.92  0.053632  0.167828  0.288977  0.610364  0.832838
  4  0.049934  0.160386  0.279732  0.601907  0.828221
