  -8  0.171651  -0.0642673  -0.39715  0.223891  0.765198
  -7.84  0.207204  -0.101123  -0.401202  0.247007  0.773933
  -7.68  0.238143  -0.137578  -0.402746  0.270201  0.782536
  -7.52  0.263585  -0.173219  -0.401718  0.293446  0.791004
  -7.36  0.282769  -0.207637  -0.398071  0.316717  0.799334
  -7.2  0.295071  -0.240425  -0.391769  0.339986  0.807524
  -7.04  0.300026  -0.271187  -0.382791  0.363229  0.815571
  -6.88  0.297343  -0.299537  -0.371131  0.386418  0.823473
  -6.72  0.286912  -0.32511  -0.356793  0.409528  0.831228
  -6.56  0.268811  -0.347558  -0.339801  0.432531  0.838834
  -6.4  0.243311  -0.366561  -0.320188  0.455402  0.846287
  -6.24  0.21087  -0.381826  -0.298005  0.478114  0.853587
  -6.08  0.172131  -0.39309  -0.273314  0.500642  0.86073
  -5.92  0.127901  -0.400127  -0.246193  0.522958  0.867715
  -5.76  0.0791482  -0.402746  -0.216733  0.545038  0.874539
  -5.6  0.0269709  -0.400795  -0.185036  0.566855  0.881201
  -5.44  -0.027418  -0.394166  -0.15122  0.588385  0.887698
  -5.28  -0.0827198  -0.382791  -0.115412  0.609602  0.894029
  -5.12  -0.137578  -0.366648  -0.0777531  0.630482  0.900192
  -4.96  -0.190607  -0.345758  -0.0383929  0.651  0.906184
  -4.8  -0.240425  -0.320188  0.00250768  0.671133  0.912005
  -4.64  -0.285687  -0.29005  0.0447786  0.690856  0.917652
  -4.48  -0.32511  -0.255498  0.0882416  0.710146  0.923123
  -4.32  -0.357509  -0.216733  0.132711  0.728981  0.928418
  -4.16  -0.381826  -0.173993  0.177993  0.747339  0.933534
  -4  -0.39715  -0.127561  0.223891  0.765198  0.93847
  -3.84  -0.402746  -0.0777531  0.270201  0.782536  0.943224
  -3.68  -0.398071  -0.0249223  0.316717  0.799334  0.947796
  -3.52  -0.382791  0.0305469  0.363229  0.815571  0.952183
  -3.36  -0.356793  0.0882416  0.409528  0.831228  0.956384
  -3.2  -0.320188  0.147724  0.455402  0.846287  0.960398
  -3.04  -0.273314  0.208536  0.500642  0.86073  0.964224
  -2.88  -0.216733  0.270201  0.545038  0.874539  0.967861
  -2.72  -0.15122  0.332232  0.588385  0.887698  0.971308
  -2.56  -0.0777531  0.394132  0.630482  0.900192  0.974563
  -2.4  0.00250768  0.455402  0.671133  0.912005  0.977626
  -2.24  0.0882416  0.515544  0.710146  0.923123  0.980496
  -2.08  0.177993  0.574065  0.747339  0.933534  0.983171
  -1.92  0.270201  0.630482  0.782536  0.943224  0.985652
  -1.76  0.363229  0.684328  0.815571  0.952183  0.987937
  -1.6  0.455402  0.735155  0.846287  0.960398  0.990025
  -1.44  0.545038  0.782536  0.874539  0.967861  0.991916
  -1.28  0.630482  0.826075  0.900192  0.974563  0.99361
  -1.12  0.710146  0.865404  0.923123  0.980496  0.995106
  -0.96  0.782536  0.900192  0.943224  0.985652  0.996403
  -0.8  0.846287  0.930143  0.960398  0.990025  0.997502
  -0.64  0.900192  0.955004  0.974563  0.99361  0.998401
  -0.48  0.943224  0.974563  0.985652  0.996403  0.9991
  -0.32  0.974563  0.988655  0.99361  0.998401  0.9996
  -0.16  0.99361  0.997158  0.998401  0.9996  0.9999
  0  1  1  1  1  1
  0.16  0.99361  0.997158  0.998401  0.9996  0.9999
  0.32  0.974563  0.988655  0.99361  0.998401  0.9996
  0.48  0.943224  0.974563  0.985652  0.996403  0.9991
  0.64  0.900192  0.955004  0.974563  0.99361  0.998401
  0.8  0.846287  0.930143  0.960398  0.990025  0.997502
  0.96  0.782536  0.900192  0.943224  0.985652  0.996403
  1.12  0.710146  0.865404  0.923123  0.980496  0.995106
  1.28  0.630482  0.826075  0.900192  0.974563  0.99361
  1.44  0.545038  0.782536  0.874539  0.967861  0.991916
  1.6  0.455402  0.735155  0.846287  0.960398  0.990025
  1.76  0.363229  0.684328  0.815571  0.952183  0.987937
  1.92  0.270201  0.630482  0.782536  0.943224  0.985652
  2.08  0.177993  0.574065  0.747339  0.933534  0.983171
  2.24  0.0882416  0.515544  0.710146  0.923123  0.980496
  2.4  0.00250768  0.455402  0.671133  0.912005  0.977626
  2.56  -0.0777531  0.394132  0.630482  0.900192  0.974563
  2.72  -0.15122  0.332232  0.588385  0.887698  0.971308
  2.88  -0.216733  0.270201  0.545038  0.874539  0.967861
  3.04  -0.273314  0.208536  0.500642  0.86073  0.964224
  3.2  -0.320188  0.147724  0.455402  0.846287  0.960398
  3.36  -0.356793  0.0882416  0.409528  0.831228  0.956384
  3.52  -0.382791  0.0305469  0.363229  0.815571  0.952183
  3.68  -0.398071  -0.0249223  0.316717  0.799334  0.947796
  3.84  -0.402746  -0.0777531  0.270201  0.782536  0.943224
  4  -0.39715  -0.127561  0.223891  0.765198  0.93847
  4.16  -0.381826  -0.173993  0.177993  0.747339  0.933534
  4.32  -0.357509  -0.216733  0.132711  0.728981  0.928418
  4.48  -0.32511  -0.255498  0.0882416  0.710146  0.923123
  4.64  -0.285687  -0.29005  0.0447786  0.690856  0.917652
  4.8  -0.240425  -0.320188  0.00250768  0.671133  0.912005
  4.96  -0.190607  -0.345758  -0.0383929  0.651  0.906184
  5.12  -0.137578  -0.366648  -0.0777531  0.630482  0.900192
  5.28  -0.0827198  -0.382791  -0.115412  0.609602  0.894029
  5.44  -0.027418  -0.394166  -0.15122  0.588385  0.887698
  5.6  0.0269709  -0.400795  -0.185036  0.566855  0.881201
  5.76  0.0791482  -0.402746  -0.216733  0.545038  0.874539
  5.92  0.127901  -0.400127  -0.246193  0.522958  0.867715
  6.08  0.172131  -0.39309  -0.273314  0.500642  0.86073
  6.24  0.21087  -0.381826  -0.298005  0.478114  0.853587
  6.4  0.243311  -0.366561  -0.320188  0.455402  0.846287
  6.56  0.268811  -0.347558  -0.339801  0.432531  0.838834
  6.72  0.286912  -0.32511  -0.356793  0.409528  0.831228
  6.88  0.297343  -0.299537  -0.371131  0.386418  0.823473
  7.04  0.300026  -0.271187  -0.382791  0.363229  0.815571
  7.2  0.295071  -0.240425  -0.391769  0.339986  0.807524
  7.36  0.282769  -0.207637  -0.398071  0.316717  0.799334
  7.52  0.263585  -0.173219  -0.401718  0.293446  0.791004
  7.68  0.238143  -0.137578  -0.402746  0.270201  0.782536
  7.84  0.207204  -0.101123  -0.401202  0.247007  0.773933
  8  0.171651  -0.0642673  -0.39715  0.223891  0.765198
