  0  0.445967  -0.88761  0.889975
  0.1  0.518631  -0.876865  0.947477
  0.2  0.590599  -0.865967  1.00466
  0.3  0.660871  -0.854817  1.06122
  0.4  0.728457  -0.843319  1.11681
  0.5  0.792391  -0.831387  1.17109
  0.6  0.85174  -0.818948  1.22371
  0.7  0.905613  -0.80594  1.27431
  0.8  0.953173  -0.792317  1.32253
  0.9  0.993644  -0.778049  1.36798
  1  1.02632  -0.763126  1.41032
  1.1  1.05057  -0.747555  1.44918
  1.2  1.06586  -0.731364  1.4842
  1.3  1.07172  -0.714604  1.51504
  1.4  1.06781  -0.697343  1.54137
  1.5  1.05388  -0.679672  1.56289
  1.6  1.02976  -0.661701  1.5793
  1.7  0.99542  -0.643562  1.59034
  1.8  0.950922  -0.625403  1.59576
  1.9  0.896438  -0.60739  1.59536
  2  0.832249  -0.589705  1.58895
  2.1  0.758739  -0.572544  1.5764
  2.2  0.676397  -0.556112  1.55758
  2.3  0.58581  -0.540626  1.53243
  2.4  0.487659  -0.526307  1.50091
  2.5  0.38271  -0.513381  1.46304
  2.6  0.271814  -0.502074  1.41886
  2.7  0.155892  -0.492612  1.36847
  2.8  0.0359316  -0.485211  1.312
  2.9  -0.0870255  -0.480083  1.24962
  3  -0.21189  -0.477425  1.18155
  3.1  -0.337539  -0.477421  1.10806
  3.2  -0.462822  -0.480238  1.02945
  3.3  -0.586577  -0.486019  0.946044
  3.4  -0.707636  -0.494888  0.858226
  3.5  -0.824841  -0.506938  0.766406
  3.6  -0.937055  -0.522239  0.671023
  3.7  -1.04317  -0.540827  0.57255
  3.8  -1.14211  -0.562706  0.471485
  3.9  -1.23288  -0.587847  0.368349
  4  -1.3145  -0.616187  0.263682
  4.1  -1.38612  -0.647625  0.158042
  4.2  -1.44691  -0.682026  0.0519982
  4.3  -1.49618  -0.719217  -0.0538725
  4.4  -1.5333  -0.75899  -0.158988
  4.5  -1.55776  -0.801102  -0.262767
  4.6  -1.56916  -0.845274  -0.364632
  4.7  -1.5672  -0.891195  -0.464013
  4.8  -1.55171  -0.938525  -0.560354
  4.9  -1.52264  -0.986892  -0.653116
  5  -1.48004  -1.0359  -0.741778
  5.1  -1.42411  -1.08513  -0.825847
  5.2  -1.35514  -1.13414  -0.904857
  5.3  -1.27356  -1.18248  -0.978373
  5.4  -1.17991  -1.22968  -1.046
  5.5  -1.07482  -1.27525  -1.10737
  5.6  -0.959064  -1.31871  -1.16216
  5.7  -0.833479  -1.35959  -1.21011
  5.8  -0.69901  -1.3974  -1.25098
  5.9  -0.556683  -1.43167  -1.28459
  6  -0.4076  -1.46194  -1.3108
  6.1  -0.252924  -1.48776  -1.32953
  6.2  -0.0938764  -1.50873  -1.34074
  6.3  0.0682796  -1.52443  -1.34446
  6.4  0.232248  -1.53452  -1.34076
  6.5  0.396711  -1.53864  -1.32974
  6.6  0.560344  -1.53652  -1.31159
  6.7  0.721822  -1.52789  -1.28651
  6.8  0.879838  -1.51254  -1.25478
  6.9  1.03311  -1.49031  -1.21669
  7  1.18039  -1.46108  -1.17261
  7.1  1.3205  -1.42478  -1.12292
  7.2  1.45228  -1.3814  -1.06805
  7.3  1.57469  -1.33097  -1.00846
  7.4  1.68675  -1.27359  -0.94465
  7.5  1.78755  -1.2094  -0.877126
  7.6  1.8763  -1.13859  -0.806433
  7.7  1.95232  -1.06142  -0.73313
  7.8  2.01503  -0.978176  -0.657791
  7.9  2.06396  -0.889217  -0.580999
  8  2.09877  -0.794934  -0.503342
  8.1  2.11924  -0.695768  -0.425411
  8.2  2.12529  -0.592197  -0.347792
  8.3  2.11695  -0.48474  -0.271065
  8.4  2.09438  -0.373946  -0.195799
  8.5  2.05786  -0.260398  -0.122544
  8.6  2.00779  -0.1447  -0.0518337
  8.7  1.94472  -0.027478  0.0158239
  8.8  1.86926  0.0906262  0.0799473
  8.9  1.78217  0.208961  0.140086
  9  1.68429  0.326869  0.195822
  9.1  1.57656  0.443693  0.246777
  9.2  1.46  0.558781  0.292607
  9.3  1.33569  0.671492  0.333015
  9.4  1.20481  0.7812  0.367743
  9.5  1.06855  0.887299  0.396578
  9.6  0.928167  0.98921  0.419356
  9.7  0.784944  1.08638  0.435957
  9.8  0.640179  1.1783  0.44631
  9.9  0.495174  1.26449  0.450389
  10  0.351229  1.34451  0.448217
