  -4  0.049934
  -3.92  0.053632
  -3.84  0.0575951
  -3.76  0.0618416
  -3.68  0.0663904
  -3.6  0.0712619
  -3.52  0.0764775
  -3.44  0.0820602
  -3.36  0.0880338
  -3.28  0.0944239
  -3.2  0.101257
  -3.12  0.108562
  -3.04  0.116368
  -2.96  0.124707
  -2.88  0.133612
  -2.8  0.143116
  -2.72  0.153255
  -2.64  0.164068
  -2.56  0.175592
  -2.48  0.187869
  -2.4  0.20094
  -2.32  0.214847
  -2.24  0.229635
  -2.16  0.245348
  -2.08  0.262032
  -2  0.279732
  -1.92  0.298493
  -1.84  0.31836
  -1.76  0.339376
  -1.68  0.361581
  -1.6  0.385014
  -1.52  0.409708
  -1.44  0.43569
  -1.36  0.46298
  -1.28  0.491587
  -1.2  0.521511
  -1.12  0.552732
  -1.04  0.585213
  -0.96  0.618891
  -0.88  0.653673
  -0.8  0.689425
  -0.72  0.725967
  -0.64  0.763052
  -0.56  0.800356
  -0.48  0.837444
  -0.4  0.873742
  -0.32  0.908475
  -0.24  0.940579
  -0.16  0.968528
  -0.08  0.989937
  0  1
  0.08  0.989937
  0.16  0.968528
  0.24  0.940579
  0.32  0.908475
  0.4  0.873742
  0.48  0.837444
  0.56  0.800356
  0.64  0.763052
  0.72  0.725967
  0.8  0.689425
  0.88  0.653673
  0.96  0.618891
  1.04  0.585213
  1.12  0.552732
  1.2  0.521511
  1.28  0.491587
  1.36  0.46298
  1.44  0.43569
  1.52  0.409708
  1.6  0.385014
  1.68  0.361581
  1.76  0.339376
  1.84  0.31836
  1.92  0.298493
  2  0.279732
  2.08  0.262032
  2.16  0.245348
  2.24  0.229635
  2.32  0.214847
  2.4  0.20094
  2.48  0.187869
  2.56  0.175592
  2.64  0.164068
  2.72  0.153255
  2.8  0.143116
  2.88  0.133612
  2.96  0.124707
  3.04  0.116368
  3.12  0.108562
  3.2  0.101257
  3.28  0.0944239
  3.36  0.0880338
  3.44  0.0820602
  3.52  0.0764775
  3.6  0.0712619
  3.68  0.0663904
  3.76  0.0618416
  3.84  0.0575951
  3.92  0.053632
  4  0.049934
