  0  0  0  0  0
  0.05  0.447214  0.182574  0.141421  0.11547
  0.1  0.632456  0.258199  0.2  0.163299
  0.15  0.774597  0.316228  0.244949  0.2
  0.2  0.894427  0.365148  0.282843  0.23094
  0.25  1  0.408248  0.316228  0.258199
  0.3  0.912871  0.447214  0.34641  0.282843
  0.35  0.845154  0.483046  0.374166  0.305505
  0.4  0.790569  0.516398  0.4  0.326599
  0.45  0.745356  0.547723  0.424264  0.34641
  0.5  0.707107  0.57735  0.447214  0.365148
  0.55  0.6742  0.60553  0.469042  0.382971
  0.6  0.645497  0.632456  0.489898  0.4
  0.65  0.620174  0.658281  0.509902  0.416333
  0.7  0.597614  0.68313  0.52915  0.432049
  0.75  0.57735  0.707107  0.547723  0.447214
  0.8  0.559017  0.730297  0.565685  0.46188
  0.85  0.542326  0.752773  0.583095  0.476095
  0.9  0.527046  0.774597  0.6  0.489898
  0.95  0.512989  0.795822  0.616441  0.503322
  1  0.5  0.816497  0.632456  0.516398
  1.05  0.48795  0.83666  0.648074  0.52915
  1.1  0.476731  0.856349  0.663325  0.541603
  1.15  0.466252  0.875595  0.678233  0.553775
  1.2  0.456435  0.894427  0.69282  0.565685
  1.25  0.447214  0.912871  0.707107  0.57735
  1.3  0.438529  0.930949  0.72111  0.588784
  1.35  0.430331  0.948683  0.734847  0.6
  1.4  0.422577  0.966092  0.748331  0.61101
  1.45  0.415227  0.983192  0.761577  0.621825
  1.5  0.408248  1  0.774597  0.632456
  1.55  0.40161  0.983739  0.787401  0.64291
  1.6  0.395285  0.968246  0.8  0.653197
  1.65  0.389249  0.953463  0.812404  0.663325
  1.7  0.383482  0.939336  0.824621  0.6733
  1.75  0.377964  0.92582  0.83666  0.68313
  1.8  0.372678  0.912871  0.848528  0.69282
  1.85  0.367607  0.90045  0.860233  0.702377
  1.9  0.362738  0.888523  0.87178  0.711805
  1.95  0.358057  0.877058  0.883176  0.72111
  2  0.353553  0.866025  0.894427  0.730297
  2.05  0.349215  0.855399  0.905539  0.739369
  2.1  0.345033  0.845154  0.916515  0.748331
  2.15  0.340997  0.835269  0.927362  0.757188
  2.2  0.3371  0.825723  0.938083  0.765942
  2.25  0.333333  0.816497  0.948683  0.774597
  2.3  0.32969  0.807573  0.959166  0.783156
  2.35  0.326164  0.798935  0.969536  0.791623
  2.4  0.322749  0.790569  0.979796  0.8
  2.45  0.319438  0.782461  0.989949  0.80829
  2.5  0.316228  0.774597  1  0.816497
  2.55  0.313112  0.766965  0.990148  0.824621
  2.6  0.310087  0.759555  0.980581  0.832666
  2.65  0.307148  0.752355  0.971286  0.840635
  2.7  0.30429  0.745356  0.96225  0.848528
  2.75  0.301511  0.738549  0.953463  0.856349
  2.8  0.298807  0.731925  0.944911  0.864099
  2.85  0.296174  0.725476  0.936586  0.87178
  2.9  0.29361  0.719195  0.928477  0.879394
  2.95  0.291111  0.713074  0.920575  0.886942
  3  0.288675  0.707107  0.912871  0.894427
  3.05  0.286299  0.701287  0.905357  0.90185
  3.1  0.283981  0.695608  0.898027  0.909212
  3.15  0.281718  0.690066  0.890871  0.916515
  3.2  0.279508  0.684653  0.883883  0.92376
  3.25  0.27735  0.679366  0.877058  0.930949
  3.3  0.275241  0.6742  0.870388  0.938083
  3.35  0.273179  0.66915  0.863868  0.945163
  3.4  0.271163  0.664211  0.857493  0.95219
  3.45  0.269191  0.65938  0.851257  0.959166
  3.5  0.267261  0.654654  0.845154  0.966092
  3.55  0.265372  0.650027  0.839181  0.972968
  3.6  0.263523  0.645497  0.833333  0.979796
  3.65  0.261712  0.641061  0.827606  0.986577
  3.7  0.259938  0.636715  0.821995  0.993311
  3.75  0.258199  0.632456  0.816497  1
  3.8  0.256495  0.628281  0.811107  0.993399
  3.85  0.254824  0.624188  0.805823  0.986928
  3.9  0.253185  0.620174  0.800641  0.980581
  3.95  0.251577  0.616236  0.795557  0.974355
  4  0.25  0.612372  0.790569  0.968246
  4.05  0.248452  0.608581  0.785674  0.96225
  4.1  0.246932  0.604858  0.780869  0.956365
  4.15  0.24544  0.601204  0.776151  0.950586
  4.2  0.243975  0.597614  0.771517  0.944911
  4.25  0.242536  0.594089  0.766965  0.939336
  4.3  0.241121  0.590624  0.762493  0.933859
  4.35  0.239732  0.58722  0.758098  0.928477
  4.4  0.238366  0.583874  0.753778  0.923186
  4.45  0.237023  0.580585  0.749532  0.917985
  4.5  0.235702  0.57735  0.745356  0.912871
  4.55  0.234404  0.574169  0.741249  0.907841
  4.6  0.233126  0.57104  0.73721  0.902894
  4.65  0.231869  0.567962  0.733236  0.898027
  4.7  0.230633  0.564933  0.729325  0.893237
  4.75  0.229416  0.561951  0.725476  0.888523
  4.8  0.228218  0.559017  0.721688  0.883883
  4.85  0.227038  0.556128  0.717958  0.879316
  4.9  0.225877  0.553283  0.714286  0.874818
  4.95  0.224733  0.550482  0.710669  0.870388
  5  0.223607  0.547723  0.707107  0.866025
