  0  0.847607  0.548248  0.734865
  0.1  1.67904  -0.964263  -0.0607906
  0.2  0.852963  -0.966425  0.577284
  0.3  0.369626  -1.89809  0.141266
  0.4  0.204544  -1.87485  0.23106
  0.5  0.72539  -1.43421  0.839692
  0.6  0.880616  -1.64399  0.887194
  0.7  1.29507  -1.23093  1.13271
  0.8  1.5825  -0.740354  1.23606
  0.9  0.936632  -1.07397  1.54735
  1  0.29873  -0.818825  1.49304
  1.1  -0.3913  -0.895669  1.3248
  1.2  -0.162232  -1.00519  1.33994
  1.3  -0.144863  -0.429987  1.26193
  1.4  -0.500593  -0.338997  1.07785
  1.5  -0.309833  -0.85609  1.35813
  1.6  -0.298051  -0.558265  1.25007
  1.7  -0.35588  -0.796314  1.58914
  1.8  -0.257479  -0.577141  1.1585
  1.9  0.245845  -0.625065  1.02406
  2  0.281121  -0.458463  1.163
  2.1  0.339328  -0.427542  1.25994
  2.2  0.232653  0.0369026  1.76625
  2.3  0.653855  0.01206  1.63948
  2.4  0.659801  -0.0498356  1.62944
  2.5  0.926234  -0.254434  1.58415
  2.6  0.740099  -0.26634  1.7926
  2.7  0.487051  -0.274074  1.48633
  2.8  0.794729  -0.702718  1.57677
  2.9  0.768449  -0.865493  1.52645
  3  0.868872  -1.24249  1.53863
  3.1  0.712065  -1.53743  1.32159
  3.2  0.643547  -1.51462  1.13237
  3.3  0.542545  -1.62996  0.962784
  3.4  0.561343  -1.46657  1.11555
  3.5  0.494009  -1.28941  1.29079
  3.6  0.445807  -1.08129  1.37362
  3.7  0.461392  -1.29287  1.44103
  3.8  0.159915  -1.21414  1.45903
  3.9  0.243901  -1.59919  1.97321
  4  0.438249  -1.33737  1.97605
  4.1  0.322548  -1.5044  1.817
  4.2  0.439195  -1.37637  1.66653
  4.3  0.337458  -1.2132  1.60811
  4.4  0.446804  -1.26673  1.73758
  4.5  0.383766  -1.22868  1.74098
  4.6  0.126677  -1.19534  1.67748
  4.7  0.0332908  -1.03628  1.88208
  4.8  0.317292  -1.12291  1.91731
  4.9  0.354097  -1.22746  1.52721
  5  0.272295  -0.885401  1.48809
  5.1  0.189027  -0.872328  1.37454
  5.2  -0.130075  -0.977828  1.43471
  5.3  -0.0758834  -0.899738  1.2813
  5.4  -0.370379  -1.0202  1.04414
  5.5  -0.404255  -0.986432  1.04942
  5.6  -0.305051  -0.97138  1.21331
  5.7  -0.297181  -1.18061  1.11064
  5.8  -0.354864  -1.24885  1.0134
  5.9  -0.431948  -1.18461  1.02984
  6  -0.375775  -1.27622  0.817237
  6.1  -0.414785  -1.32466  0.862539
  6.2  -0.428598  -1.39243  0.75268
  6.3  -0.782742  -1.55927  0.734467
  6.4  -0.779062  -1.47254  0.745248
  6.5  -0.985264  -1.50751  0.8431
  6.6  -0.75023  -1.70073  1.05257
  6.7  -0.620267  -1.8271  0.962319
  6.8  -0.76764  -1.72548  0.986525
  6.9  -0.443689  -1.82696  0.994162
  7  -0.405728  -1.75451  0.792302
  7.1  -0.229528  -1.70818  0.736022
  7.2  -0.0774858  -1.83456  0.694257
  7.3  0.0465213  -1.73613  0.609291
  7.4  0.160371  -1.82222  0.526606
  7.5  0.206635  -1.73404  0.58478
  7.6  0.403466  -1.70242  0.547111
  7.7  0.442028  -1.81662  0.456104
  7.8  0.334899  -1.84971  0.371216
  7.9  0.357752  -1.71518  0.525913
  8  0.468196  -1.81229  0.546728
  8.1  0.451816  -1.84333  0.267464
  8.2  0.369953  -1.70859  0.393149
  8.3  0.453091  -1.85423  0.319561
  8.4  0.341229  -1.91187  0.389406
  8.5  0.369899  -1.79912  0.292214
  8.6  0.348129  -1.88964  0.203906
  8.7  0.46658  -1.81164  0.0617046
  8.8  0.48692  -1.73549  0.276371
  8.9  0.450485  -1.66276  0.391591
  9  0.571014  -1.66353  0.366764
  9.1  0.544449  -1.7113  0.300052
  9.2  0.500442  -1.93601  0.304477
  9.3  0.57393  -1.91399  0.232943
  9.4  0.685367  -1.81185  0.379507
  9.5  0.742172  -1.88995  0.454088
  9.6  0.724624  -1.83132  0.458886
  9.7  0.645199  -1.72843  0.483358
  9.8  0.663211  -1.73504  0.494637
  9.9  0.582594  -1.64014  0.478355
  10  0.630636  -1.47271  0.439648
