  -4  0  0  0  0  0  0.391002
  -3.92  0  0  0  0  0.0033851  0.402065
  -3.84  0  0  0  0  0.00954555  0.4132
  -3.76  0  0  0  0  0.0174829  0.424404
  -3.68  0  0  0  0  0.0268341  0.435676
  -3.6  0  0  0  0  0.0373861  0.447014
  -3.52  0  0  0  0  0.0489925  0.458416
  -3.44  0  0  0  0  0.0615444  0.469881
  -3.36  0  0  0  0  0.0749559  0.481406
  -3.28  0  0  0  0  0.0891568  0.49299
  -3.2  0  0  0  0  0.104088  0.504632
  -3.12  0  0  0  0  0.119699  0.516329
  -3.04  0  0  0  0  0.135945  0.528079
  -2.96  0  0  0  0  0.152787  0.539883
  -2.88  0  0  0  0  0.170189  0.551736
  -2.8  0  0  0  0  0.18812  0.563639
  -2.72  0  0  0  0  0.206551  0.57559
  -2.64  0  0  0  0  0.225454  0.587587
  -2.56  0  0  0  0  0.244805  0.599628
  -2.48  0  0  0  0  0.264579  0.611712
  -2.4  0  0  0  0  0.284757  0.623838
  -2.32  0  0  0  0  0.305317  0.636003
  -2.24  0  0  0  0  0.326239  0.648208
  -2.16  0  0  0  0  0.347505  0.660449
  -2.08  0  0  0  0  0.369099  0.672726
  -2  0  0  0  0  0.391002  0.685038
  -1.92  0  0  0  0.00954555  0.4132  0.697382
  -1.84  0  0  0  0.0268341  0.435676  0.709758
  -1.76  0  0  0  0.0489925  0.458416  0.722164
  -1.68  0  0  0  0.0749559  0.481406  0.734598
  -1.6  0  0  0  0.104088  0.504632  0.74706
  -1.52  0  0  0  0.135945  0.528079  0.759548
  -1.44  0  0  0.00954555  0.170189  0.551736  0.772061
  -1.36  0  0  0.0337453  0.206551  0.57559  0.784596
  -1.28  0  0  0.0659232  0.244805  0.599628  0.797154
  -1.2  0  0  0.104088  0.284757  0.623838  0.809733
  -1.12  0  0  0.147109  0.326239  0.648208  0.82233
  -1.04  0  0  0.19421  0.369099  0.672726  0.834946
  -0.96  0  0.00954555  0.244805  0.4132  0.697382  0.847579
  -0.88  0  0.0489925  0.298422  0.458416  0.722164  0.860227
  -0.8  0  0.104088  0.354668  0.504632  0.74706  0.872889
  -0.72  0  0.170189  0.4132  0.551736  0.772061  0.885563
  -0.64  0  0.244805  0.473716  0.599628  0.797154  0.89825
  -0.56  0  0.326239  0.535942  0.648208  0.82233  0.910946
  -0.48  0.00954555  0.4132  0.599628  0.697382  0.847579  0.923651
  -0.4  0.104088  0.504632  0.664538  0.74706  0.872889  0.936365
  -0.32  0.244805  0.599628  0.73045  0.797154  0.89825  0.949084
  -0.24  0.4132  0.697382  0.797154  0.847579  0.923651  0.961809
  -0.16  0.599628  0.797154  0.864446  0.89825  0.949084  0.974537
  -0.08  0.797154  0.89825  0.932126  0.949084  0.974537  0.987268
  0  1  1  1  1  1  1
  0.08  0.797154  0.89825  0.932126  0.949084  0.974537  0.987268
  0.16  0.599628  0.797154  0.864446  0.89825  0.949084  0.974537
  0.24  0.4132  0.697382  0.797154  0.847579  0.923651  0.961809
  0.32  0.244805  0.599628  0.73045  0.797154  0.89825  0.949084
  0.4  0.104088  0.504632  0.664538  0.74706  0.872889  0.936365
  0.48  0.00954555  0.4132  0.599628  0.697382  0.847579  0.923651
  0.56  0  0.326239  0.535942  0.648208  0.82233  0.910946
  0.64  0  0.244805  0.473716  0.599628  0.797154  0.89825
  0.72  0  0.170189  0.4132  0.551736  0.772061  0.885563
  0.8  0  0.104088  0.354668  0.504632  0.74706  0.872889
  0.88  0  0.0489925  0.298422  0.458416  0.722164  0.860227
  0.96  0  0.00954555  0.244805  0.4132  0.697382  0.847579
  1.04  0  0  0.19421  0.369099  0.672726  0.834946
  1.12  0  0  0.147109  0.326239  0.648208  0.82233
  1.2  0  0  0.104088  0.284757  0.623838  0.809733
  1.28  0  0  0.0659232  0.244805  0.599628  0.797154
  1.36  0  0  0.0337453  0.206551  0.57559  0.784596
  1.44  0  0  0.00954555  0.170189  0.551736  0.772061
  1.52  0  0  0  0.135945  0.528079  0.759548
  1.6  0  0  0  0.104088  0.504632  0.74706
  1.68  0  0  0  0.0749559  0.481406  0.734598
  1.76  0  0  0  0.0489925  0.458416  0.722164
  1.84  0  0  0  0.0268341  0.435676  0.709758
  1.92  0  0  0  0.00954555  0.4132  0.697382
  2  0  0  0  0  0.391002  0.685038
  2.08  0  0  0  0  0.369099  0.672726
  2.16  0  0  0  0  0.347505  0.660449
  2.24  0  0  0  0  0.326239  0.648208
  2.32  0  0  0  0  0.305317  0.636003
  2.4  0  0  0  0  0.284757  0.623838
  2.48  0  0  0  0  0.264579  0.611712
  2.56  0  0  0  0  0.244805  0.599628
  2.64  0  0  0  0  0.225454  0.587587
  2.72  0  0  0  0  0.206551  0.57559
  2.8  0  0  0  0  0.18812  0.563639
  2.88  0  0  0  0  0.170189  0.551736
  2.96  0  0  0  0  0.152787  0.539883
  3.04  0  0  0  0  0.135945  0.528079
  3.12  0  0  0  0  0.119699  0.516329
  3.2  0  0  0  0  0.104088  0.504632
  3.28  0  0  0  0  0.0891568  0.49299
  3.36  0  0  0  0  0.0749559  0.481406
  3.44  0  0  0  0  0.0615444  0.469881
  3.52  0  0  0  0  0.0489925  0.458416
  3.6  0  0  0  0  0.0373861  0.447014
  3.68  0  0  0  0  0.0268341  0.435676
  3.76  0  0  0  0  0.0174829  0.424404
  3.84  0  0  0  0  0.00954555  0.4132
  3.92  0  0  0  0  0.0033851  0.402065
  4  0  0  0  0  0  0.391002
