  -2  0
  -1.96  0
  -1.92  0
  -1.88  0
  -1.84  0
  -1.8  0
  -1.76  0
  -1.72  0
  -1.68  0
  -1.64  0
  -1.6  0
  -1.56  0
  -1.52  0
  -1.48  0
  -1.44  0
  -1.4  0
  -1.36  0
  -1.32  0
  -1.28  0
  -1.24  0
  -1.2  0
  -1.16  0
  -1.12  0
  -1.08  0
  -1.04  0
  -1  0
  -0.96  0.00954555
  -0.92  0.0268341
  -0.88  0.0489925
  -0.84  0.0749559
  -0.8  0.104088
  -0.76  0.135945
  -0.72  0.170189
  -0.68  0.206551
  -0.64  0.244805
  -0.6  0.284757
  -0.56  0.326239
  -0.52  0.369099
  -0.48  0.4132
  -0.44  0.458416
  -0.4  0.504632
  -0.36  0.551736
  -0.32  0.599628
  -0.28  0.648208
  -0.24  0.697382
  -0.2  0.74706
  -0.16  0.797154
  -0.12  0.847579
  -0.08  0.89825
  -0.04  0.949084
  0  1
  0.04  0.949084
  0.08  0.89825
  0.12  0.847579
  0.16  0.797154
  0.2  0.74706
  0.24  0.697382
  0.28  0.648208
  0.32  0.599628
  0.36  0.551736
  0.4  0.504632
  0.44  0.458416
  0.48  0.4132
  0.52  0.369099
  0.56  0.326239
  0.6  0.284757
  0.64  0.244805
  0.68  0.206551
  0.72  0.170189
  0.76  0.135945
  0.8  0.104088
  0.84  0.0749559
  0.88  0.0489925
  0.92  0.0268341
  0.96  0.00954555
  1  0
  1.04  0
  1.08  0
  1.12  0
  1.16  0
  1.2  0
  1.24  0
  1.28  0
  1.32  0
  1.36  0
  1.4  0
  1.44  0
  1.48  0
  1.52  0
  1.56  0
  1.6  0
  1.64  0
  1.68  0
  1.72  0
  1.76  0
  1.8  0
  1.84  0
  1.88  0
  1.92  0
  1.96  0
  2  0
