  0  1.67904  -0.964263  -0.0607906
  0.1  1.23494  -1.03807  0.374936
  0.2  0.764759  -1.83787  0.0731148
  0.3  0.484281  -1.85715  0.174716
  0.4  0.922307  -1.37016  0.848172
  0.5  0.993467  -1.56659  0.91953
  0.6  1.41013  -0.962684  1.23066
  0.7  1.68239  -0.207242  1.3461
  0.8  0.618862  -0.61714  1.7485
  0.9  -0.435816  -0.137942  1.58144
  1  -1.52753  -0.189282  1.20457
  1.1  -1.00282  -0.285199  1.1279
  1.2  -0.895563  0.808996  0.935516
  1.3  -1.53005  0.871962  0.465716
  1.4  -1.18242  -0.217965  0.843937
  1.5  -1.12532  0.319431  0.536744
  1.6  -1.17839  -0.310142  1.11325
  1.7  -0.773075  0.0794289  0.129328
  1.8  0.615264  -0.0151515  -0.177767
  1.9  0.888163  0.272602  0.192797
  2  1.0835  0.302443  0.452171
  2.1  0.73004  1.2506  1.58959
  2.2  1.68139  0.973852  1.23439
  2.3  1.60772  0.806823  1.1451
  2.4  2.04848  0.333427  0.914424
  2.5  1.39745  0.20213  1.37987
  2.6  0.590381  0.155375  0.521709
  2.7  1.16624  -1.05036  0.845332
  2.8  0.826599  -1.45771  0.631458
  2.9  0.982481  -2.45163  0.514978
  3  0.440257  -3.15679  -0.217265
  3.1  0.148084  -2.96504  -0.816936
  3.2  -0.290424  -2.98201  -1.1452
  3.3  -0.243882  -2.17879  -0.59171
  3.4  -0.437566  -1.3662  -0.019902
  3.5  -0.435864  -0.5456  0.259175
  3.6  -0.330577  -0.923417  0.577499
  3.7  -1.28068  -0.336002  0.625938
  3.8  -0.892762  -1.26782  2.20933
  3.9  -0.189614  -0.173655  2.1495
  4  -0.414266  -0.60615  1.64693
  4.1  0.063482  -0.208218  1.13602
  4.2  -0.192552  0.257404  0.843096
  4.3  0.214572  -0.0845102  1.04162
  4.4  0.063002  -0.0667777  0.840664
  4.5  -0.722517  0.0228217  0.480054
  4.6  -0.903747  0.629545  1.02909
  4.7  0.191365  0.317679  0.937021
  4.8  0.212881  0.00368384  -0.598958
  4.9  -0.129908  1.0372  -0.572327
  5  -0.361744  0.970195  -0.770883
  5.1  -1.44011  0.387732  -0.411961
  5.2  -1.07788  0.532411  -0.907612
  5.3  -2.0092  0.0318742  -1.69555
  5.4  -1.84468  0.0725722  -1.49333
  5.5  -1.21784  0.0311753  -0.745853
  5.6  -1.11641  -0.810364  -1.04175
  5.7  -1.31822  -0.989257  -1.11894
  5.8  -1.40015  -0.753793  -0.692499
  5.9  -0.911615  -1.19794  -1.31275
  6  -0.787058  -1.25314  -0.916562
  6.1  -0.57159  -1.36003  -1.16143
  6.2  -1.78658  -1.872  -0.948965
  6.3  -1.47171  -1.31229  -0.697289
  6.4  -2.15936  -1.31713  -0.26506
  6.5  -1.09439  -1.87312  0.584987
  6.6  -0.453478  -2.07268  0.320985
  6.7  -0.920966  -1.45853  0.502657
  6.8  0.511728  -1.7167  0.584748
  6.9  0.65855  -1.18363  -0.150326
  7  1.42092  -0.814691  -0.348392
  7.1  2.06724  -1.1589  -0.443676
  7.2  2.57959  -0.57249  -0.783651
  7.3  2.81629  -0.874338  -1.12552
  7.4  2.715  -0.329503  -0.888888
  7.5  3.06179  -0.0428318  -1.01604
  7.6  2.81893  -0.501443  -1.21188
  7.7  1.9866  -0.651411  -1.39829
  7.8  1.60508  -0.0189131  -0.485089
  7.9  1.74944  -0.502726  -0.167434
  8  1.28012  -0.603088  -1.25845
  8.1  0.607556  0.0512575  -0.505954
  8.2  0.747107  -0.649392  -0.68567
  8.3  0.0508229  -0.847496  -0.261499
  8.4  0.0561939  -0.341102  -0.650989
  8.5  -0.16564  -0.707272  -0.903412
  8.6  0.391486  -0.251566  -1.37633
  8.7  0.489465  0.0713669  -0.273778
  8.8  0.236212  0.335889  0.229363
  8.9  0.725328  0.346698  0.20852
  9  0.586331  0.0680396  0.0348182
  9.1  0.368638  -1.01099  0.0226028
  9.2  0.663186  -0.75345  -0.253575
  9.3  1.16481  -0.260004  0.474789
  9.4  1.28449  -0.693297  0.881535
  9.5  1.03789  -0.381709  0.88608
  9.6  0.479604  0.0250049  0.891802
  9.7  0.499549  -0.0855785  0.686828
  9.8  0.035185  0.353498  0.50176
  9.9  0.184405  1.17767  0.314949
  10  0.417322  1.56243  0.0861916
