  0  0.847607  0.548248  0.734865
  0.1  0.847607  0.548248  0.734865
  0.2  0.847607  0.548248  0.734865
  0.3  0.847607  0.548248  0.734865
  0.4  0.847607  0.548248  0.734865
  0.5  0.847607  0.548248  0.734865
  0.6  0.847607  0.548248  0.734865
  0.7  0.847607  0.548248  0.734865
  0.8  0.847607  0.548248  0.734865
  0.9  0.847607  0.548248  0.734865
  1  0.847607  0.548248  0.734865
  1.1  0.847607  0.548248  0.734865
  1.2  0.847607  0.548248  0.734865
  1.3  0.847607  0.548248  0.734865
  1.4  0.847607  0.548248  0.734865
  1.5  0.847607  0.548248  0.734865
  1.6  0.847607  0.548248  0.734865
  1.7  0.847607  0.548248  0.734865
  1.8  0.847607  0.548248  0.734865
  1.9  0.847607  0.548248  0.734865
  2  0.847607  0.548248  0.734865
  2.1  0.847607  0.548248  0.734865
  2.2  0.847607  0.548248  0.734865
  2.3  0.847607  0.548248  0.734865
  2.4  0.847607  0.548248  0.734865
  2.5  0.847607  0.548248  0.734865
  2.6  0.847607  0.548248  0.734865
  2.7  0.847607  0.548248  0.734865
  2.8  0.847607  0.548248  0.734865
  2.9  0.847607  0.548248  0.734865
  3  0.847607  0.548248  0.734865
  3.1  0.847607  0.548248  0.734865
  3.2  0.847607  0.548248  0.734865
  3.3  0.847607  0.548248  0.734865
  3.4  0.847607  0.548248  0.734865
  3.5  0.847607  0.548248  0.734865
  3.6  0.847607  0.548248  0.734865
  3.7  0.847607  0.548248  0.734865
  3.8  0.847607  0.548248  0.734865
  3.9  0.847607  0.548248  0.734865
  4  0.847607  0.548248  0.734865
  4.1  0.847607  0.548248  0.734865
  4.2  0.847607  0.548248  0.734865
  4.3  0.847607  0.548248  0.734865
  4.4  0.847607  0.548248  0.734865
  4.5  0.847607  0.548248  0.734865
  4.6  0.847607  0.548248  0.734865
  4.7  0.847607  0.548248  0.734865
  4.8  0.847607  0.548248  0.734865
  4.9  0.847607  0.548248  0.734865
  5  0.847607  0.548248  0.734865
  5.1  0.847607  0.548248  0.734865
  5.2  0.847607  0.548248  0.734865
  5.3  0.847607  0.548248  0.734865
  5.4  0.847607  0.548248  0.734865
  5.5  0.847607  0.548248  0.734865
  5.6  0.847607  0.548248  0.734865
  5.7  0.847607  0.548248  0.734865
  5.8  0.847607  0.548248  0.734865
  5.9  0.847607  0.548248  0.734865
  6  0.847607  0.548248  0.734865
  6.1  0.847607  0.548248  0.734865
  6.2  0.847607  0.548248  0.734865
  6.3  0.847607  0.548248  0.734865
  6.4  0.847607  0.548248  0.734865
  6.5  0.847607  0.548248  0.734865
  6.6  0.847607  0.548248  0.734865
  6.7  0.847607  0.548248  0.734865
  6.8  0.847607  0.548248  0.734865
  6.9  0.847607  0.548248  0.734865
  7  0.847607  0.548248  0.734865
  7.1  0.847607  0.548248  0.734865
  7.2  0.847607  0.548248  0.734865
  7.3  0.847607  0.548248  0.734865
  7.4  0.847607  0.548248  0.734865
  7.5  0.847607  0.548248  0.734865
  7.6  0.847607  0.548248  0.734865
  7.7  0.847607  0.548248  0.734865
  7.8  0.847607  0.548248  0.734865
  7.9  0.847607  0.548248  0.734865
  8  0.847607  0.548248  0.734865
  8.1  0.847607  0.548248  0.734865
  8.2  0.847607  0.548248  0.734865
  8.3  0.847607  0.548248  0.734865
  8.4  0.847607  0.548248  0.734865
  8.5  0.847607  0.548248  0.734865
  8.6  0.847607  0.548248  0.734865
  8.7  0.847607  0.548248  0.734865
  8.8  0.847607  0.548248  0.734865
  8.9  0.847607  0.548248  0.734865
  9  0.847607  0.548248  0.734865
  9.1  0.847607  0.548248  0.734865
  9.2  0.847607  0.548248  0.734865
  9.3  0.847607  0.548248  0.734865
  9.4  0.847607  0.548248  0.734865
  9.5  0.847607  0.548248  0.734865
  9.6  0.847607  0.548248  0.734865
  9.7  0.847607  0.548248  0.734865
  9.8  0.847607  0.548248  0.734865
  9.9  0.847607  0.548248  0.734865
  10  0.847607  0.548248  0.734865
