  -2  1
  -1.96  1
  -1.92  1
  -1.88  1
  -1.84  1
  -1.8  1
  -1.76  1
  -1.72  1
  -1.68  1
  -1.64  1
  -1.6  1
  -1.56  1
  -1.52  1
  -1.48  1
  -1.44  1
  -1.4  1
  -1.36  1
  -1.32  1
  -1.28  1
  -1.24  1
  -1.2  1
  -1.16  1
  -1.12  1
  -1.08  1
  -1.04  1
  -1  1
  -0.96  1
  -0.92  1
  -0.88  1
  -0.84  1
  -0.8  1
  -0.76  1
  -0.72  1
  -0.68  1
  -0.64  1
  -0.6  1
  -0.56  1
  -0.52  1
  -0.48  1
  -0.44  1
  -0.4  1
  -0.36  1
  -0.32  1
  -0.28  1
  -0.24  1
  -0.2  1
  -0.16  1
  -0.12  1
  -0.08  1
  -0.04  1
  0  1
  0.04  1
  0.08  1
  0.12  1
  0.16  1
  0.2  1
  0.24  1
  0.28  1
  0.32  1
  0.36  1
  0.4  1
  0.44  1
  0.48  1
  0.52  1
  0.56  1
  0.6  1
  0.64  1
  0.68  1
  0.72  1
  0.76  1
  0.8  1
  0.84  1
  0.88  1
  0.92  1
  0.96  1
  1  1
  1.04  1
  1.08  1
  1.12  1
  1.16  1
  1.2  1
  1.24  1
  1.28  1
  1.32  1
  1.36  1
  1.4  1
  1.44  1
  1.48  1
  1.52  1
  1.56  1
  1.6  1
  1.64  1
  1.68  1
  1.72  1
  1.76  1
  1.8  1
  1.84  1
  1.88  1
  1.92  1
  1.96  1
  2  1
