  0  1.67904  -0.964263  -0.0607906
  0.1  1.41318  -1.0439  0.245298
  0.2  0.9299  -1.40903  0.332261
  0.3  0.415161  -1.71288  0.358608
  0.4  0.26998  -1.65369  0.631154
  0.5  0.351195  -1.57957  0.875889
  0.6  0.708773  -1.24427  1.1262
  0.7  1.21645  -0.591298  1.32165
  0.8  1.17904  -0.248541  1.58435
  0.9  0.549923  0.0775101  1.68408
  1  -0.540774  0.223969  1.51141
  1.1  -1.25159  0.110502  1.24408
  1.2  -1.5915  0.333959  0.898377
  1.3  -1.90822  0.605134  0.468998
  1.4  -1.78274  0.312504  0.380069
  1.5  -1.38087  0.195636  0.31576
  1.6  -0.933826  -0.0309558  0.583363
  1.7  -0.463621  -0.0694289  0.491363
  1.8  0.302412  -0.120048  0.219404
  1.9  0.867052  -0.0158214  0.129708
  2  1.19974  0.110795  0.200707
  2.1  1.22661  0.675893  0.777377
  2.2  1.4796  1.13347  1.13426
  2.3  1.59338  1.22562  1.28311
  2.4  1.789  0.891495  1.27173
  2.5  1.61117  0.474991  1.39036
  2.6  1.0069  0.092792  1.06693
  2.7  0.805534  -0.668861  0.713432
  2.8  0.694412  -1.44214  0.390472
  2.9  0.666823  -2.29113  0.194445
  3  0.442813  -3.05317  -0.105787
  3.1  0.167422  -3.28787  -0.510028
  3.2  -0.112315  -3.24883  -0.971261
  3.3  -0.261521  -2.74197  -1.02543
  3.4  -0.400198  -1.84309  -0.638683
  3.5  -0.564237  -0.706357  -0.10389
  3.6  -0.58995  -0.0930644  0.421822
  3.7  -0.869843  0.276742  0.843079
  3.8  -0.936419  -0.0836278  1.75511
  3.9  -0.591512  -0.249791  2.38272
  4  -0.389055  -0.565927  2.32196
  4.1  -0.0936812  -0.665645  1.74666
  4.2  0.0314402  -0.410439  1.03917
  4.3  0.237839  -0.170814  0.646939
  4.4  0.300616  0.083195  0.408535
  4.5  -0.0865714  0.292442  0.164238
  4.6  -0.61485  0.589085  0.318594
  4.7  -0.568575  0.592356  0.648413
  4.8  -0.274987  0.287859  0.370083
  4.9  -0.117294  0.489029  -0.0571411
  5  -0.130573  0.701009  -0.556121
  5.1  -0.617646  0.633118  -0.805866
  5.2  -0.931208  0.589755  -1.06584
  5.3  -1.49054  0.318332  -1.49948
  5.4  -1.94942  0.0844095  -1.68139
  5.5  -1.96184  -0.0552474  -1.30188
  5.6  -1.66163  -0.48864  -0.924982
  5.7  -1.2883  -0.972616  -0.775075
  5.8  -1.02106  -1.11265  -0.635206
  5.9  -0.689979  -1.17403  -0.800672
  6  -0.490092  -1.23072  -0.836557
  6.1  -0.400116  -1.29044  -0.93937
  6.2  -0.940992  -1.51664  -1.03175
  6.3  -1.42471  -1.46649  -0.986134
  6.4  -1.95612  -1.31283  -0.627619
  6.5  -1.80135  -1.4593  0.127831
  6.6  -1.18366  -1.76807  0.577171
  6.7  -0.832775  -1.69854  0.831988
  6.8  0.00746767  -1.62293  0.926676
  6.9  0.81637  -1.36133  0.516386
  7  1.59439  -0.961615  -0.0334742
  7.1  2.23013  -0.835065  -0.536956
  7.2  2.62909  -0.574193  -0.993906
  7.3  2.82809  -0.463958  -1.34993
  7.4  2.78142  -0.294158  -1.30733
  7.5  2.86161  -0.134833  -1.12226
  7.6  2.75846  -0.245704  -1.03704
  7.7  2.22154  -0.439142  -1.04384
  7.8  1.65079  -0.325657  -0.708996
  7.9  1.3256  -0.34157  -0.321084
  8  1.03303  -0.462879  -0.541994
  8.1  0.607656  -0.294157  -0.551406
  8.2  0.414672  -0.376502  -0.595619
  8.3  0.109692  -0.599574  -0.465178
  8.4  -0.0593838  -0.5137  -0.469457
  8.5  -0.150857  -0.562206  -0.658512
  8.6  0.0172126  -0.482069  -1.05714
  8.7  0.229558  -0.196448  -0.851432
  8.8  0.327623  0.190848  -0.247041
  8.9  0.609654  0.435082  0.177592
  9  0.742045  0.449797  0.291834
  9.1  0.649556  -0.0995325  0.338817
  9.2  0.632248  -0.620872  0.194968
  9.3  0.798038  -0.73612  0.312405
  9.4  1.00843  -0.870037  0.536939
  9.5  1.06786  -0.810931  0.644001
  9.6  0.857104  -0.41617  0.731171
  9.7  0.619847  -0.0301287  0.828191
  9.8  0.244362  0.432759  0.803201
  9.9  0.0263881  1.06431  0.585469
  10  -0.00305214  1.56019  0.224478
