  -2  0
  -1.96  0
  -1.92  0
  -1.88  0
  -1.84  0
  -1.8  0
  -1.76  0
  -1.72  0
  -1.68  0
  -1.64  0
  -1.6  0
  -1.56  0
  -1.52  0
  -1.48  0
  -1.44  0
  -1.4  0
  -1.36  0
  -1.32  0
  -1.28  0
  -1.24  0
  -1.2  0
  -1.16  0
  -1.12  0
  -1.08  0
  -1.04  0
  -1  0
  -0.96  2.1167e-05
  -0.92  0.00031962
  -0.88  0.00152499
  -0.84  0.00453596
  -0.8  0.0104064
  -0.76  0.0202451
  -0.72  0.0351284
  -0.68  0.0560257
  -0.64  0.0837357
  -0.6  0.118835
  -0.56  0.161637
  -0.52  0.212159
  -0.48  0.270102
  -0.44  0.334834
  -0.4  0.405389
  -0.36  0.480465
  -0.32  0.558434
  -0.28  0.637358
  -0.24  0.715007
  -0.2  0.78889
  -0.16  0.856275
  -0.12  0.914233
  -0.08  0.959669
  -0.04  0.98936
  0  1
  0.04  0.98936
  0.08  0.959669
  0.12  0.914233
  0.16  0.856275
  0.2  0.78889
  0.24  0.715007
  0.28  0.637358
  0.32  0.558434
  0.36  0.480465
  0.4  0.405389
  0.44  0.334834
  0.48  0.270102
  0.52  0.212159
  0.56  0.161637
  0.6  0.118835
  0.64  0.0837357
  0.68  0.0560257
  0.72  0.0351284
  0.76  0.0202451
  0.8  0.0104064
  0.84  0.00453596
  0.88  0.00152499
  0.92  0.00031962
  0.96  2.1167e-05
  1  0
  1.04  0
  1.08  0
  1.12  0
  1.16  0
  1.2  0
  1.24  0
  1.28  0
  1.32  0
  1.36  0
  1.4  0
  1.44  0
  1.48  0
  1.52  0
  1.56  0
  1.6  0
  1.64  0
  1.68  0
  1.72  0
  1.76  0
  1.8  0
  1.84  0
  1.88  0
  1.92  0
  1.96  0
  2  0
