  -8  0  0  0  0  0  0
  -7.84  0  0  0  0  0  1.36114e-06
  -7.68  0  0  0  0  0  2.1167e-05
  -7.52  0  0  0  0  0  0.000104117
  -7.36  0  0  0  0  0  0.00031962
  -7.2  0  0  0  0  0  0.000757675
  -7.04  0  0  0  0  0  0.00152499
  -6.88  0  0  0  0  0  0.00274131
  -6.72  0  0  0  0  0  0.00453596
  -6.56  0  0  0  0  0  0.00704465
  -6.4  0  0  0  0  0  0.0104064
  -6.24  0  0  0  0  0  0.0147607
  -6.08  0  0  0  0  0  0.0202451
  -5.92  0  0  0  0  0  0.0269923
  -5.76  0  0  0  0  0  0.0351284
  -5.6  0  0  0  0  0  0.0447707
  -5.44  0  0  0  0  0  0.0560257
  -5.28  0  0  0  0  0  0.0689873
  -5.12  0  0  0  0  0  0.0837357
  -4.96  0  0  0  0  0  0.100336
  -4.8  0  0  0  0  0  0.118835
  -4.64  0  0  0  0  0  0.139265
  -4.48  0  0  0  0  0  0.161637
  -4.32  0  0  0  0  0  0.185944
  -4.16  0  0  0  0  0  0.212159
  -4  0  0  0  0  0  0.240234
  -3.84  0  0  0  0  2.1167e-05  0.270102
  -3.68  0  0  0  0  0.00031962  0.301672
  -3.52  0  0  0  0  0.00152499  0.334834
  -3.36  0  0  0  0  0.00453596  0.369457
  -3.2  0  0  0  0  0.0104064  0.405389
  -3.04  0  0  0  0  0.0202451  0.442456
  -2.88  0  0  0  0  0.0351284  0.480465
  -2.72  0  0  0  0  0.0560257  0.519202
  -2.56  0  0  0  0  0.0837357  0.558434
  -2.4  0  0  0  0  0.118835  0.597909
  -2.24  0  0  0  0  0.161637  0.637358
  -2.08  0  0  0  0  0.212159  0.676492
  -1.92  0  0  0  2.1167e-05  0.270102  0.715007
  -1.76  0  0  0  0.00152499  0.334834  0.752585
  -1.6  0  0  0  0.0104064  0.405389  0.78889
  -1.44  0  0  2.1167e-05  0.0351284  0.480465  0.823573
  -1.28  0  0  0.00326866  0.0837357  0.558434  0.856275
  -1.12  0  0  0.024595  0.161637  0.637358  0.886623
  -0.96  0  2.1167e-05  0.0837357  0.270102  0.715007  0.914233
  -0.8  0  0.0104064  0.194472  0.405389  0.78889  0.938715
  -0.64  0  0.0837357  0.357763  0.558434  0.856275  0.959669
  -0.48  2.1167e-05  0.270102  0.558434  0.715007  0.914233  0.976687
  -0.32  0.0837357  0.558434  0.764845  0.856275  0.959669  0.98936
  -0.16  0.558434  0.856275  0.930927  0.959669  0.98936  0.99727
  0  1  1  1  1  1  1
  0.16  0.558434  0.856275  0.930927  0.959669  0.98936  0.99727
  0.32  0.0837357  0.558434  0.764845  0.856275  0.959669  0.98936
  0.48  2.1167e-05  0.270102  0.558434  0.715007  0.914233  0.976687
  0.64  0  0.0837357  0.357763  0.558434  0.856275  0.959669
  0.8  0  0.0104064  0.194472  0.405389  0.78889  0.938715
  0.96  0  2.1167e-05  0.0837357  0.270102  0.715007  0.914233
  1.12  0  0  0.024595  0.161637  0.637358  0.886623
  1.28  0  0  0.00326866  0.0837357  0.558434  0.856275
  1.44  0  0  2.1167e-05  0.0351284  0.480465  0.823573
  1.6  0  0  0  0.0104064  0.405389  0.78889
  1.76  0  0  0  0.00152499  0.334834  0.752585
  1.92  0  0  0  2.1167e-05  0.270102  0.715007
  2.08  0  0  0  0  0.212159  0.676492
  2.24  0  0  0  0  0.161637  0.637358
  2.4  0  0  0  0  0.118835  0.597909
  2.56  0  0  0  0  0.0837357  0.558434
  2.72  0  0  0  0  0.0560257  0.519202
  2.88  0  0  0  0  0.0351284  0.480465
  3.04  0  0  0  0  0.0202451  0.442456
  3.2  0  0  0  0  0.0104064  0.405389
  3.36  0  0  0  0  0.00453596  0.369457
  3.52  0  0  0  0  0.00152499  0.334834
  3.68  0  0  0  0  0.00031962  0.301672
  3.84  0  0  0  0  2.1167e-05  0.270102
  4  0  0  0  0  0  0.240234
  4.16  0  0  0  0  0  0.212159
  4.32  0  0  0  0  0  0.185944
  4.48  0  0  0  0  0  0.161637
  4.64  0  0  0  0  0  0.139265
  4.8  0  0  0  0  0  0.118835
  4.96  0  0  0  0  0  0.100336
  5.12  0  0  0  0  0  0.0837357
  5.28  0  0  0  0  0  0.0689873
  5.44  0  0  0  0  0  0.0560257
  5.6  0  0  0  0  0  0.0447707
  5.76  0  0  0  0  0  0.0351284
  5.92  0  0  0  0  0  0.0269923
  6.08  0  0  0  0  0  0.0202451
  6.24  0  0  0  0  0  0.0147607
  6.4  0  0  0  0  0  0.0104064
  6.56  0  0  0  0  0  0.00704465
  6.72  0  0  0  0  0  0.00453596
  6.88  0  0  0  0  0  0.00274131
  7.04  0  0  0  0  0  0.00152499
  7.2  0  0  0  0  0  0.000757675
  7.36  0  0  0  0  0  0.00031962
  7.52  0  0  0  0  0  0.000104117
  7.68  0  0  0  0  0  2.1167e-05
  7.84  0  0  0  0  0  1.36114e-06
  8  0  0  0  0  0  0
