  -6  0.00238002
  -5.88  0.00257069
  -5.76  0.00272959
  -5.64  0.00284297
  -5.52  0.00289478
  -5.4  0.00286664
  -5.28  0.00273779
  -5.16  0.00248508
  -5.04  0.00208314
  -4.92  0.00150452
  -4.8  0.000720095
  -4.68  -0.000300485
  -4.56  -0.00158814
  -4.44  -0.0031735
  -4.32  -0.00508583
  -4.2  -0.00735174
  -4.08  -0.00999355
  -3.96  -0.0130274
  -3.84  -0.0164612
  -3.72  -0.0202919
  -3.6  -0.0245028
  -3.48  -0.0290602
  -3.36  -0.0339101
  -3.24  -0.0389744
  -3.12  -0.0441469
  -3  -0.0492888
  -2.88  -0.054225
  -2.76  -0.0587394
  -2.64  -0.0625708
  -2.52  -0.0654098
  -2.4  -0.0668948
  -2.28  -0.0666105
  -2.16  -0.0640861
  -2.04  -0.0587959
  -1.92  -0.0501615
  -1.8  -0.0375563
  -1.68  -0.0203123
  -1.56  0.00226865
  -1.44  0.030901
  -1.32  0.0662964
  -1.2  0.10914
  -1.08  0.160061
  -0.96  0.219597
  -0.84  0.288151
  -0.72  0.365943
  -0.6  0.452954
  -0.48  0.548858
  -0.36  0.652953
  -0.24  0.764082
  -0.12  0.880542
  0  1
  0.12  0.880542
  0.24  0.764082
  0.36  0.652953
  0.48  0.548858
  0.6  0.452954
  0.72  0.365943
  0.84  0.288151
  0.96  0.219597
  1.08  0.160061
  1.2  0.10914
  1.32  0.0662964
  1.44  0.030901
  1.56  0.00226865
  1.68  -0.0203123
  1.8  -0.0375563
  1.92  -0.0501615
  2.04  -0.0587959
  2.16  -0.0640861
  2.28  -0.0666105
  2.4  -0.0668948
  2.52  -0.0654098
  2.64  -0.0625708
  2.76  -0.0587394
  2.88  -0.054225
  3  -0.0492888
  3.12  -0.0441469
  3.24  -0.0389744
  3.36  -0.0339101
  3.48  -0.0290602
  3.6  -0.0245028
  3.72  -0.0202919
  3.84  -0.0164612
  3.96  -0.0130274
  4.08  -0.00999355
  4.2  -0.00735174
  4.32  -0.00508583
  4.44  -0.0031735
  4.56  -0.00158814
  4.68  -0.000300485
  4.8  0.000720095
  4.92  0.00150452
  5.04  0.00208314
  5.16  0.00248508
  5.28  0.00273779
  5.4  0.00286664
  5.52  0.00289478
  5.64  0.00284297
  5.76  0.00272959
  5.88  0.00257069
  6  0.00238002
