  0  0.847607  0.548248  0.734865
  0.1  1.49389  0.0739164  0.635153
  0.2  1.16083  -0.129208  0.946247
  0.3  0.798598  -0.976787  0.606169
  0.4  0.599799  -1.13232  0.625928
  0.5  1.03961  -0.829907  1.16359
  0.6  1.15714  -1.12718  1.1789
  0.7  1.58204  -0.707632  1.41638
  0.8  1.8792  -0.136586  1.49197
  0.9  0.970947  -0.593218  1.83617
  1  0.0275216  -0.257633  1.68804
  1.1  -1.0162  -0.381578  1.36429
  1.2  -0.689436  -0.554525  1.30527
  1.3  -0.6691  0.344145  1.10029
  1.4  -1.24105  0.469014  0.722866
  1.5  -0.886663  -0.431131  1.12746
  1.6  -0.830397  0.0795804  0.863911
  1.7  -0.891537  -0.366561  1.40322
  1.8  -0.659328  0.0320017  0.525409
  1.9  0.340014  -0.0760728  0.217603
  2  0.418116  0.233085  0.45126
  2.1  0.533775  0.267708  0.605214
  2.2  0.305635  1.18159  1.59352
  2.3  1.17444  1.05594  1.24603
  2.4  1.13691  0.84639  1.14973
  2.5  1.65583  0.327372  0.978109
  2.6  1.15248  0.246164  1.37211
  2.7  0.503203  0.178906  0.596206
  2.8  1.15644  -0.849419  0.752559
  2.9  1.01103  -1.22114  0.580028
  3  1.16813  -2.07868  0.564548
  3.1  0.697496  -2.69688  5.21777e-05
  3.2  0.457961  -2.4973  -0.472841
  3.3  0.148437  -2.63063  -0.872305
  3.4  0.157314  -2.04074  -0.431964
  3.5  -0.0491757  -1.42609  0.0605485
  3.6  -0.192842  -0.749951  0.299265
  3.7  -0.156622  -1.20894  0.488579
  3.8  -0.963236  -0.880092  0.536767
  3.9  -0.687927  -1.82304  1.92384
  4  -0.110902  -0.957348  1.8478
  4.1  -0.412697  -1.31593  1.31196
  4.2  -0.0477901  -0.834461  0.812671
  4.3  -0.316779  -0.275292  0.592399
  4.4  0.0327405  -0.369333  0.922689
  4.5  -0.133146  -0.201876  0.873667
  4.6  -0.863775  -0.062873  0.629349
  4.7  -1.07439  0.43607  1.193
  4.8  -0.135666  0.166406  1.22376
  4.9  0.0155164  -0.155496  -0.0408755
  5  -0.206436  0.900522  -0.172527
  5.1  -0.425745  0.884828  -0.520155
  5.2  -1.37311  0.48803  -0.299889
  5.3  -1.09565  0.68078  -0.754847
  5.4  -1.93443  0.22718  -1.44832
  5.5  -1.88955  0.286633  -1.3193
  5.6  -1.40446  0.282007  -0.66878
  5.7  -1.23412  -0.457349  -0.913289
  5.8  -1.28603  -0.694707  -1.125
  5.9  -1.39936  -0.473035  -0.94329
  6  -1.05872  -0.778932  -1.5351
  6.1  -1.05648  -0.918969  -1.22097
  6.2  -0.970397  -1.11174  -1.44588
  6.3  -2.06213  -1.62925  -1.34103
  6.4  -1.85907  -1.23348  -1.13705
  6.5  -2.39369  -1.27348  -0.637054
  6.6  -1.34257  -1.86363  0.229972
  6.7  -0.71205  -2.18097  -0.0167373
  6.8  -1.10934  -1.65766  0.147261
  6.9  0.203809  -1.88348  0.235056
  7  0.406119  -1.46243  -0.450119
  7.1  1.08822  -1.15416  -0.574946
  7.2  1.63086  -1.49731  -0.640819
  7.3  2.02265  -0.991612  -0.863276
  7.4  2.33563  -1.20061  -1.06494
  7.5  2.35777  -0.747793  -0.724761
  7.6  2.92817  -0.534963  -0.76203
  7.7  2.84865  -0.89396  -1.00055
  7.8  2.19657  -0.929399  -1.20282
  7.9  2.06585  -0.319521  -0.468921
  8  2.27494  -0.643499  -0.29142
  8.1  1.97302  -0.698978  -1.29865
  8.2  1.42518  -0.103747  -0.665398
  8.3  1.55771  -0.651502  -0.850133
  8.4  0.911481  -0.826443  -0.45666
  8.5  0.865084  -0.312075  -0.753129
  8.6  0.626108  -0.643577  -1.00122
  8.7  0.974778  -0.279338  -1.45436
  8.8  0.913307  0.0560862  -0.429321
  8.9  0.627422  0.354842  0.136269
  9  1.00778  0.328218  0.0890855
  9.1  0.764783  0.100798  -0.137901
  9.2  0.465378  -0.856226  -0.0637856
  9.3  0.678567  -0.730984  -0.316102
  9.4  1.04569  -0.270788  0.358118
  9.5  1.16492  -0.595045  0.687993
  9.6  0.961727  -0.321016  0.695148
  9.7  0.505166  0.128339  0.776636
  9.8  0.494232  0.0813038  0.788827
  9.9  0.0635935  0.470404  0.673858
  10  0.220164  1.14842  0.461676
