  0  0.59285  -0.896481  1.22488
  0.1  0.624858  -0.879238  1.27415
  0.2  0.655291  -0.863023  1.3219
  0.3  0.683571  -0.847814  1.36789
  0.4  0.709138  -0.833589  1.41186
  0.5  0.731452  -0.820321  1.45356
  0.6  0.750006  -0.807986  1.49273
  0.7  0.764325  -0.79656  1.52912
  0.8  0.773973  -0.78602  1.56247
  0.9  0.778562  -0.776348  1.59253
  1  0.777751  -0.767529  1.61905
  1.1  0.771251  -0.759553  1.64179
  1.2  0.758831  -0.752416  1.66053
  1.3  0.74032  -0.74612  1.67504
  1.4  0.715607  -0.740674  1.68513
  1.5  0.684647  -0.736093  1.69062
  1.6  0.64746  -0.7324  1.69132
  1.7  0.604129  -0.729623  1.6871
  1.8  0.554805  -0.727796  1.67782
  1.9  0.499705  -0.726962  1.66338
  2  0.439107  -0.727165  1.6437
  2.1  0.373353  -0.728458  1.61872
  2.2  0.302844  -0.730894  1.58842
  2.3  0.228037  -0.734531  1.5528
  2.4  0.149443  -0.739426  1.51189
  2.5  0.0676217  -0.745638  1.46574
  2.6  -0.0168244  -0.753226  1.41445
  2.7  -0.103253  -0.762243  1.35814
  2.8  -0.190987  -0.772741  1.29694
  2.9  -0.279324  -0.784767  1.23105
  3  -0.367538  -0.798359  1.16068
  3.1  -0.454888  -0.813547  1.08604
  3.2  -0.540624  -0.830353  1.00743
  3.3  -0.623997  -0.848786  0.925112
  3.4  -0.704259  -0.868845  0.83942
  3.5  -0.780675  -0.890512  0.75069
  3.6  -0.85253  -0.913757  0.659286
  3.7  -0.919132  -0.938533  0.56559
  3.8  -0.979822  -0.964778  0.470003
  3.9  -1.03398  -0.992409  0.372943
  4  -1.08102  -1.02133  0.274838
  4.1  -1.12043  -1.05142  0.176132
  4.2  -1.15172  -1.08255  0.0772714
  4.3  -1.17448  -1.11457  -0.0212877
  4.4  -1.18836  -1.1473  -0.119089
  4.5  -1.19308  -1.18055  -0.215675
  4.6  -1.18843  -1.21413  -0.310592
  4.7  -1.17426  -1.2478  -0.403393
  4.8  -1.15051  -1.28133  -0.49364
  4.9  -1.1172  -1.31448  -0.580905
  5  -1.07441  -1.34697  -0.664776
  5.1  -1.0223  -1.37854  -0.74486
  5.2  -0.961131  -1.40891  -0.820781
  5.3  -0.891206  -1.43777  -0.892188
  5.4  -0.812919  -1.46485  -0.958754
  5.5  -0.72673  -1.48984  -1.02018
  5.6  -0.633166  -1.51245  -1.07619
  5.7  -0.532816  -1.53238  -1.12655
  5.8  -0.426329  -1.54935  -1.17105
  5.9  -0.314405  -1.56306  -1.20952
  6  -0.197794  -1.57325  -1.24183
  6.1  -0.0772878  -1.57966  -1.26786
  6.2  0.0462883  -1.58203  -1.28756
  6.3  0.172079  -1.58013  -1.3009
  6.4  0.299206  -1.57377  -1.30789
  6.5  0.426778  -1.56273  -1.30858
  6.6  0.553895  -1.54686  -1.30306
  6.7  0.679659  -1.52602  -1.29145
  6.8  0.803176  -1.50009  -1.27391
  6.9  0.923571  -1.46899  -1.25063
  7  1.03999  -1.43265  -1.22185
  7.1  1.1516  -1.39106  -1.18782
  7.2  1.25762  -1.34422  -1.14883
  7.3  1.3573  -1.29217  -1.1052
  7.4  1.44994  -1.23498  -1.05728
  7.5  1.5349  -1.17275  -1.00544
  7.6  1.6116  -1.10564  -0.950061
  7.7  1.67951  -1.0338  -0.891563
  7.8  1.73819  -0.957446  -0.830369
  7.9  1.78726  -0.876806  -0.766917
  8  1.82642  -0.792144  -0.70166
  8.1  1.85546  -0.703754  -0.635052
  8.2  1.87422  -0.611954  -0.567557
  8.3  1.88264  -0.517089  -0.499637
  8.4  1.88076  -0.419525  -0.431754
  8.5  1.86867  -0.319648  -0.364365
  8.6  1.84655  -0.217862  -0.29792
  8.7  1.81466  -0.114589  -0.232857
  8.8  1.77335  -0.0102583  -0.169602
  8.9  1.72302  0.0946876  -0.108565
  9  1.66415  0.199801  -0.0501368
  9.1  1.59729  0.304632  0.00531128
  9.2  1.52304  0.408729  0.0574323
  9.3  1.44206  0.511643  0.105904
  9.4  1.35506  0.612932  0.150432
  9.5  1.26279  0.712164  0.19075
  9.6  1.16605  0.808918  0.226621
  9.7  1.06563  0.902787  0.257842
  9.8  0.962397  0.993383  0.28424
  9.9  0.857191  1.08034  0.305678
  10  0.750878  1.16331  0.32205
