  -6  5.18482e-06  0.00238002  -0.0119719  -0.0492888  0.0157836  0.345625
  -5.88  5.40605e-06  0.00257069  -0.0141275  -0.0517951  0.0231364  0.355712
  -5.76  4.97186e-06  0.00272959  -0.0164612  -0.054225  0.030901  0.365943
  -5.64  3.54206e-06  0.00284297  -0.0189717  -0.0565501  0.0390884  0.376319
  -5.52  7.12657e-07  0.00289478  -0.0216546  -0.0587394  0.0477096  0.386839
  -5.4  -3.96423e-06  0.00286664  -0.0245028  -0.0607586  0.0567754  0.397502
  -5.28  -1.09419e-05  0.00273779  -0.0275054  -0.0625708  0.0662964  0.408309
  -5.16  -2.06158e-05  0.00248508  -0.0306476  -0.0641357  0.0762833  0.419258
  -5.04  -3.32305e-05  0.00208314  -0.0339101  -0.0654098  0.0867462  0.430349
  -4.92  -4.87502e-05  0.00150452  -0.0372684  -0.0663462  0.0976952  0.441581
  -4.8  -6.66917e-05  0.000720095  -0.0406927  -0.0668948  0.10914  0.452954
  -4.68  -8.59195e-05  -0.000300485  -0.0441469  -0.067002  0.12109  0.464466
  -4.56  -0.00010441  -0.00158814  -0.0475882  -0.0666105  0.133555  0.476116
  -4.44  -0.000119002  -0.0031735  -0.0509669  -0.0656599  0.146542  0.487904
  -4.32  -0.000125155  -0.00508583  -0.054225  -0.0640861  0.160061  0.499828
  -4.2  -0.000116771  -0.00735174  -0.0572966  -0.0618217  0.174119  0.511887
  -4.08  -8.61202e-05  -0.00999355  -0.0601067  -0.0587959  0.188723  0.524079
  -3.96  -2.39738e-05  -0.0130274  -0.0625708  -0.0549348  0.20388  0.536403
  -3.84  7.99703e-05  -0.0164612  -0.064595  -0.0501615  0.219597  0.548858
  -3.72  0.00023624  -0.0202919  -0.0660746  -0.0443961  0.235878  0.561441
  -3.6  0.000454186  -0.0245028  -0.0668948  -0.0375563  0.252728  0.57415
  -3.48  0.000739889  -0.0290602  -0.0669298  -0.0295572  0.270151  0.586985
  -3.36  0.00109325  -0.0339101  -0.0660428  -0.0203123  0.288151  0.599942
  -3.24  0.0015042  -0.0389744  -0.0640861  -0.00973341  0.306729  0.61302
  -3.12  0.00194804  -0.0441469  -0.0609012  0.00226865  0.325887  0.626216
  -3  0.00238002  -0.0492888  -0.0563193  0.0157836  0.345625  0.639528
  -2.88  0.00272959  -0.054225  -0.0501615  0.030901  0.365943  0.652953
  -2.76  0.00289478  -0.0587394  -0.0422397  0.0477096  0.386839  0.666489
  -2.64  0.00273779  -0.0625708  -0.0323577  0.0662964  0.408309  0.680132
  -2.52  0.00208314  -0.0654098  -0.0203123  0.0867462  0.430349  0.693881
  -2.4  0.000720095  -0.0668948  -0.00589528  0.10914  0.452954  0.707731
  -2.28  -0.00158814  -0.0666105  0.011105  0.133555  0.476116  0.721679
  -2.16  -0.00508583  -0.0640861  0.030901  0.160061  0.499828  0.735723
  -2.04  -0.00999355  -0.0587959  0.0537034  0.188723  0.524079  0.749858
  -1.92  -0.0164612  -0.0501615  0.0797175  0.219597  0.548858  0.764082
  -1.8  -0.0245028  -0.0375563  0.10914  0.252728  0.57415  0.778389
  -1.68  -0.0339101  -0.0203123  0.142154  0.288151  0.599942  0.792776
  -1.56  -0.0441469  0.00226865  0.178926  0.325887  0.626216  0.80724
  -1.44  -0.054225  0.030901  0.219597  0.365943  0.652953  0.821775
  -1.32  -0.0625708  0.0662964  0.264279  0.408309  0.680132  0.836378
  -1.2  -0.0668948  0.10914  0.313051  0.452954  0.707731  0.851043
  -1.08  -0.0640861  0.160061  0.365943  0.499828  0.735723  0.865766
  -0.96  -0.0501615  0.219597  0.422939  0.548858  0.764082  0.880542
  -0.84  -0.0203123  0.288151  0.48396  0.599942  0.792776  0.895366
  -0.72  0.030901  0.365943  0.548858  0.652953  0.821775  0.910232
  -0.6  0.10914  0.452954  0.617406  0.707731  0.851043  0.925135
  -0.48  0.219597  0.548858  0.689286  0.764082  0.880542  0.94007
  -0.36  0.365943  0.652953  0.764082  0.821775  0.910232  0.95503
  -0.24  0.548858  0.764082  0.84126  0.880542  0.94007  0.970009
  -0.12  0.764082  0.880542  0.920164  0.94007  0.970009  0.985001
  0  1  1  1  1  1  1
  0.12  0.764082  0.880542  0.920164  0.94007  0.970009  0.985001
  0.24  0.548858  0.764082  0.84126  0.880542  0.94007  0.970009
  0.36  0.365943  0.652953  0.764082  0.821775  0.910232  0.95503
  0.48  0.219597  0.548858  0.689286  0.764082  0.880542  0.94007
  0.6  0.10914  0.452954  0.617406  0.707731  0.851043  0.925135
  0.72  0.030901  0.365943  0.548858  0.652953  0.821775  0.910232
  0.84  -0.0203123  0.288151  0.48396  0.599942  0.792776  0.895366
  0.96  -0.0501615  0.219597  0.422939  0.548858  0.764082  0.880542
  1.08  -0.0640861  0.160061  0.365943  0.499828  0.735723  0.865766
  1.2  -0.0668948  0.10914  0.313051  0.452954  0.707731  0.851043
  1.32  -0.0625708  0.0662964  0.264279  0.408309  0.680132  0.836378
  1.44  -0.054225  0.030901  0.219597  0.365943  0.652953  0.821775
  1.56  -0.0441469  0.00226865  0.178926  0.325887  0.626216  0.80724
  1.68  -0.0339101  -0.0203123  0.142154  0.288151  0.599942  0.792776
  1.8  -0.0245028  -0.0375563  0.10914  0.252728  0.57415  0.778389
  1.92  -0.0164612  -0.0501615  0.0797175  0.219597  0.548858  0.764082
  2.04  -0.00999355  -0.0587959  0.0537034  0.188723  0.524079  0.749858
  2.16  -0.00508583  -0.0640861  0.030901  0.160061  0.499828  0.735723
  2.28  -0.00158814  -0.0666105  0.011105  0.133555  0.476116  0.721679
  2.4  0.000720095  -0.0668948  -0.00589528  0.10914  0.452954  0.707731
  2.52  0.00208314  -0.0654098  -0.0203123  0.0867462  0.430349  0.693881
  2.64  0.00273779  -0.0625708  -0.0323577  0.0662964  0.408309  0.680132
  2.76  0.00289478  -0.0587394  -0.0422397  0.0477096  0.386839  0.666489
  2.88  0.00272959  -0.054225  -0.0501615  0.030901  0.365943  0.652953
  3  0.00238002  -0.0492888  -0.0563193  0.0157836  0.345625  0.639528
  3.12  0.00194804  -0.0441469  -0.0609012  0.00226865  0.325887  0.626216
  3.24  0.0015042  -0.0389744  -0.0640861  -0.00973341  0.306729  0.61302
  3.36  0.00109325  -0.0339101  -0.0660428  -0.0203123  0.288151  0.599942
  3.48  0.000739889  -0.0290602  -0.0669298  -0.0295572  0.270151  0.586985
  3.6  0.000454186  -0.0245028  -0.0668948  -0.0375563  0.252728  0.57415
  3.72  0.00023624  -0.0202919  -0.0660746  -0.0443961  0.235878  0.561441
  3.84  7.99703e-05  -0.0164612  -0.064595  -0.0501615  0.219597  0.548858
  3.96  -2.39738e-05  -0.0130274  -0.0625708  -0.0549348  0.20388  0.536403
  4.08  -8.61202e-05  -0.00999355  -0.0601067  -0.0587959  0.188723  0.524079
  4.2  -0.000116771  -0.00735174  -0.0572966  -0.0618217  0.174119  0.511887
  4.32  -0.000125155  -0.00508583  -0.054225  -0.0640861  0.160061  0.499828
  4.44  -0.000119002  -0.0031735  -0.0509669  -0.0656599  0.146542  0.487904
  4.56  -0.00010441  -0.00158814  -0.0475882  -0.0666105  0.133555  0.476116
  4.68  -8.59195e-05  -0.000300485  -0.0441469  -0.067002  0.12109  0.464466
  4.8  -6.66917e-05  0.000720095  -0.0406927  -0.0668948  0.10914  0.452954
  4.92  -4.87502e-05  0.00150452  -0.0372684  -0.0663462  0.0976952  0.441581
  5.04  -3.32305e-05  0.00208314  -0.0339101  -0.0654098  0.0867462  0.430349
  5.16  -2.06158e-05  0.00248508  -0.0306476  -0.0641357  0.0762833  0.419258
  5.28  -1.09419e-05  0.00273779  -0.0275054  -0.0625708  0.0662964  0.408309
  5.4  -3.96423e-06  0.00286664  -0.0245028  -0.0607586  0.0567754  0.397502
  5.52  7.12657e-07  0.00289478  -0.0216546  -0.0587394  0.0477096  0.386839
  5.64  3.54206e-06  0.00284297  -0.0189717  -0.0565501  0.0390884  0.376319
  5.76  4.97186e-06  0.00272959  -0.0164612  -0.054225  0.030901  0.365943
  5.88  5.40605e-06  0.00257069  -0.0141275  -0.0517951  0.0231364  0.355712
  6  5.18482e-06  0.00238002  -0.0119719  -0.0492888  0.0157836  0.345625
