  -8  -0.017994  0.12367  -0.152499  -0.189201  0.454649  0.841471
  -7.84  0.00178314  0.127539  -0.166578  -0.179119  0.472047  0.847446
  -7.68  0.0221995  0.128243  -0.179311  -0.167448  0.489399  0.853325
  -7.52  0.0411827  0.125631  -0.190503  -0.154186  0.506689  0.859104
  -7.36  0.0567192  0.119627  -0.19997  -0.139339  0.523904  0.864784
  -7.2  0.0670596  0.110232  -0.207534  -0.122922  0.541026  0.870363
  -7.04  0.0709067  0.0975297  -0.213029  -0.104955  0.558042  0.87584
  -6.88  0.0675663  0.0816876  -0.216302  -0.0854646  0.574936  0.881212
  -6.72  0.0570435  0.0629547  -0.217214  -0.0644866  0.591692  0.88648
  -6.56  0.0400745  0.0416605  -0.215641  -0.0420628  0.608297  0.891641
  -6.4  0.0180867  0.0182108  -0.211476  -0.0182419  0.624734  0.896695
  -6.24  -0.00691212  -0.00691857  -0.204633  0.00692018  0.640988  0.90164
  -6.08  -0.0325064  -0.0331892  -0.195042  0.0333612  0.657046  0.906476
  -5.92  -0.0560947  -0.060009  -0.182656  0.0610123  0.672892  0.9112
  -5.76  -0.0751399  -0.0867434  -0.167448  0.0897984  0.688513  0.915812
  -5.6  -0.0874266  -0.112726  -0.149412  0.119639  0.703893  0.920311
  -5.44  -0.0912986  -0.137273  -0.128568  0.150446  0.719018  0.924696
  -5.28  -0.0858549  -0.159695  -0.104955  0.18213  0.733875  0.928965
  -5.12  -0.0710818  -0.179311  -0.0786353  0.214592  0.74845  0.933118
  -4.96  -0.047906  -0.195464  -0.0496952  0.247732  0.762729  0.937153
  -4.8  -0.018159  -0.207534  -0.0182419  0.281443  0.776699  0.941071
  -4.64  0.0155466  -0.214953  0.015595  0.315617  0.790348  0.944869
  -4.48  0.050025  -0.217214  0.0516653  0.350141  0.803661  0.948547
  -4.32  0.0817903  -0.213888  0.0897984  0.3849  0.816628  0.952104
  -4.16  0.107376  -0.204633  0.129805  0.419775  0.829235  0.955539
  -4  0.12367  -0.189201  0.171477  0.454649  0.841471  0.958851
  -3.84  0.128243  -0.167448  0.214592  0.489399  0.853325  0.96204
  -3.68  0.119627  -0.139339  0.25891  0.523904  0.864784  0.965105
  -3.52  0.0975297  -0.104955  0.304181  0.558042  0.87584  0.968044
  -3.36  0.0629547  -0.0644866  0.350141  0.591692  0.88648  0.970858
  -3.2  0.0182108  -0.0182419  0.396518  0.624734  0.896695  0.973546
  -3.04  -0.0331892  0.0333612  0.443032  0.657046  0.906476  0.976106
  -2.88  -0.0867434  0.0897984  0.489399  0.688513  0.915812  0.97854
  -2.72  -0.137273  0.150446  0.53533  0.719018  0.924696  0.980844
  -2.56  -0.179311  0.214592  0.580537  0.74845  0.933118  0.983021
  -2.4  -0.207534  0.281443  0.624734  0.776699  0.941071  0.985067
  -2.24  -0.217214  0.350141  0.667635  0.803661  0.948547  0.986984
  -2.08  -0.204633  0.419775  0.708963  0.829235  0.955539  0.988771
  -1.92  -0.167448  0.489399  0.74845  0.853325  0.96204  0.990428
  -1.76  -0.104955  0.558042  0.785835  0.87584  0.968044  0.991953
  -1.6  -0.0182419  0.624734  0.820871  0.896695  0.973546  0.993347
  -1.44  0.0897984  0.688513  0.853325  0.915812  0.97854  0.994609
  -1.28  0.214592  0.74845  0.88298  0.933118  0.983021  0.995739
  -1.12  0.350141  0.803661  0.909638  0.948547  0.986984  0.996737
  -0.96  0.489399  0.853325  0.933118  0.96204  0.990428  0.997602
  -0.8  0.624734  0.896695  0.953262  0.973546  0.993347  0.998334
  -0.64  0.74845  0.933118  0.969934  0.983021  0.995739  0.998934
  -0.48  0.853325  0.96204  0.983021  0.990428  0.997602  0.9994
  -0.32  0.933118  0.983021  0.992432  0.995739  0.998934  0.999733
  -0.16  0.983021  0.995739  0.998105  0.998934  0.999733  0.999933
  0  1  1  1  1  1  1
  0.16  0.983021  0.995739  0.998105  0.998934  0.999733  0.999933
  0.32  0.933118  0.983021  0.992432  0.995739  0.998934  0.999733
  0.48  0.853325  0.96204  0.983021  0.990428  0.997602  0.9994
  0.64  0.74845  0.933118  0.969934  0.983021  0.995739  0.998934
  0.8  0.624734  0.896695  0.953262  0.973546  0.993347  0.998334
  0.96  0.489399  0.853325  0.933118  0.96204  0.990428  0.997602
  1.12  0.350141  0.803661  0.909638  0.948547  0.986984  0.996737
  1.28  0.214592  0.74845  0.88298  0.933118  0.983021  0.995739
  1.44  0.0897984  0.688513  0.853325  0.915812  0.97854  0.994609
  1.6  -0.0182419  0.624734  0.820871  0.896695  0.973546  0.993347
  1.76  -0.104955  0.558042  0.785835  0.87584  0.968044  0.991953
  1.92  -0.167448  0.489399  0.74845  0.853325  0.96204  0.990428
  2.08  -0.204633  0.419775  0.708963  0.829235  0.955539  0.988771
  2.24  -0.217214  0.350141  0.667635  0.803661  0.948547  0.986984
  2.4  -0.207534  0.281443  0.624734  0.776699  0.941071  0.985067
  2.56  -0.179311  0.214592  0.580537  0.74845  0.933118  0.983021
  2.72  -0.137273  0.150446  0.53533  0.719018  0.924696  0.980844
  2.88  -0.0867434  0.0897984  0.489399  0.688513  0.915812  0.97854
  3.04  -0.0331892  0.0333612  0.443032  0.657046  0.906476  0.976106
  3.2  0.0182108  -0.0182419  0.396518  0.624734  0.896695  0.973546
  3.36  0.0629547  -0.0644866  0.350141  0.591692  0.88648  0.970858
  3.52  0.0975297  -0.104955  0.304181  0.558042  0.87584  0.968044
  3.68  0.119627  -0.139339  0.25891  0.523904  0.864784  0.965105
  3.84  0.128243  -0.167448  0.214592  0.489399  0.853325  0.96204
  4  0.12367  -0.189201  0.171477  0.454649  0.841471  0.958851
  4.16  0.107376  -0.204633  0.129805  0.419775  0.829235  0.955539
  4.32  0.0817903  -0.213888  0.0897984  0.3849  0.816628  0.952104
  4.48  0.050025  -0.217214  0.0516653  0.350141  0.803661  0.948547
  4.64  0.0155466  -0.214953  0.015595  0.315617  0.790348  0.944869
  4.8  -0.018159  -0.207534  -0.0182419  0.281443  0.776699  0.941071
  4.96  -0.047906  -0.195464  -0.0496952  0.247732  0.762729  0.937153
  5.12  -0.0710818  -0.179311  -0.0786353  0.214592  0.74845  0.933118
  5.28  -0.0858549  -0.159695  -0.104955  0.18213  0.733875  0.928965
  5.44  -0.0912986  -0.137273  -0.128568  0.150446  0.719018  0.924696
  5.6  -0.0874266  -0.112726  -0.149412  0.119639  0.703893  0.920311
  5.76  -0.0751399  -0.0867434  -0.167448  0.0897984  0.688513  0.915812
  5.92  -0.0560947  -0.060009  -0.182656  0.0610123  0.672892  0.9112
  6.08  -0.0325064  -0.0331892  -0.195042  0.0333612  0.657046  0.906476
  6.24  -0.00691212  -0.00691857  -0.204633  0.00692018  0.640988  0.90164
  6.4  0.0180867  0.0182108  -0.211476  -0.0182419  0.624734  0.896695
  6.56  0.0400745  0.0416605  -0.215641  -0.0420628  0.608297  0.891641
  6.72  0.0570435  0.0629547  -0.217214  -0.0644866  0.591692  0.88648
  6.88  0.0675663  0.0816876  -0.216302  -0.0854646  0.574936  0.881212
  7.04  0.0709067  0.0975297  -0.213029  -0.104955  0.558042  0.87584
  7.2  0.0670596  0.110232  -0.207534  -0.122922  0.541026  0.870363
  7.36  0.0567192  0.119627  -0.19997  -0.139339  0.523904  0.864784
  7.52  0.0411827  0.125631  -0.190503  -0.154186  0.506689  0.859104
  7.68  0.0221995  0.128243  -0.179311  -0.167448  0.489399  0.853325
  7.84  0.00178314  0.127539  -0.166578  -0.179119  0.472047  0.847446
  8  -0.017994  0.12367  -0.152499  -0.189201  0.454649  0.841471
