  -2  0.000335463  0.0183156  0.135335  0.263597  0.367879  0.606531  0.778801
  -1.96  0.000393669  0.0198411  0.140858  0.270721  0.375311  0.612626  0.782705
  -1.92  0.000461975  0.0214936  0.146607  0.278037  0.382893  0.618783  0.786628
  -1.88  0.000542133  0.0232837  0.15259  0.285551  0.390628  0.625002  0.790571
  -1.84  0.000636198  0.025223  0.158817  0.293269  0.398519  0.631284  0.794534
  -1.8  0.000746586  0.0273237  0.165299  0.301194  0.40657  0.637628  0.798516
  -1.76  0.000876127  0.0295994  0.172045  0.309334  0.414783  0.644036  0.802519
  -1.72  0.00102814  0.0320647  0.179066  0.317694  0.423162  0.650509  0.806541
  -1.68  0.00120654  0.0347353  0.186374  0.32628  0.431711  0.657047  0.810584
  -1.64  0.00141589  0.0376283  0.19398  0.335098  0.440432  0.66365  0.814647
  -1.6  0.00166156  0.0407622  0.201897  0.344154  0.449329  0.67032  0.818731
  -1.56  0.00194986  0.0441572  0.210136  0.353455  0.458406  0.677057  0.822835
  -1.52  0.00228818  0.0478349  0.218712  0.363007  0.467666  0.683861  0.826959
  -1.48  0.0026852  0.0518189  0.227638  0.372817  0.477114  0.690734  0.831104
  -1.44  0.00315111  0.0561348  0.236928  0.382893  0.486752  0.697676  0.83527
  -1.4  0.00369786  0.0608101  0.246597  0.393241  0.496585  0.704688  0.839457
  -1.36  0.00433948  0.0658748  0.256661  0.403868  0.506617  0.71177  0.843665
  -1.32  0.00509243  0.0713613  0.267135  0.414783  0.516851  0.718924  0.847894
  -1.28  0.00597602  0.0773047  0.278037  0.425993  0.527292  0.726149  0.852144
  -1.24  0.00701293  0.0837432  0.289384  0.437505  0.537944  0.733447  0.856415
  -1.2  0.00822975  0.090718  0.301194  0.449329  0.548812  0.740818  0.860708
  -1.16  0.0096577  0.0982736  0.313486  0.461472  0.559898  0.748264  0.865022
  -1.12  0.0113334  0.106459  0.32628  0.473944  0.571209  0.755784  0.869358
  -1.08  0.0132999  0.115325  0.339596  0.486752  0.582748  0.763379  0.873716
  -1.04  0.0156076  0.12493  0.353455  0.499907  0.594521  0.771052  0.878095
  -1  0.0183156  0.135335  0.367879  0.513417  0.606531  0.778801  0.882497
  -0.96  0.0214936  0.146607  0.382893  0.527292  0.618783  0.786628  0.88692
  -0.92  0.025223  0.158817  0.398519  0.541543  0.631284  0.794534  0.891366
  -0.88  0.0295994  0.172045  0.414783  0.556178  0.644036  0.802519  0.895834
  -0.84  0.0347353  0.186374  0.431711  0.571209  0.657047  0.810584  0.900325
  -0.8  0.0407622  0.201897  0.449329  0.586646  0.67032  0.818731  0.904837
  -0.76  0.0478349  0.218712  0.467666  0.602501  0.683861  0.826959  0.909373
  -0.72  0.0561348  0.236928  0.486752  0.618783  0.697676  0.83527  0.913931
  -0.68  0.0658748  0.256661  0.506617  0.635506  0.71177  0.843665  0.918512
  -0.64  0.0773047  0.278037  0.527292  0.652681  0.726149  0.852144  0.923116
  -0.6  0.090718  0.301194  0.548812  0.67032  0.740818  0.860708  0.927743
  -0.56  0.106459  0.32628  0.571209  0.688436  0.755784  0.869358  0.932394
  -0.52  0.12493  0.353455  0.594521  0.707041  0.771052  0.878095  0.937067
  -0.48  0.146607  0.382893  0.618783  0.726149  0.786628  0.88692  0.941765
  -0.44  0.172045  0.414783  0.644036  0.745774  0.802519  0.895834  0.946485
  -0.4  0.201897  0.449329  0.67032  0.765928  0.818731  0.904837  0.951229
  -0.36  0.236928  0.486752  0.697676  0.786628  0.83527  0.913931  0.955997
  -0.32  0.278037  0.527292  0.726149  0.807887  0.852144  0.923116  0.960789
  -0.28  0.32628  0.571209  0.755784  0.82972  0.869358  0.932394  0.965605
  -0.24  0.382893  0.618783  0.786628  0.852144  0.88692  0.941765  0.970446
  -0.2  0.449329  0.67032  0.818731  0.875173  0.904837  0.951229  0.97531
  -0.16  0.527292  0.726149  0.852144  0.898825  0.923116  0.960789  0.980199
  -0.12  0.618783  0.786628  0.88692  0.923116  0.941765  0.970446  0.985112
  -0.08  0.726149  0.852144  0.923116  0.948064  0.960789  0.980199  0.99005
  -0.04  0.852144  0.923116  0.960789  0.973686  0.980199  0.99005  0.995012
  0  1  1  1  1  1  1  1
  0.04  0.852144  0.923116  0.960789  0.973686  0.980199  0.99005  0.995012
  0.08  0.726149  0.852144  0.923116  0.948064  0.960789  0.980199  0.99005
  0.12  0.618783  0.786628  0.88692  0.923116  0.941765  0.970446  0.985112
  0.16  0.527292  0.726149  0.852144  0.898825  0.923116  0.960789  0.980199
  0.2  0.449329  0.67032  0.818731  0.875173  0.904837  0.951229  0.97531
  0.24  0.382893  0.618783  0.786628  0.852144  0.88692  0.941765  0.970446
  0.28  0.32628  0.571209  0.755784  0.82972  0.869358  0.932394  0.965605
  0.32  0.278037  0.527292  0.726149  0.807887  0.852144  0.923116  0.960789
  0.36  0.236928  0.486752  0.697676  0.786628  0.83527  0.913931  0.955997
  0.4  0.201897  0.449329  0.67032  0.765928  0.818731  0.904837  0.951229
  0.44  0.172045  0.414783  0.644036  0.745774  0.802519  0.895834  0.946485
  0.48  0.146607  0.382893  0.618783  0.726149  0.786628  0.88692  0.941765
  0.52  0.12493  0.353455  0.594521  0.707041  0.771052  0.878095  0.937067
  0.56  0.106459  0.32628  0.571209  0.688436  0.755784  0.869358  0.932394
  0.6  0.090718  0.301194  0.548812  0.67032  0.740818  0.860708  0.927743
  0.64  0.0773047  0.278037  0.527292  0.652681  0.726149  0.852144  0.923116
  0.68  0.0658748  0.256661  0.506617  0.635506  0.71177  0.843665  0.918512
  0.72  0.0561348  0.236928  0.486752  0.618783  0.697676  0.83527  0.913931
  0.76  0.0478349  0.218712  0.467666  0.602501  0.683861  0.826959  0.909373
  0.8  0.0407622  0.201897  0.449329  0.586646  0.67032  0.818731  0.904837
  0.84  0.0347353  0.186374  0.431711  0.571209  0.657047  0.810584  0.900325
  0.88  0.0295994  0.172045  0.414783  0.556178  0.644036  0.802519  0.895834
  0.92  0.025223  0.158817  0.398519  0.541543  0.631284  0.794534  0.891366
  0.96  0.0214936  0.146607  0.382893  0.527292  0.618783  0.786628  0.88692
  1  0.0183156  0.135335  0.367879  0.513417  0.606531  0.778801  0.882497
  1.04  0.0156076  0.12493  0.353455  0.499907  0.594521  0.771052  0.878095
  1.08  0.0132999  0.115325  0.339596  0.486752  0.582748  0.763379  0.873716
  1.12  0.0113334  0.106459  0.32628  0.473944  0.571209  0.755784  0.869358
  1.16  0.0096577  0.0982736  0.313486  0.461472  0.559898  0.748264  0.865022
  1.2  0.00822975  0.090718  0.301194  0.449329  0.548812  0.740818  0.860708
  1.24  0.00701293  0.0837432  0.289384  0.437505  0.537944  0.733447  0.856415
  1.28  0.00597602  0.0773047  0.278037  0.425993  0.527292  0.726149  0.852144
  1.32  0.00509243  0.0713613  0.267135  0.414783  0.516851  0.718924  0.847894
  1.36  0.00433948  0.0658748  0.256661  0.403868  0.506617  0.71177  0.843665
  1.4  0.00369786  0.0608101  0.246597  0.393241  0.496585  0.704688  0.839457
  1.44  0.00315111  0.0561348  0.236928  0.382893  0.486752  0.697676  0.83527
  1.48  0.0026852  0.0518189  0.227638  0.372817  0.477114  0.690734  0.831104
  1.52  0.00228818  0.0478349  0.218712  0.363007  0.467666  0.683861  0.826959
  1.56  0.00194986  0.0441572  0.210136  0.353455  0.458406  0.677057  0.822835
  1.6  0.00166156  0.0407622  0.201897  0.344154  0.449329  0.67032  0.818731
  1.64  0.00141589  0.0376283  0.19398  0.335098  0.440432  0.66365  0.814647
  1.68  0.00120654  0.0347353  0.186374  0.32628  0.431711  0.657047  0.810584
  1.72  0.00102814  0.0320647  0.179066  0.317694  0.423162  0.650509  0.806541
  1.76  0.000876127  0.0295994  0.172045  0.309334  0.414783  0.644036  0.802519
  1.8  0.000746586  0.0273237  0.165299  0.301194  0.40657  0.637628  0.798516
  1.84  0.000636198  0.025223  0.158817  0.293269  0.398519  0.631284  0.794534
  1.88  0.000542133  0.0232837  0.15259  0.285551  0.390628  0.625002  0.790571
  1.92  0.000461975  0.0214936  0.146607  0.278037  0.382893  0.618783  0.786628
  1.96  0.000393669  0.0198411  0.140858  0.270721  0.375311  0.612626  0.782705
  2  0.000335463  0.0183156  0.135335  0.263597  0.367879  0.606531  0.778801
