  0  0.847607  0.548248  0.734865
  0.1  1.48181  0.0855335  0.639051
  0.2  1.13951  -0.0939603  0.951709
  0.3  0.79007  -0.902835  0.617727
  0.4  0.616482  -1.01367  0.651519
  0.5  1.07423  -0.68614  1.19217
  0.6  1.1998  -0.969949  1.20456
  0.7  1.62607  -0.54972  1.44063
  0.8  1.91818  -0.00238475  1.51609
  0.9  1.02629  -0.482364  1.85971
  1  0.134495  -0.167139  1.71651
  1.1  -0.833049  -0.313551  1.41371
  1.2  -0.440498  -0.501479  1.38469
  1.3  -0.381687  0.368695  1.21386
  1.4  -0.92045  0.453643  0.878232
  1.5  -0.546294  -0.461143  1.31709
  1.6  -0.490997  0.0436495  1.08118
  1.7  -0.56141  -0.407645  1.63903
  1.8  -0.348351  -0.0134806  0.786047
  1.9  0.606139  -0.129704  0.519082
  2  0.627478  0.169721  0.783616
  2.1  0.69455  0.192343  0.952852
  2.2  0.431007  1.08189  1.93112
  2.3  1.26047  0.929869  1.56778
  2.4  1.18164  0.71281  1.46964
  2.5  1.66475  0.207288  1.30345
  2.6  1.14128  0.150988  1.69873
  2.7  0.503465  0.108494  0.933642
  2.8  1.16849  -0.878647  1.1089
  2.9  1.02873  -1.19626  0.950874
  3  1.19514  -1.9955  0.948623
  3.1  0.743187  -2.55264  0.403161
  3.2  0.534449  -2.31312  -0.040798
  3.3  0.260591  -2.43165  -0.409407
  3.4  0.302416  -1.85456  0.0442211
  3.5  0.124381  -1.285  0.521831
  3.6  0.00706021  -0.677138  0.729895
  3.7  0.0624605  -1.19876  0.883418
  3.8  -0.718683  -0.922975  0.896689
  3.9  -0.421498  -1.9006  2.22853
  4  0.150199  -1.06889  2.09095
  4.1  -0.164856  -1.46727  1.52447
  4.2  0.183346  -1.02409  1.02427
  4.3  -0.103796  -0.51602  0.818107
  4.4  0.225784  -0.657257  1.1578
  4.5  0.0385144  -0.526463  1.11278
  4.6  -0.695416  -0.418851  0.87848
  4.7  -0.897864  0.0479519  1.44443
  4.8  0.0263359  -0.244162  1.46904
  4.9  0.143219  -0.566824  0.225241
  5  -0.105967  0.479753  0.132232
  5.1  -0.340902  0.447321  -0.181025
  5.2  -1.28255  0.0549733  0.0617132
  5.3  -0.996355  0.263056  -0.377524
  5.4  -1.82513  -0.165051  -1.04629
  5.5  -1.76909  -0.0721366  -0.899937
  5.6  -1.29622  -0.0455029  -0.262141
  5.7  -1.15621  -0.741216  -0.532849
  5.8  -1.24156  -0.925093  -0.766286
  5.9  -1.38537  -0.661762  -0.611374
  6  -1.0802  -0.933585  -1.22592
  6.1  -1.11741  -1.04076  -0.936253
  6.2  -1.06864  -1.20486  -1.19204
  6.3  -2.17527  -1.69151  -1.11988
  6.4  -1.97664  -1.27677  -0.956967
  6.5  -2.51699  -1.31436  -0.510261
  6.6  -1.49043  -1.89727  0.284998
  6.7  -0.915263  -2.20148  -0.0291628
  6.8  -1.36164  -1.68257  0.0835293
  6.9  -0.106123  -1.92573  0.127964
  7  0.0278674  -1.53104  -0.57788
  7.1  0.647043  -1.2636  -0.704705
  7.2  1.12897  -1.64293  -0.769995
  7.3  1.47069  -1.17442  -0.988441
  7.4  1.74887  -1.42106  -1.18208
  7.5  1.75698  -1.00562  -0.842108
  7.6  2.32541  -0.835054  -0.88746
  7.7  2.25801  -1.22368  -1.12969
  7.8  1.651  -1.27559  -1.33036
  7.9  1.58841  -0.689539  -0.609429
  8  1.86637  -1.03467  -0.459612
  8.1  1.63711  -1.09817  -1.47299
  8.2  1.17636  -0.517639  -0.841946
  8.3  1.39556  -1.07336  -1.03804
  8.4  0.836814  -1.23932  -0.659271
  8.5  0.877619  -0.723092  -0.969023
  8.6  0.716665  -1.05311  -1.21875
  8.7  1.12682  -0.686371  -1.66281
  8.8  1.11145  -0.358164  -0.645801
  8.9  0.870356  -0.0712205  -0.115299
  9  1.2845  -0.104976  -0.195796
  9.1  1.06714  -0.326223  -0.439904
  9.2  0.797994  -1.25091  -0.373294
  9.3  1.03487  -1.0843  -0.624739
  9.4  1.40902  -0.601654  0.0448387
  9.5  1.52567  -0.908172  0.358377
  9.6  1.32345  -0.618335  0.354177
  9.7  0.880161  -0.167737  0.433035
  9.8  0.886228  -0.216884  0.449785
  9.9  0.474605  0.168536  0.348619
  10  0.646415  0.830375  0.160854
