  -2  0.135335
  -1.96  0.140858
  -1.92  0.146607
  -1.88  0.15259
  -1.84  0.158817
  -1.8  0.165299
  -1.76  0.172045
  -1.72  0.179066
  -1.68  0.186374
  -1.64  0.19398
  -1.6  0.201897
  -1.56  0.210136
  -1.52  0.218712
  -1.48  0.227638
  -1.44  0.236928
  -1.4  0.246597
  -1.36  0.256661
  -1.32  0.267135
  -1.28  0.278037
  -1.24  0.289384
  -1.2  0.301194
  -1.16  0.313486
  -1.12  0.32628
  -1.08  0.339596
  -1.04  0.353455
  -1  0.367879
  -0.96  0.382893
  -0.92  0.398519
  -0.88  0.414783
  -0.84  0.431711
  -0.8  0.449329
  -0.76  0.467666
  -0.72  0.486752
  -0.68  0.506617
  -0.64  0.527292
  -0.6  0.548812
  -0.56  0.571209
  -0.52  0.594521
  -0.48  0.618783
  -0.44  0.644036
  -0.4  0.67032
  -0.36  0.697676
  -0.32  0.726149
  -0.28  0.755784
  -0.24  0.786628
  -0.2  0.818731
  -0.16  0.852144
  -0.12  0.88692
  -0.08  0.923116
  -0.04  0.960789
  0  1
  0.04  0.960789
  0.08  0.923116
  0.12  0.88692
  0.16  0.852144
  0.2  0.818731
  0.24  0.786628
  0.28  0.755784
  0.32  0.726149
  0.36  0.697676
  0.4  0.67032
  0.44  0.644036
  0.48  0.618783
  0.52  0.594521
  0.56  0.571209
  0.6  0.548812
  0.64  0.527292
  0.68  0.506617
  0.72  0.486752
  0.76  0.467666
  0.8  0.449329
  0.84  0.431711
  0.88  0.414783
  0.92  0.398519
  0.96  0.382893
  1  0.367879
  1.04  0.353455
  1.08  0.339596
  1.12  0.32628
  1.16  0.313486
  1.2  0.301194
  1.24  0.289384
  1.28  0.278037
  1.32  0.267135
  1.36  0.256661
  1.4  0.246597
  1.44  0.236928
  1.48  0.227638
  1.52  0.218712
  1.56  0.210136
  1.6  0.201897
  1.64  0.19398
  1.68  0.186374
  1.72  0.179066
  1.76  0.172045
  1.8  0.165299
  1.84  0.158817
  1.88  0.15259
  1.92  0.146607
  1.96  0.140858
  2  0.135335
