  0  0.838534  -1.50659  0.950448
  0.1  0.730647  -1.39782  1.10517
  0.2  0.604166  -1.24345  1.24682
  0.3  0.449325  -1.05619  1.36486
  0.4  0.262768  -0.850982  1.45011
  0.5  0.0499713  -0.642829  1.49645
  0.6  -0.174408  -0.444847  1.50208
  0.7  -0.388467  -0.266857  1.4699
  0.8  -0.566801  -0.114652  1.40716
  0.9  -0.685164  0.0100524  1.32433
  1  -0.724948  0.109015  1.23353
  1.1  -0.676516  0.186326  1.14682
  1.2  -0.540795  0.246852  1.07449
  1.3  -0.328988  0.294463  1.02384
  1.4  -0.0606713  0.330347  0.998266
  1.5  0.23917  0.351772  0.996851
  1.6  0.543548  0.35167  1.01444
  1.7  0.826711  0.319334  1.04226
  1.8  1.06679  0.242282  1.06901
  1.9  1.24762  0.109064  1.08257
  2  1.35954  -0.0874981  1.07192
  2.1  1.39945  -0.347357  1.02925
  2.2  1.37008  -0.66131  0.951739
  2.3  1.2788  -1.01069  0.842685
  2.4  1.13625  -1.36893  0.711656
  2.5  0.954989  -1.70492  0.573596
  2.6  0.748279  -1.98749  0.446873
  2.7  0.529239  -2.19034  0.350549
  2.8  0.310215  -2.29623  0.301277
  2.9  0.102371  -2.29954  0.310299
  3  -0.0846501  -2.2068  0.381118
  3.1  -0.243106  -2.03479  0.508313
  3.2  -0.367601  -1.80689  0.677832
  3.3  -0.455564  -1.54849  0.868821
  3.4  -0.507636  -1.28259  1.05672
  3.5  -0.527789  -1.02656  1.21705
  3.6  -0.523059  -0.790774  1.32907
  3.7  -0.50283  -0.578988  1.37859
  3.8  -0.47775  -0.39029  1.35933
  3.9  -0.458465  -0.22163  1.27263
  4  -0.454406  -0.0702499  1.12589
  4.1  -0.472854  0.0646478  0.930247
  4.2  -0.518397  0.181226  0.698286
  4.3  -0.592752  0.275275  0.442359
  4.4  -0.694847  0.341101  0.17379
  4.5  -0.821008  0.372687  -0.0971324
  4.6  -0.965184  0.364825  -0.360757
  4.7  -1.11926  0.314051  -0.607747
  4.8  -1.27361  0.219307  -0.829154
  4.9  -1.41795  0.0823166  -1.01697
  5  -1.54263  -0.0923387  -1.16494
  5.1  -1.63999  -0.29746  -1.26931
  5.2  -1.70546  -0.523782  -1.32914
  5.3  -1.73806  -0.760791  -1.34608
  5.4  -1.73974  -0.997681  -1.32365
  5.5  -1.71393  -1.22429  -1.26646
  5.6  -1.6633  -1.43181  -1.17958
  5.7  -1.58777  -1.61322  -1.06848
  5.8  -1.4832  -1.7633  -0.939396
  5.9  -1.34149  -1.87844  -0.800106
  6  -1.15216  -1.95634  -0.66039
  6.1  -0.905224  -1.99572  -0.53196
  6.2  -0.594468  -1.99633  -0.427476
  6.3  -0.220476  -1.9591  -0.358749
  6.4  0.207574  -1.8865  -0.3345
  6.5  0.671756  -1.78286  -0.358324
  6.6  1.14699  -1.65447  -0.427473
  6.7  1.60403  -1.50933  -0.532923
  6.8  2.01321  -1.35654  -0.660778
  6.9  2.34826  -1.20537  -0.794723
  7  2.58939  -1.06422  -0.918902
  7.1  2.72547  -0.93969  -1.02053
  7.2  2.75476  -0.835854  -1.09162
  7.3  2.68456  -0.754046  -1.12956
  7.4  2.5298  -0.692975  -1.13646
  7.5  2.31097  -0.649218  -1.11764
  7.6  2.05161  -0.617943  -1.07968
  7.7  1.77591  -0.593756  -1.02861
  7.8  1.5064  -0.571556  -0.968534
  7.9  1.26209  -0.547302  -0.901006
  8  1.05718  -0.518607  -0.825248
  8.1  0.9003  -0.485047  -0.738948
  8.2  0.794419  -0.448084  -0.639471
  8.3  0.737234  -0.410518  -0.525104
  8.4  0.722059  -0.375492  -0.396031
  8.5  0.739023  -0.34519  -0.254822
  8.6  0.776441  -0.319523  -0.106336
  8.7  0.82218  -0.295187  0.0428436
  8.8  0.864874  -0.265468  0.185257
  8.9  0.894908  -0.221019  0.313422
  9  0.905142  -0.151544  0.420505
  9.1  0.891395  -0.0480813  0.500721
  9.2  0.852732  0.0946998  0.549534
  9.3  0.791559  0.276762  0.563822
  9.4  0.713449  0.492006  0.542128
  9.5  0.626616  0.72878  0.485061
  9.6  0.540954  0.971434  0.395703
  9.7  0.466651  1.20249  0.279842
  9.8  0.41254  1.40493  0.14579
  9.9  0.384502  1.56409  0.00370997
  10  0.384263  1.66899  -0.135503
