  -2  1.60381e-28  1.12535e-07  0.0183156  0.169013  0.367879  0.778801  0.939413
  -1.96  2.02222e-27  2.12059e-07  0.0214592  0.181341  0.38274  0.786549  0.941741
  -1.92  2.42253e-26  3.94518e-07  0.0250621  0.194291  0.397882  0.794216  0.944027
  -1.88  2.75723e-25  7.24633e-07  0.0291763  0.20787  0.413292  0.801797  0.946272
  -1.84  2.98155e-24  1.31405e-06  0.0338573  0.222081  0.428956  0.809288  0.948475
  -1.8  3.06319e-23  2.35258e-06  0.0391639  0.236928  0.444858  0.816686  0.950635
  -1.76  2.99e-22  4.15832e-06  0.0451575  0.252407  0.46098  0.823987  0.952753
  -1.72  2.77288e-21  7.25659e-06  0.0519019  0.268516  0.477305  0.831187  0.954827
  -1.68  2.44318e-20  1.25023e-05  0.0594631  0.285247  0.493812  0.838283  0.956858
  -1.64  2.04524e-19  2.1266e-05  0.0679081  0.30259  0.510482  0.845269  0.958846
  -1.6  1.62666e-18  3.57128e-05  0.0773047  0.320531  0.527292  0.852144  0.960789
  -1.56  1.22918e-17  5.92112e-05  0.0877205  0.339053  0.544221  0.858902  0.962689
  -1.52  8.82463e-17  9.69224e-05  0.0992216  0.358135  0.561244  0.865541  0.964544
  -1.48  6.01924e-16  0.000156634  0.111872  0.377754  0.578336  0.872057  0.966354
  -1.44  3.90078e-15  0.000249912  0.125732  0.397882  0.595473  0.878447  0.968119
  -1.4  2.40173e-14  0.000393669  0.140858  0.418486  0.612626  0.884706  0.969839
  -1.36  1.40496e-13  0.000612232  0.1573  0.439532  0.62977  0.890831  0.971514
  -1.32  7.80845e-13  0.000940029  0.1751  0.46098  0.646876  0.89682  0.973142
  -1.28  4.12317e-12  0.00142498  0.194291  0.482788  0.663916  0.902668  0.974725
  -1.24  2.06853e-11  0.00213263  0.214896  0.504909  0.680859  0.908373  0.976261
  -1.2  9.85951e-11  0.00315111  0.236928  0.527292  0.697676  0.913931  0.977751
  -1.16  4.46492e-10  0.00459678  0.260383  0.549886  0.714337  0.919339  0.979194
  -1.12  1.92104e-09  0.0066204  0.285247  0.572633  0.730811  0.924595  0.980591
  -1.08  7.85277e-09  0.0094136  0.311486  0.595473  0.747067  0.929694  0.98194
  -1.04  3.04981e-08  0.013215  0.339053  0.618344  0.763074  0.934634  0.983242
  -1  1.12535e-07  0.0183156  0.367879  0.64118  0.778801  0.939413  0.984496
  -0.96  3.94518e-07  0.0250621  0.397882  0.663916  0.794216  0.944027  0.985703
  -0.92  1.31405e-06  0.0338573  0.428956  0.68648  0.809288  0.948475  0.986862
  -0.88  4.15832e-06  0.0451575  0.46098  0.708803  0.823987  0.952753  0.987973
  -0.84  1.25023e-05  0.0594631  0.493812  0.730811  0.838283  0.956858  0.989036
  -0.8  3.57128e-05  0.0773047  0.527292  0.752432  0.852144  0.960789  0.99005
  -0.76  9.69224e-05  0.0992216  0.561244  0.773592  0.865541  0.964544  0.991016
  -0.72  0.000249912  0.125732  0.595473  0.794216  0.878447  0.968119  0.991933
  -0.68  0.000612232  0.1573  0.62977  0.814231  0.890831  0.971514  0.992801
  -0.64  0.00142498  0.194291  0.663916  0.833564  0.902668  0.974725  0.99362
  -0.6  0.00315111  0.236928  0.697676  0.852144  0.913931  0.977751  0.994391
  -0.56  0.0066204  0.285247  0.730811  0.869899  0.924595  0.980591  0.995112
  -0.52  0.013215  0.339053  0.763074  0.886763  0.934634  0.983242  0.995784
  -0.48  0.0250621  0.397882  0.794216  0.902668  0.944027  0.985703  0.996406
  -0.44  0.0451575  0.46098  0.823987  0.917553  0.952753  0.987973  0.99698
  -0.4  0.0773047  0.527292  0.852144  0.931358  0.960789  0.99005  0.997503
  -0.36  0.125732  0.595473  0.878447  0.944027  0.968119  0.991933  0.997977
  -0.32  0.194291  0.663916  0.902668  0.955509  0.974725  0.99362  0.998401
  -0.28  0.285247  0.730811  0.924595  0.965756  0.980591  0.995112  0.998776
  -0.24  0.397882  0.794216  0.944027  0.974725  0.985703  0.996406  0.9991
  -0.2  0.527292  0.852144  0.960789  0.982379  0.99005  0.997503  0.999375
  -0.16  0.663916  0.902668  0.974725  0.988687  0.99362  0.998401  0.9996
  -0.12  0.794216  0.944027  0.985703  0.99362  0.996406  0.9991  0.999775
  -0.08  0.902668  0.974725  0.99362  0.99716  0.998401  0.9996  0.9999
  -0.04  0.974725  0.99362  0.998401  0.999289  0.9996  0.9999  0.999975
  0  1  1  1  1  1  1  1
  0.04  0.974725  0.99362  0.998401  0.999289  0.9996  0.9999  0.999975
  0.08  0.902668  0.974725  0.99362  0.99716  0.998401  0.9996  0.9999
  0.12  0.794216  0.944027  0.985703  0.99362  0.996406  0.9991  0.999775
  0.16  0.663916  0.902668  0.974725  0.988687  0.99362  0.998401  0.9996
  0.2  0.527292  0.852144  0.960789  0.982379  0.99005  0.997503  0.999375
  0.24  0.397882  0.794216  0.944027  0.974725  0.985703  0.996406  0.9991
  0.28  0.285247  0.730811  0.924595  0.965756  0.980591  0.995112  0.998776
  0.32  0.194291  0.663916  0.902668  0.955509  0.974725  0.99362  0.998401
  0.36  0.125732  0.595473  0.878447  0.944027  0.968119  0.991933  0.997977
  0.4  0.0773047  0.527292  0.852144  0.931358  0.960789  0.99005  0.997503
  0.44  0.0451575  0.46098  0.823987  0.917553  0.952753  0.987973  0.99698
  0.48  0.0250621  0.397882  0.794216  0.902668  0.944027  0.985703  0.996406
  0.52  0.013215  0.339053  0.763074  0.886763  0.934634  0.983242  0.995784
  0.56  0.0066204  0.285247  0.730811  0.869899  0.924595  0.980591  0.995112
  0.6  0.00315111  0.236928  0.697676  0.852144  0.913931  0.977751  0.994391
  0.64  0.00142498  0.194291  0.663916  0.833564  0.902668  0.974725  0.99362
  0.68  0.000612232  0.1573  0.62977  0.814231  0.890831  0.971514  0.992801
  0.72  0.000249912  0.125732  0.595473  0.794216  0.878447  0.968119  0.991933
  0.76  9.69224e-05  0.0992216  0.561244  0.773592  0.865541  0.964544  0.991016
  0.8  3.57128e-05  0.0773047  0.527292  0.752432  0.852144  0.960789  0.99005
  0.84  1.25023e-05  0.0594631  0.493812  0.730811  0.838283  0.956858  0.989036
  0.88  4.15832e-06  0.0451575  0.46098  0.708803  0.823987  0.952753  0.987973
  0.92  1.31405e-06  0.0338573  0.428956  0.68648  0.809288  0.948475  0.986862
  0.96  3.94518e-07  0.0250621  0.397882  0.663916  0.794216  0.944027  0.985703
  1  1.12535e-07  0.0183156  0.367879  0.64118  0.778801  0.939413  0.984496
  1.04  3.04981e-08  0.013215  0.339053  0.618344  0.763074  0.934634  0.983242
  1.08  7.85277e-09  0.0094136  0.311486  0.595473  0.747067  0.929694  0.98194
  1.12  1.92104e-09  0.0066204  0.285247  0.572633  0.730811  0.924595  0.980591
  1.16  4.46492e-10  0.00459678  0.260383  0.549886  0.714337  0.919339  0.979194
  1.2  9.85951e-11  0.00315111  0.236928  0.527292  0.697676  0.913931  0.977751
  1.24  2.06853e-11  0.00213263  0.214896  0.504909  0.680859  0.908373  0.976261
  1.28  4.12317e-12  0.00142498  0.194291  0.482788  0.663916  0.902668  0.974725
  1.32  7.80845e-13  0.000940029  0.1751  0.46098  0.646876  0.89682  0.973142
  1.36  1.40496e-13  0.000612232  0.1573  0.439532  0.62977  0.890831  0.971514
  1.4  2.40173e-14  0.000393669  0.140858  0.418486  0.612626  0.884706  0.969839
  1.44  3.90078e-15  0.000249912  0.125732  0.397882  0.595473  0.878447  0.968119
  1.48  6.01924e-16  0.000156634  0.111872  0.377754  0.578336  0.872057  0.966354
  1.52  8.82463e-17  9.69224e-05  0.0992216  0.358135  0.561244  0.865541  0.964544
  1.56  1.22918e-17  5.92112e-05  0.0877205  0.339053  0.544221  0.858902  0.962689
  1.6  1.62666e-18  3.57128e-05  0.0773047  0.320531  0.527292  0.852144  0.960789
  1.64  2.04524e-19  2.1266e-05  0.0679081  0.30259  0.510482  0.845269  0.958846
  1.68  2.44318e-20  1.25023e-05  0.0594631  0.285247  0.493812  0.838283  0.956858
  1.72  2.77288e-21  7.25659e-06  0.0519019  0.268516  0.477305  0.831187  0.954827
  1.76  2.99e-22  4.15832e-06  0.0451575  0.252407  0.46098  0.823987  0.952753
  1.8  3.06319e-23  2.35258e-06  0.0391639  0.236928  0.444858  0.816686  0.950635
  1.84  2.98155e-24  1.31405e-06  0.0338573  0.222081  0.428956  0.809288  0.948475
  1.88  2.75723e-25  7.24633e-07  0.0291763  0.20787  0.413292  0.801797  0.946272
  1.92  2.42253e-26  3.94518e-07  0.0250621  0.194291  0.397882  0.794216  0.944027
  1.96  2.02222e-27  2.12059e-07  0.0214592  0.181341  0.38274  0.786549  0.941741
  2  1.60381e-28  1.12535e-07  0.0183156  0.169013  0.367879  0.778801  0.939413
