  -2  -0.00234824  -0.0549469  -0.135335  -0.0878657  0  0.303265  0.584101
  -1.96  -0.0026927  -0.057936  -0.135224  -0.0830211  0.00750622  0.312439  0.590942
  -1.92  -0.00308599  -0.0610418  -0.134878  -0.0778504  0.0153157  0.321767  0.597837
  -1.88  -0.0035347  -0.0642631  -0.134279  -0.0723397  0.0234377  0.331251  0.604787
  -1.84  -0.00404622  -0.0675976  -0.133407  -0.0664742  0.0318815  0.340893  0.611791
  -1.8  -0.00462883  -0.0710417  -0.132239  -0.0602388  0.040657  0.350695  0.61885
  -1.76  -0.0052918  -0.0745906  -0.130754  -0.0536179  0.0497739  0.36066  0.625965
  -1.72  -0.00604549  -0.0782378  -0.128928  -0.0465951  0.0592427  0.37079  0.633135
  -1.68  -0.0069014  -0.0819752  -0.126734  -0.0391536  0.0690737  0.381087  0.640362
  -1.64  -0.00787232  -0.0857924  -0.124147  -0.0312758  0.0792777  0.391554  0.647645
  -1.6  -0.00897241  -0.0896768  -0.121138  -0.0229436  0.0898658  0.402192  0.654985
  -1.56  -0.0102172  -0.0936132  -0.117676  -0.0141382  0.100849  0.413005  0.662382
  -1.52  -0.0116239  -0.0975832  -0.11373  -0.00484009  0.11224  0.423994  0.669837
  -1.48  -0.0132112  -0.101565  -0.109266  0.0049709  0.12405  0.435163  0.67735
  -1.44  -0.0149993  -0.105533  -0.104248  0.0153157  0.136291  0.446513  0.684922
  -1.4  -0.0170102  -0.109458  -0.0986388  0.026216  0.148976  0.458047  0.692552
  -1.36  -0.0192673  -0.113305  -0.0923979  0.0376944  0.162117  0.469768  0.700242
  -1.32  -0.0217956  -0.117032  -0.0854833  0.0497739  0.175729  0.481679  0.707991
  -1.28  -0.0246212  -0.120595  -0.0778504  0.0624789  0.189825  0.493781  0.715801
  -1.24  -0.0277712  -0.12394  -0.0694522  0.0758342  0.204419  0.506078  0.723671
  -1.2  -0.031273  -0.127005  -0.0602388  0.0898658  0.219525  0.518573  0.731602
  -1.16  -0.035154  -0.129721  -0.0501578  0.1046  0.235157  0.531267  0.739594
  -1.12  -0.0394403  -0.132009  -0.0391536  0.120066  0.251332  0.544164  0.747648
  -1.08  -0.0441556  -0.133777  -0.0271676  0.136291  0.268064  0.557267  0.755764
  -1.04  -0.0493199  -0.134925  -0.0141382  0.153305  0.28537  0.570578  0.763943
  -1  -0.0549469  -0.135335  0  0.171139  0.303265  0.584101  0.772185
  -0.96  -0.0610418  -0.134878  0.0153157  0.189825  0.321767  0.597837  0.78049
  -0.92  -0.0675976  -0.133407  0.0318815  0.209397  0.340893  0.611791  0.788859
  -0.88  -0.0745906  -0.130754  0.0497739  0.229887  0.36066  0.625965  0.797292
  -0.84  -0.0819752  -0.126734  0.0690737  0.251332  0.381087  0.640362  0.80579
  -0.8  -0.0896768  -0.121138  0.0898658  0.273768  0.402192  0.654985  0.814354
  -0.76  -0.0975832  -0.11373  0.11224  0.297234  0.423994  0.669837  0.822983
  -0.72  -0.105533  -0.104248  0.136291  0.321767  0.446513  0.684922  0.831677
  -0.68  -0.113305  -0.0923979  0.162117  0.34741  0.469768  0.700242  0.840439
  -0.64  -0.120595  -0.0778504  0.189825  0.374204  0.493781  0.715801  0.849267
  -0.6  -0.127005  -0.0602388  0.219525  0.402192  0.518573  0.731602  0.858163
  -0.56  -0.132009  -0.0391536  0.251332  0.43142  0.544164  0.747648  0.867126
  -0.52  -0.134925  -0.0141382  0.28537  0.461933  0.570578  0.763943  0.876158
  -0.48  -0.134878  0.0153157  0.321767  0.493781  0.597837  0.78049  0.885259
  -0.44  -0.130754  0.0497739  0.36066  0.527013  0.625965  0.797292  0.894428
  -0.4  -0.121138  0.0898658  0.402192  0.561681  0.654985  0.814354  0.903668
  -0.36  -0.104248  0.136291  0.446513  0.597837  0.684922  0.831677  0.912978
  -0.32  -0.0778504  0.189825  0.493781  0.635538  0.715801  0.849267  0.922358
  -0.28  -0.0391536  0.251332  0.544164  0.674839  0.747648  0.867126  0.931809
  -0.24  0.0153157  0.321767  0.597837  0.715801  0.78049  0.885259  0.941332
  -0.2  0.0898658  0.402192  0.654985  0.758484  0.814354  0.903668  0.950927
  -0.16  0.189825  0.493781  0.715801  0.802951  0.849267  0.922358  0.960595
  -0.12  0.321767  0.597837  0.78049  0.849267  0.885259  0.941332  0.970335
  -0.08  0.493781  0.715801  0.849267  0.897501  0.922358  0.960595  0.980149
  -0.04  0.715801  0.849267  0.922358  0.947721  0.960595  0.980149  0.990037
  0  1  1  1  1  1  1  1
  0.04  0.715801  0.849267  0.922358  0.947721  0.960595  0.980149  0.990037
  0.08  0.493781  0.715801  0.849267  0.897501  0.922358  0.960595  0.980149
  0.12  0.321767  0.597837  0.78049  0.849267  0.885259  0.941332  0.970335
  0.16  0.189825  0.493781  0.715801  0.802951  0.849267  0.922358  0.960595
  0.2  0.0898658  0.402192  0.654985  0.758484  0.814354  0.903668  0.950927
  0.24  0.0153157  0.321767  0.597837  0.715801  0.78049  0.885259  0.941332
  0.28  -0.0391536  0.251332  0.544164  0.674839  0.747648  0.867126  0.931809
  0.32  -0.0778504  0.189825  0.493781  0.635538  0.715801  0.849267  0.922358
  0.36  -0.104248  0.136291  0.446513  0.597837  0.684922  0.831677  0.912978
  0.4  -0.121138  0.0898658  0.402192  0.561681  0.654985  0.814354  0.903668
  0.44  -0.130754  0.0497739  0.36066  0.527013  0.625965  0.797292  0.894428
  0.48  -0.134878  0.0153157  0.321767  0.493781  0.597837  0.78049  0.885259
  0.52  -0.134925  -0.0141382  0.28537  0.461933  0.570578  0.763943  0.876158
  0.56  -0.132009  -0.0391536  0.251332  0.43142  0.544164  0.747648  0.867126
  0.6  -0.127005  -0.0602388  0.219525  0.402192  0.518573  0.731602  0.858163
  0.64  -0.120595  -0.0778504  0.189825  0.374204  0.493781  0.715801  0.849267
  0.68  -0.113305  -0.0923979  0.162117  0.34741  0.469768  0.700242  0.840439
  0.72  -0.105533  -0.104248  0.136291  0.321767  0.446513  0.684922  0.831677
  0.76  -0.0975832  -0.11373  0.11224  0.297234  0.423994  0.669837  0.822983
  0.8  -0.0896768  -0.121138  0.0898658  0.273768  0.402192  0.654985  0.814354
  0.84  -0.0819752  -0.126734  0.0690737  0.251332  0.381087  0.640362  0.80579
  0.88  -0.0745906  -0.130754  0.0497739  0.229887  0.36066  0.625965  0.797292
  0.92  -0.0675976  -0.133407  0.0318815  0.209397  0.340893  0.611791  0.788859
  0.96  -0.0610418  -0.134878  0.0153157  0.189825  0.321767  0.597837  0.78049
  1  -0.0549469  -0.135335  0  0.171139  0.303265  0.584101  0.772185
  1.04  -0.0493199  -0.134925  -0.0141382  0.153305  0.28537  0.570578  0.763943
  1.08  -0.0441556  -0.133777  -0.0271676  0.136291  0.268064  0.557267  0.755764
  1.12  -0.0394403  -0.132009  -0.0391536  0.120066  0.251332  0.544164  0.747648
  1.16  -0.035154  -0.129721  -0.0501578  0.1046  0.235157  0.531267  0.739594
  1.2  -0.031273  -0.127005  -0.0602388  0.0898658  0.219525  0.518573  0.731602
  1.24  -0.0277712  -0.12394  -0.0694522  0.0758342  0.204419  0.506078  0.723671
  1.28  -0.0246212  -0.120595  -0.0778504  0.0624789  0.189825  0.493781  0.715801
  1.32  -0.0217956  -0.117032  -0.0854833  0.0497739  0.175729  0.481679  0.707991
  1.36  -0.0192673  -0.113305  -0.0923979  0.0376944  0.162117  0.469768  0.700242
  1.4  -0.0170102  -0.109458  -0.0986388  0.026216  0.148976  0.458047  0.692552
  1.44  -0.0149993  -0.105533  -0.104248  0.0153157  0.136291  0.446513  0.684922
  1.48  -0.0132112  -0.101565  -0.109266  0.0049709  0.12405  0.435163  0.67735
  1.52  -0.0116239  -0.0975832  -0.11373  -0.00484009  0.11224  0.423994  0.669837
  1.56  -0.0102172  -0.0936132  -0.117676  -0.0141382  0.100849  0.413005  0.662382
  1.6  -0.00897241  -0.0896768  -0.121138  -0.0229436  0.0898658  0.402192  0.654985
  1.64  -0.00787232  -0.0857924  -0.124147  -0.0312758  0.0792777  0.391554  0.647645
  1.68  -0.0069014  -0.0819752  -0.126734  -0.0391536  0.0690737  0.381087  0.640362
  1.72  -0.00604549  -0.0782378  -0.128928  -0.0465951  0.0592427  0.37079  0.633135
  1.76  -0.0052918  -0.0745906  -0.130754  -0.0536179  0.0497739  0.36066  0.625965
  1.8  -0.00462883  -0.0710417  -0.132239  -0.0602388  0.040657  0.350695  0.61885
  1.84  -0.00404622  -0.0675976  -0.133407  -0.0664742  0.0318815  0.340893  0.611791
  1.88  -0.0035347  -0.0642631  -0.134279  -0.0723397  0.0234377  0.331251  0.604787
  1.92  -0.00308599  -0.0610418  -0.134878  -0.0778504  0.0153157  0.321767  0.597837
  1.96  -0.0026927  -0.057936  -0.135224  -0.0830211  0.00750622  0.312439  0.590942
  2  -0.00234824  -0.0549469  -0.135335  -0.0878657  0  0.303265  0.584101
