  -6  -0.0123938
  -5.88  -0.0136386
  -5.76  -0.0149993
  -5.64  -0.0164853
  -5.52  -0.0181064
  -5.4  -0.019873
  -5.28  -0.0217956
  -5.16  -0.0238855
  -5.04  -0.0261539
  -4.92  -0.0286126
  -4.8  -0.031273
  -4.68  -0.0341468
  -4.56  -0.0372449
  -4.44  -0.040578
  -4.32  -0.0441556
  -4.2  -0.0479858
  -4.08  -0.052075
  -3.96  -0.0564268
  -3.84  -0.0610418
  -3.72  -0.0659164
  -3.6  -0.0710417
  -3.48  -0.0764024
  -3.36  -0.0819752
  -3.24  -0.0877271
  -3.12  -0.0936132
  -3  -0.0995741
  -2.88  -0.105533
  -2.76  -0.111394
  -2.64  -0.117032
  -2.52  -0.122299
  -2.4  -0.127005
  -2.28  -0.130924
  -2.16  -0.133777
  -2.04  -0.13523
  -1.92  -0.134878
  -1.8  -0.132239
  -1.68  -0.126734
  -1.56  -0.117676
  -1.44  -0.104248
  -1.32  -0.0854833
  -1.2  -0.0602388
  -1.08  -0.0271676
  -0.96  0.0153157
  -0.84  0.0690737
  -0.72  0.136291
  -0.6  0.219525
  -0.48  0.321767
  -0.36  0.446513
  -0.24  0.597837
  -0.12  0.78049
  0  1
  0.12  0.78049
  0.24  0.597837
  0.36  0.446513
  0.48  0.321767
  0.6  0.219525
  0.72  0.136291
  0.84  0.0690737
  0.96  0.0153157
  1.08  -0.0271676
  1.2  -0.0602388
  1.32  -0.0854833
  1.44  -0.104248
  1.56  -0.117676
  1.68  -0.126734
  1.8  -0.132239
  1.92  -0.134878
  2.04  -0.13523
  2.16  -0.133777
  2.28  -0.130924
  2.4  -0.127005
  2.52  -0.122299
  2.64  -0.117032
  2.76  -0.111394
  2.88  -0.105533
  3  -0.0995741
  3.12  -0.0936132
  3.24  -0.0877271
  3.36  -0.0819752
  3.48  -0.0764024
  3.6  -0.0710417
  3.72  -0.0659164
  3.84  -0.0610418
  3.96  -0.0564268
  4.08  -0.052075
  4.2  -0.0479858
  4.32  -0.0441556
  4.44  -0.040578
  4.56  -0.0372449
  4.68  -0.0341468
  4.8  -0.031273
  4.92  -0.0286126
  5.04  -0.0261539
  5.16  -0.0238855
  5.28  -0.0217956
  5.4  -0.019873
  5.52  -0.0181064
  5.64  -0.0164853
  5.76  -0.0149993
  5.88  -0.0136386
  6  -0.0123938
