  0  0.847607  0.548248  0.734865
  0.1  1.66471  -0.11316  0.563159
  0.2  1.09372  -0.34123  0.960841
  0.3  0.555729  -1.4111  0.449333
  0.4  0.296874  -1.45408  0.476441
  0.5  0.916392  -0.899608  1.19171
  0.6  1.03793  -1.22035  1.13555
  0.7  1.56026  -0.560733  1.38902
  0.8  1.86198  0.2212  1.4061
  0.9  0.531869  -0.453341  1.7879
  1  -0.696874  0.00466655  1.48015
  1.1  -1.93649  -0.200057  0.980125
  1.2  -1.23526  -0.445557  0.891216
  1.3  -1.04467  0.765807  0.616572
  1.4  -1.68328  0.817039  0.139061
  1.5  -1.03447  -0.492916  0.750341
  1.6  -0.871679  0.227971  0.396877
  1.7  -0.894038  -0.406232  1.14898
  1.8  -0.531122  0.157547  -0.0740299
  1.9  0.808969  -0.0161555  -0.405408
  2  0.776304  0.38843  0.00971697
  2.1  0.809166  0.385548  0.261413
  2.2  0.391436  1.5603  1.59064
  2.3  1.49103  1.22907  0.993361
  2.4  1.27106  0.837804  0.804475
  2.5  1.83267  0.0876787  0.538601
  2.6  0.985023  0.00779896  1.05585
  2.7  0.0518575  -0.0469646  -0.0426973
  2.8  0.961579  -1.37884  0.222815
  2.9  0.706246  -1.69568  0.0140571
  3  0.887422  -2.64183  0.0328395
  3.1  0.215805  -3.18518  -0.687285
  3.2  -0.0710551  -2.6072  -1.21215
  3.3  -0.423111  -2.565  -1.5937
  3.4  -0.319054  -1.5858  -0.831484
  3.5  -0.522379  -0.69913  -0.101224
  3.6  -0.627505  0.165693  0.202609
  3.7  -0.490828  -0.571435  0.407082
  3.8  -1.50004  -0.166793  0.404493
  3.9  -0.965807  -1.49409  2.18892
  4  -0.10542  -0.260137  1.83531
  4.1  -0.518686  -0.795771  0.931592
  4.2  0.00053033  -0.146776  0.193794
  4.3  -0.384628  0.53601  -0.0841096
  4.4  0.0974548  0.282904  0.400178
  4.5  -0.161103  0.42027  0.322551
  4.6  -1.13855  0.515492  -0.00502979
  4.7  -1.31496  1.09003  0.778369
  4.8  0.0479336  0.589703  0.762793
  4.9  0.202311  0.091226  -0.968777
  5  -0.151905  1.4894  -0.996776
  5.1  -0.456948  1.3097  -1.32196
  5.2  -1.69336  0.659451  -0.868377
  5.3  -1.16392  0.878191  -1.37778
  5.4  -2.18999  0.218053  -2.15609
  5.5  -1.9328  0.319837  -1.76687
  5.6  -1.13499  0.323646  -0.747456
  5.7  -0.856777  -0.650172  -1.04566
  5.8  -0.907978  -0.848399  -1.26897
  5.9  -1.03455  -0.425029  -0.948791
  6  -0.543368  -0.762433  -1.69829
  6.1  -0.557927  -0.848588  -1.16136
  6.2  -0.455161  -1.00498  -1.40967
  6.3  -1.9248  -1.58505  -1.19407
  6.4  -1.50325  -0.896741  -0.875207
  6.5  -2.11889  -0.880292  -0.200515
  6.6  -0.562978  -1.60359  0.887477
  6.7  0.247771  -1.88853  0.381446
  6.8  -0.393003  -1.0366  0.496982
  6.9  1.32391  -1.28986  0.510658
  7  1.37646  -0.659129  -0.491304
  7.1  2.08213  -0.255422  -0.623597
  7.2  2.54288  -0.761449  -0.661632
  7.3  2.77624  -0.0771407  -0.903985
  7.4  2.90572  -0.419276  -1.09238
  7.5  2.66108  0.163716  -0.543483
  7.6  3.19764  0.365247  -0.563767
  7.7  2.8301  -0.20644  -0.848871
  7.8  1.76699  -0.272883  -1.05346
  7.9  1.53405  0.529204  0.00534016
  8  1.783  0.00281872  0.199649
  8.1  1.32558  -0.0965654  -1.19557
  8.2  0.595965  0.68372  -0.2462
  8.3  0.849796  -0.13979  -0.49823
  8.4  0.030063  -0.364165  0.0488113
  8.5  0.0925456  0.353355  -0.382742
  8.6  -0.123307  -0.135592  -0.69548
  8.7  0.451617  0.360379  -1.2439
  8.8  0.401025  0.761223  0.230231
  8.9  0.0498632  1.07184  0.917651
  9  0.615164  0.922596  0.719559
  9.1  0.277447  0.533823  0.31835
  9.2  -0.100558  -0.771128  0.372765
  9.3  0.23844  -0.486595  -0.00714004
  9.4  0.73317  0.199877  0.891405
  9.5  0.836645  -0.240474  1.23032
  9.6  0.500435  0.16397  1.11087
  9.7  -0.13178  0.750285  1.11503
  9.8  -0.101181  0.610111  1.03571
  9.9  -0.638013  1.07014  0.804773
  10  -0.33955  1.86395  0.47777
