  0  1.67904  -0.964263  -0.0607906
  0.1  1.30506  -1.04327  0.327648
  0.2  0.901605  -1.77373  0.0647405
  0.3  0.657786  -1.82246  0.159024
  0.4  1.04657  -1.42307  0.76737
  0.5  1.1079  -1.62892  0.851192
  0.6  1.47054  -1.12327  1.15438
  0.7  1.69786  -0.473101  1.29141
  0.8  0.722236  -0.847152  1.68912
  0.9  -0.276513  -0.42535  1.5874
  1  -1.36021  -0.461585  1.30895
  1.1  -0.90897  -0.545556  1.1467
  1.2  -0.717747  0.63283  1.17757
  1.3  -1.13569  0.816174  0.869391
  1.4  -1.08139  -0.113801  0.974442
  1.5  -1.12606  0.477962  0.758828
  1.6  -1.42886  -0.112134  1.12502
  1.7  -1.41309  -0.0428841  0.340147
  1.8  -0.124483  0.103708  -0.0983473
  1.9  0.388959  0.216812  0.170616
  2  0.983851  0.326061  0.45209
  2.1  0.597054  1.21386  1.27935
  2.2  1.30185  0.64716  1.11449
  2.3  1.63802  0.450408  1.25584
  2.4  1.91658  0.587966  0.883689
  2.5  1.54376  0.262409  1.36222
  2.6  1.11276  0.495631  0.417964
  2.7  1.57737  -0.559758  1.04471
  2.8  0.949646  -0.813801  1.07939
  2.9  1.09439  -1.73212  0.929112
  3  0.697485  -2.32984  0.368479
  3.1  0.691999  -2.851  -0.653088
  3.2  -0.0623136  -3.02509  -0.830219
  3.3  -0.0336405  -2.58136  -0.503509
  3.4  -0.534563  -1.91091  -0.078965
  3.5  -0.37695  -1.43381  -0.193727
  3.6  0.0126388  -1.85166  0.379577
  3.7  -1.0784  -1.04393  0.284353
  3.8  -0.846929  -1.63008  1.47611
  3.9  -0.557534  -0.471007  1.44809
  4  -0.57487  -0.393161  1.40171
  4.1  -0.204326  -0.138152  1.35389
  4.2  -0.270169  0.419428  1.4825
  4.3  -0.050303  0.0319694  1.51449
  4.4  -0.0837041  -0.170482  1.21805
  4.5  -0.600776  -0.437687  0.918798
  4.6  -0.842553  0.303228  1.27526
  4.7  0.359111  -0.0381547  1.31487
  4.8  0.296988  0.38606  -0.533398
  4.9  -0.248135  0.750852  -0.628782
  5  -0.24234  1.07654  -0.616355
  5.1  -1.23774  0.575905  -0.18769
  5.2  -0.906629  0.45931  -0.456137
  5.3  -1.84298  0.258085  -1.29053
  5.4  -1.79646  0.268057  -1.27632
  5.5  -1.03512  0.239399  -0.729489
  5.6  -0.825835  -0.610002  -1.38862
  5.7  -1.53276  -0.610622  -1.69926
  5.8  -1.79633  -0.230506  -0.862534
  5.9  -1.47022  -1.16187  -1.33509
  6  -1.39248  -1.30769  -0.97303
  6.1  -0.752984  -1.25785  -1.38521
  6.2  -1.80755  -1.86003  -1.10237
  6.3  -1.15905  -1.35863  -0.561278
  6.4  -1.63802  -1.51746  -0.304777
  6.5  -1.20331  -2.06758  -0.0879126
  6.6  -0.856257  -1.94279  -0.109946
  6.7  -1.13148  -1.49802  0.173128
  6.8  -0.0490523  -1.91454  0.15677
  6.9  -0.0689568  -1.49205  0.0672673
  7  0.517975  -1.24106  -0.195293
  7.1  0.977029  -1.43524  -0.0584263
  7.2  2.15129  -0.757977  -0.257858
  7.3  2.45814  -1.20438  -0.519289
  7.4  3.06737  -0.860086  -0.580669
  7.5  3.06182  -0.301789  -1.18724
  7.6  2.84525  -0.330015  -1.22988
  7.7  2.87087  -0.671719  -1.53158
  7.8  2.13122  -0.0214437  -1.08293
  7.9  2.35485  -0.489062  -0.518204
  8  1.85561  -0.693959  -1.21379
  8.1  1.21895  0.0324574  -0.725756
  8.2  1.15018  -0.656105  -0.729198
  8.3  0.514231  -0.608049  -0.302314
  8.4  0.480242  -0.486302  -0.746893
  8.5  -0.0980435  -0.843389  -0.917053
  8.6  0.168187  -0.300435  -1.11523
  8.7  0.510812  0.0249319  -0.219457
  8.8  0.333712  -0.101745  -0.265161
  8.9  0.418036  0.154208  -0.396494
  9  0.375379  0.0853428  0.139979
  9.1  0.455473  -0.990371  -0.186378
  9.2  0.461152  -0.520038  -0.21335
  9.3  1.12162  -0.0332205  0.0654348
  9.4  1.2205  -0.594504  0.572541
  9.5  1.2185  -0.151707  0.829949
  9.6  0.624983  -0.0337115  1.30155
  9.7  0.623965  -0.268287  0.731382
  9.8  0.458834  -0.160096  0.350238
  9.9  0.273958  0.395554  0.291342
  10  0.518903  0.796371  0.322157
