  -2  0  0  0  0  0.5  0.75
  -1.96  0  0  0  0.02  0.51  0.755
  -1.92  0  0  0  0.04  0.52  0.76
  -1.88  0  0  0  0.06  0.53  0.765
  -1.84  0  0  0  0.08  0.54  0.77
  -1.8  0  0  0  0.1  0.55  0.775
  -1.76  0  0  0  0.12  0.56  0.78
  -1.72  0  0  0  0.14  0.57  0.785
  -1.68  0  0  0  0.16  0.58  0.79
  -1.64  0  0  0  0.18  0.59  0.795
  -1.6  0  0  0  0.2  0.6  0.8
  -1.56  0  0  0  0.22  0.61  0.805
  -1.52  0  0  0  0.24  0.62  0.81
  -1.48  0  0  0.0133333  0.26  0.63  0.815
  -1.44  0  0  0.04  0.28  0.64  0.82
  -1.4  0  0  0.0666667  0.3  0.65  0.825
  -1.36  0  0  0.0933333  0.32  0.66  0.83
  -1.32  0  0  0.12  0.34  0.67  0.835
  -1.28  0  0  0.146667  0.36  0.68  0.84
  -1.24  0  0  0.173333  0.38  0.69  0.845
  -1.2  0  0  0.2  0.4  0.7  0.85
  -1.16  0  0  0.226667  0.42  0.71  0.855
  -1.12  0  0  0.253333  0.44  0.72  0.86
  -1.08  0  0  0.28  0.46  0.73  0.865
  -1.04  0  0  0.306667  0.48  0.74  0.87
  -1  0  0  0.333333  0.5  0.75  0.875
  -0.96  0  0.04  0.36  0.52  0.76  0.88
  -0.92  0  0.08  0.386667  0.54  0.77  0.885
  -0.88  0  0.12  0.413333  0.56  0.78  0.89
  -0.84  0  0.16  0.44  0.58  0.79  0.895
  -0.8  0  0.2  0.466667  0.6  0.8  0.9
  -0.76  0  0.24  0.493333  0.62  0.81  0.905
  -0.72  0  0.28  0.52  0.64  0.82  0.91
  -0.68  0  0.32  0.546667  0.66  0.83  0.915
  -0.64  0  0.36  0.573333  0.68  0.84  0.92
  -0.6  0  0.4  0.6  0.7  0.85  0.925
  -0.56  0  0.44  0.626667  0.72  0.86  0.93
  -0.52  0  0.48  0.653333  0.74  0.87  0.935
  -0.48  0.04  0.52  0.68  0.76  0.88  0.94
  -0.44  0.12  0.56  0.706667  0.78  0.89  0.945
  -0.4  0.2  0.6  0.733333  0.8  0.9  0.95
  -0.36  0.28  0.64  0.76  0.82  0.91  0.955
  -0.32  0.36  0.68  0.786667  0.84  0.92  0.96
  -0.28  0.44  0.72  0.813333  0.86  0.93  0.965
  -0.24  0.52  0.76  0.84  0.88  0.94  0.97
  -0.2  0.6  0.8  0.866667  0.9  0.95  0.975
  -0.16  0.68  0.84  0.893333  0.92  0.96  0.98
  -0.12  0.76  0.88  0.92  0.94  0.97  0.985
  -0.08  0.84  0.92  0.946667  0.96  0.98  0.99
  -0.04  0.92  0.96  0.973333  0.98  0.99  0.995
  0  1  1  1  1  1  1
  0.04  0.92  0.96  0.973333  0.98  0.99  0.995
  0.08  0.84  0.92  0.946667  0.96  0.98  0.99
  0.12  0.76  0.88  0.92  0.94  0.97  0.985
  0.16  0.68  0.84  0.893333  0.92  0.96  0.98
  0.2  0.6  0.8  0.866667  0.9  0.95  0.975
  0.24  0.52  0.76  0.84  0.88  0.94  0.97
  0.28  0.44  0.72  0.813333  0.86  0.93  0.965
  0.32  0.36  0.68  0.786667  0.84  0.92  0.96
  0.36  0.28  0.64  0.76  0.82  0.91  0.955
  0.4  0.2  0.6  0.733333  0.8  0.9  0.95
  0.44  0.12  0.56  0.706667  0.78  0.89  0.945
  0.48  0.04  0.52  0.68  0.76  0.88  0.94
  0.52  0  0.48  0.653333  0.74  0.87  0.935
  0.56  0  0.44  0.626667  0.72  0.86  0.93
  0.6  0  0.4  0.6  0.7  0.85  0.925
  0.64  0  0.36  0.573333  0.68  0.84  0.92
  0.68  0  0.32  0.546667  0.66  0.83  0.915
  0.72  0  0.28  0.52  0.64  0.82  0.91
  0.76  0  0.24  0.493333  0.62  0.81  0.905
  0.8  0  0.2  0.466667  0.6  0.8  0.9
  0.84  0  0.16  0.44  0.58  0.79  0.895
  0.88  0  0.12  0.413333  0.56  0.78  0.89
  0.92  0  0.08  0.386667  0.54  0.77  0.885
  0.96  0  0.04  0.36  0.52  0.76  0.88
  1  0  0  0.333333  0.5  0.75  0.875
  1.04  0  0  0.306667  0.48  0.74  0.87
  1.08  0  0  0.28  0.46  0.73  0.865
  1.12  0  0  0.253333  0.44  0.72  0.86
  1.16  0  0  0.226667  0.42  0.71  0.855
  1.2  0  0  0.2  0.4  0.7  0.85
  1.24  0  0  0.173333  0.38  0.69  0.845
  1.28  0  0  0.146667  0.36  0.68  0.84
  1.32  0  0  0.12  0.34  0.67  0.835
  1.36  0  0  0.0933333  0.32  0.66  0.83
  1.4  0  0  0.0666667  0.3  0.65  0.825
  1.44  0  0  0.04  0.28  0.64  0.82
  1.48  0  0  0.0133333  0.26  0.63  0.815
  1.52  0  0  0  0.24  0.62  0.81
  1.56  0  0  0  0.22  0.61  0.805
  1.6  0  0  0  0.2  0.6  0.8
  1.64  0  0  0  0.18  0.59  0.795
  1.68  0  0  0  0.16  0.58  0.79
  1.72  0  0  0  0.14  0.57  0.785
  1.76  0  0  0  0.12  0.56  0.78
  1.8  0  0  0  0.1  0.55  0.775
  1.84  0  0  0  0.08  0.54  0.77
  1.88  0  0  0  0.06  0.53  0.765
  1.92  0  0  0  0.04  0.52  0.76
  1.96  0  0  0  0.02  0.51  0.755
  2  0  0  0  0  0.5  0.75
