  -2  0
  -1.96  0
  -1.92  0
  -1.88  0
  -1.84  0
  -1.8  0
  -1.76  0
  -1.72  0
  -1.68  0
  -1.64  0
  -1.6  0
  -1.56  0
  -1.52  0
  -1.48  0
  -1.44  0
  -1.4  0
  -1.36  0
  -1.32  0
  -1.28  0
  -1.24  0
  -1.2  0
  -1.16  0
  -1.12  0
  -1.08  0
  -1.04  0
  -1  0
  -0.96  0.04
  -0.92  0.08
  -0.88  0.12
  -0.84  0.16
  -0.8  0.2
  -0.76  0.24
  -0.72  0.28
  -0.68  0.32
  -0.64  0.36
  -0.6  0.4
  -0.56  0.44
  -0.52  0.48
  -0.48  0.52
  -0.44  0.56
  -0.4  0.6
  -0.36  0.64
  -0.32  0.68
  -0.28  0.72
  -0.24  0.76
  -0.2  0.8
  -0.16  0.84
  -0.12  0.88
  -0.08  0.92
  -0.04  0.96
  0  1
  0.04  0.96
  0.08  0.92
  0.12  0.88
  0.16  0.84
  0.2  0.8
  0.24  0.76
  0.28  0.72
  0.32  0.68
  0.36  0.64
  0.4  0.6
  0.44  0.56
  0.48  0.52
  0.52  0.48
  0.56  0.44
  0.6  0.4
  0.64  0.36
  0.68  0.32
  0.72  0.28
  0.76  0.24
  0.8  0.2
  0.84  0.16
  0.88  0.12
  0.92  0.08
  0.96  0.04
  1  0
  1.04  0
  1.08  0
  1.12  0
  1.16  0
  1.2  0
  1.24  0
  1.28  0
  1.32  0
  1.36  0
  1.4  0
  1.44  0
  1.48  0
  1.52  0
  1.56  0
  1.6  0
  1.64  0
  1.68  0
  1.72  0
  1.76  0
  1.8  0
  1.84  0
  1.88  0
  1.92  0
  1.96  0
  2  0
