  0  0.847607  0.548248  0.734865
  0.1  1.13583  0.36584  0.711941
  0.2  1.32818  0.158386  0.733714
  0.3  1.38082  -0.143087  0.738727
  0.4  1.31508  -0.497431  0.720081
  0.5  1.24949  -0.782128  0.764298
  0.6  1.23143  -1.00441  0.862637
  0.7  1.29534  -1.12062  1.00133
  0.8  1.44469  -1.0694  1.15968
  0.9  1.50808  -0.972524  1.35067
  1  1.35211  -0.849272  1.52736
  1.1  0.939232  -0.726903  1.62132
  1.2  0.463431  -0.649848  1.63922
  1.3  0.0589317  -0.498646  1.5928
  1.4  -0.318599  -0.271215  1.46755
  1.5  -0.608966  -0.153346  1.35922
  1.6  -0.784524  -0.0891907  1.26681
  1.7  -0.882539  -0.0874954  1.2519
  1.8  -0.901708  -0.0886856  1.19452
  1.9  -0.740471  -0.08368  1.0417
  2  -0.457267  -0.044719  0.886033
  2.1  -0.145549  0.0233945  0.789826
  2.2  0.106169  0.210342  0.871913
  2.3  0.387845  0.454172  1.03306
  2.4  0.680168  0.649472  1.17334
  2.5  0.991731  0.713294  1.25608
  2.6  1.22376  0.668881  1.34219
  2.7  1.26958  0.570372  1.34078
  2.8  1.26885  0.329351  1.27775
  2.9  1.26328  -0.0410421  1.18461
  3  1.26574  -0.538401  1.08186
  3.1  1.21792  -1.1372  0.918815
  3.2  1.09727  -1.69235  0.66376
  3.3  0.910365  -2.14229  0.332124
  3.4  0.708189  -2.40342  0.0541505
  3.5  0.506745  -2.4254  -0.0673749
  3.6  0.309349  -2.21509  -0.041523
  3.7  0.143511  -1.95401  0.0831292
  3.8  -0.0800055  -1.69503  0.248574
  3.9  -0.301225  -1.57907  0.584495
  4  -0.394846  -1.48817  1.00993
  4.1  -0.420348  -1.42135  1.33341
  4.2  -0.38053  -1.3372  1.4644
  4.3  -0.330402  -1.16461  1.43157
  4.4  -0.253033  -0.964703  1.35921
  4.5  -0.176703  -0.772883  1.29104
  4.6  -0.2147  -0.592318  1.19941
  4.7  -0.365222  -0.37812  1.16764
  4.8  -0.434494  -0.19317  1.20156
  4.9  -0.385451  -0.110242  1.09957
  5  -0.312996  0.0269811  0.865618
  5.1  -0.283993  0.221022  0.559809
  5.2  -0.41266  0.355544  0.280987
  5.3  -0.609381  0.442004  0.0143721
  5.4  -0.896421  0.445471  -0.316445
  5.5  -1.21957  0.393319  -0.643779
  5.6  -1.44398  0.327507  -0.82528
  5.7  -1.54049  0.172704  -0.905667
  5.8  -1.56286  -0.0673282  -0.967683
  5.9  -1.567  -0.290089  -0.999437
  6  -1.52606  -0.493356  -1.07643
  6.1  -1.45284  -0.687748  -1.15384
  6.2  -1.36691  -0.876557  -1.23009
  6.3  -1.42429  -1.10574  -1.29344
  6.4  -1.57293  -1.29143  -1.31062
  6.5  -1.79617  -1.40757  -1.23143
  6.6  -1.91471  -1.54827  -0.986511
  6.7  -1.83111  -1.74817  -0.692953
  6.8  -1.68865  -1.89114  -0.421246
  6.9  -1.40135  -1.98302  -0.185925
  7  -0.998888  -1.99543  -0.0896824
  7.1  -0.514131  -1.90745  -0.128346
  7.2  0.0334002  -1.81514  -0.239464
  7.3  0.598124  -1.69135  -0.399938
  7.4  1.13811  -1.57257  -0.597746
  7.5  1.59727  -1.43066  -0.751114
  7.6  2.01696  -1.25109  -0.847686
  7.7  2.37028  -1.11972  -0.937215
  7.8  2.54723  -1.05841  -1.04909
  7.9  2.56195  -0.965492  -1.07119
  8  2.5204  -0.883153  -0.985984
  8.1  2.43392  -0.846942  -0.984584
  8.2  2.25563  -0.767547  -0.996769
  8.3  2.05322  -0.720138  -1.00053
  8.4  1.80146  -0.749555  -0.959856
  8.5  1.53067  -0.754697  -0.921974
  8.6  1.26723  -0.762463  -0.939766
  8.7  1.08636  -0.743479  -1.05115
  8.8  0.9892  -0.653552  -1.08154
  8.9  0.911505  -0.490133  -0.94213
  9  0.893432  -0.307291  -0.724735
  9.1  0.901452  -0.175575  -0.540365
  9.2  0.873907  -0.221552  -0.404278
  9.3  0.850175  -0.375997  -0.339604
  9.4  0.894912  -0.48738  -0.246028
  9.5  1.00205  -0.576121  -0.0758595
  9.6  1.10298  -0.623485  0.119312
  9.7  1.11742  -0.571743  0.303633
  9.8  1.06572  -0.463747  0.458792
  9.9  0.938927  -0.300139  0.561727
  10  0.795639  -0.0290143  0.591273
