  -2  0.037014
  -1.96  0.0406742
  -1.92  0.044673
  -1.88  0.0490386
  -1.84  0.0538011
  -1.8  0.0589922
  -1.76  0.0646459
  -1.72  0.070798
  -1.68  0.0774864
  -1.64  0.084751
  -1.6  0.0926336
  -1.56  0.101178
  -1.52  0.110429
  -1.48  0.120435
  -1.44  0.131244
  -1.4  0.142905
  -1.36  0.155469
  -1.32  0.168988
  -1.28  0.183511
  -1.24  0.199091
  -1.2  0.215775
  -1.16  0.233611
  -1.12  0.252643
  -1.08  0.27291
  -1.04  0.294448
  -1  0.317283
  -0.96  0.341436
  -0.92  0.366914
  -0.88  0.393716
  -0.84  0.421823
  -0.8  0.451202
  -0.76  0.481798
  -0.72  0.513536
  -0.68  0.546316
  -0.64  0.580008
  -0.6  0.614453
  -0.56  0.649457
  -0.52  0.68479
  -0.48  0.72018
  -0.44  0.755316
  -0.4  0.789845
  -0.36  0.823369
  -0.32  0.855451
  -0.28  0.885615
  -0.24  0.913354
  -0.2  0.938138
  -0.16  0.959431
  -0.12  0.976708
  -0.08  0.989483
  -0.04  0.997343
  0  1
  0.04  0.997343
  0.08  0.989483
  0.12  0.976708
  0.16  0.959431
  0.2  0.938138
  0.24  0.913354
  0.28  0.885615
  0.32  0.855451
  0.36  0.823369
  0.4  0.789845
  0.44  0.755316
  0.48  0.72018
  0.52  0.68479
  0.56  0.649457
  0.6  0.614453
  0.64  0.580008
  0.68  0.546316
  0.72  0.513536
  0.76  0.481798
  0.8  0.451202
  0.84  0.421823
  0.88  0.393716
  0.92  0.366914
  0.96  0.341436
  1  0.317283
  1.04  0.294448
  1.08  0.27291
  1.12  0.252643
  1.16  0.233611
  1.2  0.215775
  1.24  0.199091
  1.28  0.183511
  1.32  0.168988
  1.36  0.155469
  1.4  0.142905
  1.44  0.131244
  1.48  0.120435
  1.52  0.110429
  1.56  0.101178
  1.6  0.0926336
  1.64  0.084751
  1.68  0.0774864
  1.72  0.070798
  1.76  0.0646459
  1.8  0.0589922
  1.84  0.0538011
  1.88  0.0490386
  1.92  0.044673
  1.96  0.0406742
  2  0.037014
