  -2  0.000215041  0.037014  0.164372  0.317283  0.702496  0.906675
  -1.96  0.000267165  0.0406742  0.173715  0.329194  0.711343  0.910037
  -1.92  0.000331706  0.044673  0.183511  0.341436  0.72018  0.913354
  -1.88  0.000411558  0.0490386  0.193777  0.354009  0.729001  0.916624
  -1.84  0.000510273  0.0538011  0.204527  0.366914  0.737801  0.919848
  -1.8  0.000632203  0.0589922  0.215775  0.38015  0.746574  0.923023
  -1.76  0.000782672  0.0646459  0.227535  0.393716  0.755316  0.926149
  -1.72  0.000968187  0.070798  0.23982  0.407608  0.76402  0.929224
  -1.68  0.00119669  0.0774864  0.252643  0.421823  0.77268  0.932248
  -1.64  0.00147785  0.084751  0.266015  0.436356  0.781291  0.93522
  -1.6  0.00182344  0.0926336  0.279947  0.451202  0.789845  0.938138
  -1.56  0.00224776  0.101178  0.294448  0.466352  0.798336  0.941002
  -1.52  0.0027681  0.110429  0.309526  0.481798  0.806759  0.94381
  -1.48  0.00340544  0.120435  0.325187  0.49753  0.815105  0.946561
  -1.44  0.00418507  0.131244  0.341436  0.513536  0.823369  0.949255
  -1.4  0.00513744  0.142905  0.358274  0.529803  0.831543  0.951889
  -1.36  0.00629917  0.155469  0.375702  0.546316  0.839619  0.954464
  -1.32  0.00771413  0.168988  0.393716  0.563057  0.847591  0.956979
  -1.28  0.00943474  0.183511  0.412311  0.580008  0.855451  0.959431
  -1.24  0.0115235  0.199091  0.431477  0.597148  0.863191  0.961821
  -1.2  0.0140545  0.215775  0.451202  0.614453  0.870804  0.964147
  -1.16  0.0171157  0.233611  0.471468  0.631899  0.878281  0.966408
  -1.12  0.0208104  0.252643  0.492255  0.649457  0.885615  0.968603
  -1.08  0.0252601  0.27291  0.513536  0.667098  0.892798  0.970732
  -1.04  0.0306064  0.294448  0.535281  0.68479  0.89982  0.972793
  -1  0.037014  0.317283  0.557453  0.702496  0.906675  0.974785
  -0.96  0.044673  0.341436  0.580008  0.72018  0.913354  0.976708
  -0.92  0.0538011  0.366914  0.602899  0.737801  0.919848  0.978561
  -0.88  0.0646459  0.393716  0.62607  0.755316  0.926149  0.980342
  -0.84  0.0774864  0.421823  0.649457  0.77268  0.932248  0.98205
  -0.8  0.0926336  0.451202  0.672992  0.789845  0.938138  0.983686
  -0.76  0.110429  0.481798  0.696594  0.806759  0.94381  0.985248
  -0.72  0.131244  0.513536  0.72018  0.823369  0.949255  0.986735
  -0.68  0.155469  0.546316  0.743653  0.839619  0.954464  0.988147
  -0.64  0.183511  0.580008  0.766912  0.855451  0.959431  0.989483
  -0.6  0.215775  0.614453  0.789845  0.870804  0.964147  0.990741
  -0.56  0.252643  0.649457  0.812332  0.885615  0.968603  0.991922
  -0.52  0.294448  0.68479  0.834246  0.89982  0.972793  0.993025
  -0.48  0.341436  0.72018  0.855451  0.913354  0.976708  0.994049
  -0.44  0.393716  0.755316  0.875804  0.926149  0.980342  0.994993
  -0.4  0.451202  0.789845  0.895157  0.938138  0.983686  0.995857
  -0.36  0.513536  0.823369  0.913354  0.949255  0.986735  0.996641
  -0.32  0.580008  0.855451  0.930238  0.959431  0.989483  0.997343
  -0.28  0.649457  0.885615  0.94565  0.968603  0.991922  0.997964
  -0.24  0.72018  0.913354  0.959431  0.976708  0.994049  0.998503
  -0.2  0.789845  0.938138  0.971427  0.983686  0.995857  0.99896
  -0.16  0.855451  0.959431  0.981489  0.989483  0.997343  0.999334
  -0.12  0.913354  0.976708  0.989483  0.994049  0.998503  0.999625
  -0.08  0.959431  0.989483  0.99529  0.997343  0.999334  0.999833
  -0.04  0.989483  0.997343  0.998817  0.999334  0.999833  0.999958
  0  1  1  1  1  1  1
  0.04  0.989483  0.997343  0.998817  0.999334  0.999833  0.999958
  0.08  0.959431  0.989483  0.99529  0.997343  0.999334  0.999833
  0.12  0.913354  0.976708  0.989483  0.994049  0.998503  0.999625
  0.16  0.855451  0.959431  0.981489  0.989483  0.997343  0.999334
  0.2  0.789845  0.938138  0.971427  0.983686  0.995857  0.99896
  0.24  0.72018  0.913354  0.959431  0.976708  0.994049  0.998503
  0.28  0.649457  0.885615  0.94565  0.968603  0.991922  0.997964
  0.32  0.580008  0.855451  0.930238  0.959431  0.989483  0.997343
  0.36  0.513536  0.823369  0.913354  0.949255  0.986735  0.996641
  0.4  0.451202  0.789845  0.895157  0.938138  0.983686  0.995857
  0.44  0.393716  0.755316  0.875804  0.926149  0.980342  0.994993
  0.48  0.341436  0.72018  0.855451  0.913354  0.976708  0.994049
  0.52  0.294448  0.68479  0.834246  0.89982  0.972793  0.993025
  0.56  0.252643  0.649457  0.812332  0.885615  0.968603  0.991922
  0.6  0.215775  0.614453  0.789845  0.870804  0.964147  0.990741
  0.64  0.183511  0.580008  0.766912  0.855451  0.959431  0.989483
  0.68  0.155469  0.546316  0.743653  0.839619  0.954464  0.988147
  0.72  0.131244  0.513536  0.72018  0.823369  0.949255  0.986735
  0.76  0.110429  0.481798  0.696594  0.806759  0.94381  0.985248
  0.8  0.0926336  0.451202  0.672992  0.789845  0.938138  0.983686
  0.84  0.0774864  0.421823  0.649457  0.77268  0.932248  0.98205
  0.88  0.0646459  0.393716  0.62607  0.755316  0.926149  0.980342
  0.92  0.0538011  0.366914  0.602899  0.737801  0.919848  0.978561
  0.96  0.044673  0.341436  0.580008  0.72018  0.913354  0.976708
  1  0.037014  0.317283  0.557453  0.702496  0.906675  0.974785
  1.04  0.0306064  0.294448  0.535281  0.68479  0.89982  0.972793
  1.08  0.0252601  0.27291  0.513536  0.667098  0.892798  0.970732
  1.12  0.0208104  0.252643  0.492255  0.649457  0.885615  0.968603
  1.16  0.0171157  0.233611  0.471468  0.631899  0.878281  0.966408
  1.2  0.0140545  0.215775  0.451202  0.614453  0.870804  0.964147
  1.24  0.0115235  0.199091  0.431477  0.597148  0.863191  0.961821
  1.28  0.00943474  0.183511  0.412311  0.580008  0.855451  0.959431
  1.32  0.00771413  0.168988  0.393716  0.563057  0.847591  0.956979
  1.36  0.00629917  0.155469  0.375702  0.546316  0.839619  0.954464
  1.4  0.00513744  0.142905  0.358274  0.529803  0.831543  0.951889
  1.44  0.00418507  0.131244  0.341436  0.513536  0.823369  0.949255
  1.48  0.00340544  0.120435  0.325187  0.49753  0.815105  0.946561
  1.52  0.0027681  0.110429  0.309526  0.481798  0.806759  0.94381
  1.56  0.00224776  0.101178  0.294448  0.466352  0.798336  0.941002
  1.6  0.00182344  0.0926336  0.279947  0.451202  0.789845  0.938138
  1.64  0.00147785  0.084751  0.266015  0.436356  0.781291  0.93522
  1.68  0.00119669  0.0774864  0.252643  0.421823  0.77268  0.932248
  1.72  0.000968187  0.070798  0.23982  0.407608  0.76402  0.929224
  1.76  0.000782672  0.0646459  0.227535  0.393716  0.755316  0.926149
  1.8  0.000632203  0.0589922  0.215775  0.38015  0.746574  0.923023
  1.84  0.000510273  0.0538011  0.204527  0.366914  0.737801  0.919848
  1.88  0.000411558  0.0490386  0.193777  0.354009  0.729001  0.916624
  1.92  0.000331706  0.044673  0.183511  0.341436  0.72018  0.913354
  1.96  0.000267165  0.0406742  0.173715  0.329194  0.711343  0.910037
  2  0.000215041  0.037014  0.164372  0.317283  0.702496  0.906675
