  0  1.67904  -0.964263  -0.0607906
  0.1  1.09153  -1.01859  0.460374
  0.2  0.496384  -1.93071  0.0786098
  0.3  0.164364  -1.868  0.188113
  0.4  0.722947  -1.19658  0.971768
  0.5  0.843222  -1.36915  1.00075
  0.6  1.38593  -0.594239  1.30637
  0.7  1.74287  0.310709  1.36225
  0.8  0.483027  -0.244323  1.75776
  0.9  -0.743837  0.243281  1.46373
  1  -2.02497  0.0490215  0.948569
  1.1  -1.40146  -0.238244  0.820497
  1.2  -1.20571  0.88717  0.511047
  1.3  -1.78167  0.912147  0.0132009
  1.4  -1.05446  -0.424083  0.618918
  1.5  -0.746762  0.20516  0.321559
  1.6  -0.618794  -0.449478  1.12572
  1.7  -0.150446  0.0750748  0.0038282
  1.8  1.23299  -0.104131  -0.294229
  1.9  1.23214  0.291851  0.136487
  2  1.22876  0.305027  0.42281
  2.1  0.753158  1.49709  1.791
  2.2  1.75091  1.24562  1.28252
  2.3  1.47026  0.873046  1.12057
  2.4  1.95161  0.0820405  0.864873
  2.5  1.05242  -0.0749666  1.36625
  2.6  0.0298347  -0.194866  0.269065
  2.7  0.843972  -1.56118  0.453434
  2.8  0.594841  -1.94198  0.198114
  2.9  0.78162  -2.90078  0.198545
  3  0.136606  -3.43646  -0.496005
  3.1  -0.141846  -2.80655  -0.997667
  3.2  -0.462301  -2.64983  -1.36939
  3.3  -0.325277  -1.55754  -0.597579
  3.4  -0.478574  -0.528826  0.201407
  3.5  -0.554712  0.476514  0.606227
  3.6  -0.390442  -0.157138  0.888867
  3.7  -1.34141  0.209339  0.942666
  3.8  -0.796687  -1.20271  2.74242
  3.9  0.10941  -0.170365  2.44382
  4  -0.234645  -0.836889  1.49514
  4.1  0.302374  -0.325674  0.621852
  4.2  -0.0567674  0.291997  0.181824
  4.3  0.411145  0.0441098  0.545929
  4.4  0.146489  0.186492  0.431117
  4.5  -0.871617  0.28779  0.0998215
  4.6  -1.14646  0.842313  0.898741
  4.7  0.125852  0.32649  0.976389
  4.8  0.299665  -0.240544  -0.649758
  4.9  -0.0187147  1.08393  -0.689541
  5  -0.317992  0.919076  -1.03753
  5.1  -1.5658  0.277611  -0.617486
  5.2  -1.10939  0.478109  -1.10969
  5.3  -2.15838  -0.184302  -1.87139
  5.4  -1.97439  -0.10971  -1.48108
  5.5  -1.21363  -0.103953  -0.41118
  5.6  -0.893495  -1.05889  -0.598154
  5.7  -0.862571  -1.28042  -0.770433
  5.8  -0.926746  -0.852071  -0.463512
  5.9  -0.418231  -1.11535  -1.23036
  6  -0.433752  -1.14175  -0.762781
  6.1  -0.380052  -1.24771  -1.05069
  6.2  -1.91502  -1.78572  -0.904785
  6.3  -1.64605  -1.08903  -0.644974
  6.4  -2.34867  -1.02244  0.00749108
  6.5  -0.865128  -1.71421  1.11758
  6.6  -0.0124291  -2.02916  0.655503
  6.7  -0.584359  -1.2121  0.738332
  6.8  1.14339  -1.4415  0.694986
  6.9  1.2773  -0.813958  -0.39354
  7  2.00388  -0.39262  -0.665493
  7.1  2.45219  -0.887306  -0.824383
  7.2  2.62015  -0.243293  -1.14721
  7.3  2.65837  -0.595414  -1.37627
  7.4  2.31532  -0.0678991  -0.820211
  7.5  2.76478  0.0846602  -0.767166
  7.6  2.35696  -0.537803  -0.98875
  7.7  1.24204  -0.677655  -1.15763
  7.8  0.950901  0.0630069  -0.0894634
  7.9  1.18528  -0.464082  0.143205
  8  0.781415  -0.593723  -1.23778
  8.1  0.120213  0.156039  -0.366586
  8.2  0.440753  -0.64487  -0.641102
  8.3  -0.266108  -0.895159  -0.131543
  8.4  -0.114816  -0.195838  -0.56469
  8.5  -0.215226  -0.658735  -0.912321
  8.6  0.459146  -0.173844  -1.51261
  8.7  0.523289  0.252089  -0.0950172
  8.8  0.269922  0.611063  0.646853
  8.9  0.903673  0.50264  0.512364
  9  0.640243  0.126241  0.11724
  9.1  0.28514  -1.19961  0.148336
  9.2  0.614902  -1.01416  -0.259862
  9.3  1.10949  -0.377505  0.586817
  9.4  1.23597  -0.797159  0.913123
  9.5  0.921105  -0.381205  0.782653
  9.6  0.29012  0.267463  0.771904
  9.7  0.287001  0.227983  0.707549
  9.8  -0.273045  0.760764  0.493186
  9.9  -0.00783347  1.61559  0.15585
  10  0.262736  1.80959  -0.205452
