  -2  0  0  0  0  0.207031  0.550415
  -1.96  0  0  0  1.97012e-05  0.217718  0.558677
  -1.92  0  0  0  0.000155238  0.228685  0.566981
  -1.88  0  0  0  0.000515992  0.239928  0.575329
  -1.84  0  0  0  0.00120443  0.251446  0.583717
  -1.8  0  0  0  0.00231625  0.263236  0.592147
  -1.76  0  0  0  0.00394053  0.275296  0.600617
  -1.72  0  0  0  0.00615987  0.287621  0.609126
  -1.68  0  0  0  0.00905052  0.300209  0.617673
  -1.64  0  0  0  0.0126826  0.313057  0.626258
  -1.6  0  0  0  0.01712  0.32616  0.63488
  -1.56  0  0  0  0.022421  0.339515  0.643538
  -1.52  0  0  0  0.0286378  0.353119  0.652231
  -1.48  0  0  5.86682e-06  0.0358173  0.366966  0.660958
  -1.44  0  0  0.000155238  0.0440006  0.381053  0.669719
  -1.4  0  0  0.000704198  0.0532237  0.395374  0.678513
  -1.36  0  0  0.00189297  0.0635175  0.409926  0.687338
  -1.32  0  0  0.00394053  0.0749075  0.424704  0.696194
  -1.28  0  0  0.00704524  0.0874147  0.439702  0.705081
  -1.24  0  0  0.0113854  0.101055  0.454915  0.713996
  -1.2  0  0  0.01712  0.11584  0.470339  0.72294
  -1.16  0  0  0.0243891  0.131777  0.485967  0.731912
  -1.12  0  0  0.0333145  0.148868  0.501795  0.74091
  -1.08  0  0  0.0440006  0.167111  0.517816  0.749934
  -1.04  0  0  0.0565347  0.186502  0.534024  0.758982
  -1  0  0  0.0709877  0.207031  0.550415  0.768055
  -0.96  0  0.000155238  0.0874147  0.228685  0.566981  0.777151
  -0.92  0  0.00120443  0.105856  0.251446  0.583717  0.786269
  -0.88  0  0.00394053  0.126336  0.275296  0.600617  0.795408
  -0.84  0  0.00905052  0.148868  0.300209  0.617673  0.804567
  -0.8  0  0.01712  0.173448  0.32616  0.63488  0.813746
  -0.76  0  0.0286378  0.200063  0.353119  0.652231  0.822944
  -0.72  0  0.0440006  0.228685  0.381053  0.669719  0.832159
  -0.68  0  0.0635175  0.259276  0.409926  0.687338  0.841391
  -0.64  0  0.0874147  0.291788  0.439702  0.705081  0.850639
  -0.6  0  0.11584  0.32616  0.470339  0.72294  0.859901
  -0.56  0  0.148868  0.362323  0.501795  0.74091  0.869178
  -0.52  0  0.186502  0.400199  0.534024  0.758982  0.878468
  -0.48  0.000155238  0.228685  0.439702  0.566981  0.777151  0.88777
  -0.44  0.00394053  0.275296  0.480735  0.600617  0.795408  0.897083
  -0.4  0.01712  0.32616  0.523198  0.63488  0.813746  0.906406
  -0.36  0.0440006  0.381053  0.566981  0.669719  0.832159  0.915739
  -0.32  0.0874147  0.439702  0.611971  0.705081  0.850639  0.92508
  -0.28  0.148868  0.501795  0.658045  0.74091  0.869178  0.934429
  -0.24  0.228685  0.566981  0.705081  0.777151  0.88777  0.943784
  -0.2  0.32616  0.63488  0.752947  0.813746  0.906406  0.953145
  -0.16  0.439702  0.705081  0.801512  0.850639  0.92508  0.96251
  -0.12  0.566981  0.777151  0.850639  0.88777  0.943784  0.971879
  -0.08  0.705081  0.850639  0.900189  0.92508  0.96251  0.981251
  -0.04  0.850639  0.92508  0.950024  0.96251  0.981251  0.990625
  0  1  1  1  1  1  1
  0.04  0.850639  0.92508  0.950024  0.96251  0.981251  0.990625
  0.08  0.705081  0.850639  0.900189  0.92508  0.96251  0.981251
  0.12  0.566981  0.777151  0.850639  0.88777  0.943784  0.971879
  0.16  0.439702  0.705081  0.801512  0.850639  0.92508  0.96251
  0.2  0.32616  0.63488  0.752947  0.813746  0.906406  0.953145
  0.24  0.228685  0.566981  0.705081  0.777151  0.88777  0.943784
  0.28  0.148868  0.501795  0.658045  0.74091  0.869178  0.934429
  0.32  0.0874147  0.439702  0.611971  0.705081  0.850639  0.92508
  0.36  0.0440006  0.381053  0.566981  0.669719  0.832159  0.915739
  0.4  0.01712  0.32616  0.523198  0.63488  0.813746  0.906406
  0.44  0.00394053  0.275296  0.480735  0.600617  0.795408  0.897083
  0.48  0.000155238  0.228685  0.439702  0.566981  0.777151  0.88777
  0.52  0  0.186502  0.400199  0.534024  0.758982  0.878468
  0.56  0  0.148868  0.362323  0.501795  0.74091  0.869178
  0.6  0  0.11584  0.32616  0.470339  0.72294  0.859901
  0.64  0  0.0874147  0.291788  0.439702  0.705081  0.850639
  0.68  0  0.0635175  0.259276  0.409926  0.687338  0.841391
  0.72  0  0.0440006  0.228685  0.381053  0.669719  0.832159
  0.76  0  0.0286378  0.200063  0.353119  0.652231  0.822944
  0.8  0  0.01712  0.173448  0.32616  0.63488  0.813746
  0.84  0  0.00905052  0.148868  0.300209  0.617673  0.804567
  0.88  0  0.00394053  0.126336  0.275296  0.600617  0.795408
  0.92  0  0.00120443  0.105856  0.251446  0.583717  0.786269
  0.96  0  0.000155238  0.0874147  0.228685  0.566981  0.777151
  1  0  0  0.0709877  0.207031  0.550415  0.768055
  1.04  0  0  0.0565347  0.186502  0.534024  0.758982
  1.08  0  0  0.0440006  0.167111  0.517816  0.749934
  1.12  0  0  0.0333145  0.148868  0.501795  0.74091
  1.16  0  0  0.0243891  0.131777  0.485967  0.731912
  1.2  0  0  0.01712  0.11584  0.470339  0.72294
  1.24  0  0  0.0113854  0.101055  0.454915  0.713996
  1.28  0  0  0.00704524  0.0874147  0.439702  0.705081
  1.32  0  0  0.00394053  0.0749075  0.424704  0.696194
  1.36  0  0  0.00189297  0.0635175  0.409926  0.687338
  1.4  0  0  0.000704198  0.0532237  0.395374  0.678513
  1.44  0  0  0.000155238  0.0440006  0.381053  0.669719
  1.48  0  0  5.86682e-06  0.0358173  0.366966  0.660958
  1.52  0  0  0  0.0286378  0.353119  0.652231
  1.56  0  0  0  0.022421  0.339515  0.643538
  1.6  0  0  0  0.01712  0.32616  0.63488
  1.64  0  0  0  0.0126826  0.313057  0.626258
  1.68  0  0  0  0.00905052  0.300209  0.617673
  1.72  0  0  0  0.00615987  0.287621  0.609126
  1.76  0  0  0  0.00394053  0.275296  0.600617
  1.8  0  0  0  0.00231625  0.263236  0.592147
  1.84  0  0  0  0.00120443  0.251446  0.583717
  1.88  0  0  0  0.000515992  0.239928  0.575329
  1.92  0  0  0  0.000155238  0.228685  0.566981
  1.96  0  0  0  1.97012e-05  0.217718  0.558677
  2  0  0  0  0  0.207031  0.550415
