  -2  0
  -1.96  0
  -1.92  0
  -1.88  0
  -1.84  0
  -1.8  0
  -1.76  0
  -1.72  0
  -1.68  0
  -1.64  0
  -1.6  0
  -1.56  0
  -1.52  0
  -1.48  0
  -1.44  0
  -1.4  0
  -1.36  0
  -1.32  0
  -1.28  0
  -1.24  0
  -1.2  0
  -1.16  0
  -1.12  0
  -1.08  0
  -1.04  0
  -1  0
  -0.96  0.000155238
  -0.92  0.00120443
  -0.88  0.00394053
  -0.84  0.00905052
  -0.8  0.01712
  -0.76  0.0286378
  -0.72  0.0440006
  -0.68  0.0635175
  -0.64  0.0874147
  -0.6  0.11584
  -0.56  0.148868
  -0.52  0.186502
  -0.48  0.228685
  -0.44  0.275296
  -0.4  0.32616
  -0.36  0.381053
  -0.32  0.439702
  -0.28  0.501795
  -0.24  0.566981
  -0.2  0.63488
  -0.16  0.705081
  -0.12  0.777151
  -0.08  0.850639
  -0.04  0.92508
  0  1
  0.04  0.92508
  0.08  0.850639
  0.12  0.777151
  0.16  0.705081
  0.2  0.63488
  0.24  0.566981
  0.28  0.501795
  0.32  0.439702
  0.36  0.381053
  0.4  0.32616
  0.44  0.275296
  0.48  0.228685
  0.52  0.186502
  0.56  0.148868
  0.6  0.11584
  0.64  0.0874147
  0.68  0.0635175
  0.72  0.0440006
  0.76  0.0286378
  0.8  0.01712
  0.84  0.00905052
  0.88  0.00394053
  0.92  0.00120443
  0.96  0.000155238
  1  0
  1.04  0
  1.08  0
  1.12  0
  1.16  0
  1.2  0
  1.24  0
  1.28  0
  1.32  0
  1.36  0
  1.4  0
  1.44  0
  1.48  0
  1.52  0
  1.56  0
  1.6  0
  1.64  0
  1.68  0
  1.72  0
  1.76  0
  1.8  0
  1.84  0
  1.88  0
  1.92  0
  1.96  0
  2  0
