  -2  0  0  0  0  0.25  0.5625
  -1.96  0  0  0  0.0004  0.2601  0.570025
  -1.92  0  0  0  0.0016  0.2704  0.5776
  -1.88  0  0  0  0.0036  0.2809  0.585225
  -1.84  0  0  0  0.0064  0.2916  0.5929
  -1.8  0  0  0  0.01  0.3025  0.600625
  -1.76  0  0  0  0.0144  0.3136  0.6084
  -1.72  0  0  0  0.0196  0.3249  0.616225
  -1.68  0  0  0  0.0256  0.3364  0.6241
  -1.64  0  0  0  0.0324  0.3481  0.632025
  -1.6  0  0  0  0.04  0.36  0.64
  -1.56  0  0  0  0.0484  0.3721  0.648025
  -1.52  0  0  0  0.0576  0.3844  0.6561
  -1.48  0  0  0.000177778  0.0676  0.3969  0.664225
  -1.44  0  0  0.0016  0.0784  0.4096  0.6724
  -1.4  0  0  0.00444444  0.09  0.4225  0.680625
  -1.36  0  0  0.00871111  0.1024  0.4356  0.6889
  -1.32  0  0  0.0144  0.1156  0.4489  0.697225
  -1.28  0  0  0.0215111  0.1296  0.4624  0.7056
  -1.24  0  0  0.0300444  0.1444  0.4761  0.714025
  -1.2  0  0  0.04  0.16  0.49  0.7225
  -1.16  0  0  0.0513778  0.1764  0.5041  0.731025
  -1.12  0  0  0.0641778  0.1936  0.5184  0.7396
  -1.08  0  0  0.0784  0.2116  0.5329  0.748225
  -1.04  0  0  0.0940444  0.2304  0.5476  0.7569
  -1  0  0  0.111111  0.25  0.5625  0.765625
  -0.96  0  0.0016  0.1296  0.2704  0.5776  0.7744
  -0.92  0  0.0064  0.149511  0.2916  0.5929  0.783225
  -0.88  0  0.0144  0.170844  0.3136  0.6084  0.7921
  -0.84  0  0.0256  0.1936  0.3364  0.6241  0.801025
  -0.8  0  0.04  0.217778  0.36  0.64  0.81
  -0.76  0  0.0576  0.243378  0.3844  0.6561  0.819025
  -0.72  0  0.0784  0.2704  0.4096  0.6724  0.8281
  -0.68  0  0.1024  0.298844  0.4356  0.6889  0.837225
  -0.64  0  0.1296  0.328711  0.4624  0.7056  0.8464
  -0.6  0  0.16  0.36  0.49  0.7225  0.855625
  -0.56  0  0.1936  0.392711  0.5184  0.7396  0.8649
  -0.52  0  0.2304  0.426844  0.5476  0.7569  0.874225
  -0.48  0.0016  0.2704  0.4624  0.5776  0.7744  0.8836
  -0.44  0.0144  0.3136  0.499378  0.6084  0.7921  0.893025
  -0.4  0.04  0.36  0.537778  0.64  0.81  0.9025
  -0.36  0.0784  0.4096  0.5776  0.6724  0.8281  0.912025
  -0.32  0.1296  0.4624  0.618844  0.7056  0.8464  0.9216
  -0.28  0.1936  0.5184  0.661511  0.7396  0.8649  0.931225
  -0.24  0.2704  0.5776  0.7056  0.7744  0.8836  0.9409
  -0.2  0.36  0.64  0.751111  0.81  0.9025  0.950625
  -0.16  0.4624  0.7056  0.798044  0.8464  0.9216  0.9604
  -0.12  0.5776  0.7744  0.8464  0.8836  0.9409  0.970225
  -0.08  0.7056  0.8464  0.896178  0.9216  0.9604  0.9801
  -0.04  0.8464  0.9216  0.947378  0.9604  0.9801  0.990025
  0  1  1  1  1  1  1
  0.04  0.8464  0.9216  0.947378  0.9604  0.9801  0.990025
  0.08  0.7056  0.8464  0.896178  0.9216  0.9604  0.9801
  0.12  0.5776  0.7744  0.8464  0.8836  0.9409  0.970225
  0.16  0.4624  0.7056  0.798044  0.8464  0.9216  0.9604
  0.2  0.36  0.64  0.751111  0.81  0.9025  0.950625
  0.24  0.2704  0.5776  0.7056  0.7744  0.8836  0.9409
  0.28  0.1936  0.5184  0.661511  0.7396  0.8649  0.931225
  0.32  0.1296  0.4624  0.618844  0.7056  0.8464  0.9216
  0.36  0.0784  0.4096  0.5776  0.6724  0.8281  0.912025
  0.4  0.04  0.36  0.537778  0.64  0.81  0.9025
  0.44  0.0144  0.3136  0.499378  0.6084  0.7921  0.893025
  0.48  0.0016  0.2704  0.4624  0.5776  0.7744  0.8836
  0.52  0  0.2304  0.426844  0.5476  0.7569  0.874225
  0.56  0  0.1936  0.392711  0.5184  0.7396  0.8649
  0.6  0  0.16  0.36  0.49  0.7225  0.855625
  0.64  0  0.1296  0.328711  0.4624  0.7056  0.8464
  0.68  0  0.1024  0.298844  0.4356  0.6889  0.837225
  0.72  0  0.0784  0.2704  0.4096  0.6724  0.8281
  0.76  0  0.0576  0.243378  0.3844  0.6561  0.819025
  0.8  0  0.04  0.217778  0.36  0.64  0.81
  0.84  0  0.0256  0.1936  0.3364  0.6241  0.801025
  0.88  0  0.0144  0.170844  0.3136  0.6084  0.7921
  0.92  0  0.0064  0.149511  0.2916  0.5929  0.783225
  0.96  0  0.0016  0.1296  0.2704  0.5776  0.7744
  1  0  0  0.111111  0.25  0.5625  0.765625
  1.04  0  0  0.0940444  0.2304  0.5476  0.7569
  1.08  0  0  0.0784  0.2116  0.5329  0.748225
  1.12  0  0  0.0641778  0.1936  0.5184  0.7396
  1.16  0  0  0.0513778  0.1764  0.5041  0.731025
  1.2  0  0  0.04  0.16  0.49  0.7225
  1.24  0  0  0.0300444  0.1444  0.4761  0.714025
  1.28  0  0  0.0215111  0.1296  0.4624  0.7056
  1.32  0  0  0.0144  0.1156  0.4489  0.697225
  1.36  0  0  0.00871111  0.1024  0.4356  0.6889
  1.4  0  0  0.00444444  0.09  0.4225  0.680625
  1.44  0  0  0.0016  0.0784  0.4096  0.6724
  1.48  0  0  0.000177778  0.0676  0.3969  0.664225
  1.52  0  0  0  0.0576  0.3844  0.6561
  1.56  0  0  0  0.0484  0.3721  0.648025
  1.6  0  0  0  0.04  0.36  0.64
  1.64  0  0  0  0.0324  0.3481  0.632025
  1.68  0  0  0  0.0256  0.3364  0.6241
  1.72  0  0  0  0.0196  0.3249  0.616225
  1.76  0  0  0  0.0144  0.3136  0.6084
  1.8  0  0  0  0.01  0.3025  0.600625
  1.84  0  0  0  0.0064  0.2916  0.5929
  1.88  0  0  0  0.0036  0.2809  0.585225
  1.92  0  0  0  0.0016  0.2704  0.5776
  1.96  0  0  0  0.0004  0.2601  0.570025
  2  0  0  0  0  0.25  0.5625
