  -2  0
  -1.96  0
  -1.92  0
  -1.88  0
  -1.84  0
  -1.8  0
  -1.76  0
  -1.72  0
  -1.68  0
  -1.64  0
  -1.6  0
  -1.56  0
  -1.52  0
  -1.48  0
  -1.44  0
  -1.4  0
  -1.36  0
  -1.32  0
  -1.28  0
  -1.24  0
  -1.2  0
  -1.16  0
  -1.12  0
  -1.08  0
  -1.04  0
  -1  0
  -0.96  0.0016
  -0.92  0.0064
  -0.88  0.0144
  -0.84  0.0256
  -0.8  0.04
  -0.76  0.0576
  -0.72  0.0784
  -0.68  0.1024
  -0.64  0.1296
  -0.6  0.16
  -0.56  0.1936
  -0.52  0.2304
  -0.48  0.2704
  -0.44  0.3136
  -0.4  0.36
  -0.36  0.4096
  -0.32  0.4624
  -0.28  0.5184
  -0.24  0.5776
  -0.2  0.64
  -0.16  0.7056
  -0.12  0.7744
  -0.08  0.8464
  -0.04  0.9216
  0  1
  0.04  0.9216
  0.08  0.8464
  0.12  0.7744
  0.16  0.7056
  0.2  0.64
  0.24  0.5776
  0.28  0.5184
  0.32  0.4624
  0.36  0.4096
  0.4  0.36
  0.44  0.3136
  0.48  0.2704
  0.52  0.2304
  0.56  0.1936
  0.6  0.16
  0.64  0.1296
  0.68  0.1024
  0.72  0.0784
  0.76  0.0576
  0.8  0.04
  0.84  0.0256
  0.88  0.0144
  0.92  0.0064
  0.96  0.0016
  1  0
  1.04  0
  1.08  0
  1.12  0
  1.16  0
  1.2  0
  1.24  0
  1.28  0
  1.32  0
  1.36  0
  1.4  0
  1.44  0
  1.48  0
  1.52  0
  1.56  0
  1.6  0
  1.64  0
  1.68  0
  1.72  0
  1.76  0
  1.8  0
  1.84  0
  1.88  0
  1.92  0
  1.96  0
  2  0
