  0  0.847607  0.548248  0.734865
  0.1  1.6712  -0.121391  0.559591
  0.2  1.10042  -0.364358  0.953934
  0.3  0.545809  -1.45469  0.434955
  0.4  0.263525  -1.51406  0.450103
  0.5  0.867217  -0.955156  1.16172
  0.6  0.981652  -1.2577  1.10598
  0.7  1.50382  -0.566238  1.36006
  0.8  1.81252  0.266054  1.37932
  0.9  0.479959  -0.358579  1.76767
  1  -0.763855  0.147605  1.46821
  1.1  -2.00347  -0.024984  0.964531
  1.2  -1.28151  -0.267343  0.872068
  1.3  -1.07395  0.922194  0.589314
  1.4  -1.70877  0.927706  0.0878328
  1.5  -1.03453  -0.436854  0.701427
  1.6  -0.811057  0.228523  0.373134
  1.7  -0.749937  -0.453389  1.16346
  1.8  -0.275517  0.0993075  -0.0188968
  1.9  1.1682  -0.0789114  -0.310051
  2  1.1793  0.317811  0.157075
  2.1  1.18155  0.31555  0.453542
  2.2  0.703683  1.48933  1.83191
  2.3  1.76461  1.18166  1.27634
  2.4  1.4924  0.829751  1.09626
  2.5  1.99429  0.0706769  0.834713
  2.6  1.09202  -0.041355  1.36493
  2.7  0.0813828  -0.124759  0.280262
  2.8  0.9238  -1.49929  0.541015
  2.9  0.651147  -1.85696  0.292054
  3  0.847355  -2.83788  0.273519
  3.1  0.185593  -3.40378  -0.471809
  3.2  -0.108527  -2.79587  -0.98899
  3.3  -0.451746  -2.67679  -1.34316
  3.4  -0.310928  -1.61234  -0.554953
  3.5  -0.461843  -0.640745  0.21608
  3.6  -0.517449  0.306164  0.580767
  3.7  -0.368179  -0.361341  0.835068
  3.8  -1.37076  0.0655627  0.858933
  3.9  -0.809443  -1.30167  2.68765
  4  0.101482  -0.143561  2.3763
  4.1  -0.267178  -0.790742  1.46579
  4.2  0.274179  -0.257047  0.660494
  4.3  -0.105655  0.33583  0.277391
  4.4  0.375024  0.0135983  0.670337
  4.5  0.111876  0.119104  0.544702
  4.6  -0.896697  0.223298  0.191161
  4.7  -1.11511  0.813053  0.971123
  4.8  0.20515  0.312162  0.96747
  4.9  0.322747  -0.229333  -0.730972
  5  -0.041127  1.13329  -0.703373
  5.1  -0.355704  0.943815  -0.996716
  5.2  -1.61886  0.26724  -0.538988
  5.3  -1.11425  0.484369  -1.06266
  5.4  -2.16228  -0.17406  -1.85881
  5.5  -1.92091  -0.0789496  -1.46944
  5.6  -1.14556  -0.071701  -0.430065
  5.7  -0.900789  -1.03562  -0.683992
  5.8  -0.952923  -1.22987  -0.848735
  5.9  -1.04473  -0.814282  -0.509529
  6  -0.517856  -1.1285  -1.29012
  6.1  -0.508964  -1.15876  -0.793734
  6.2  -0.424211  -1.27515  -1.07473
  6.3  -1.95342  -1.82855  -0.892893
  6.4  -1.61541  -1.11343  -0.633014
  6.5  -2.333  -1.06878  -0.016277
  6.6  -0.833551  -1.76813  1.06692
  6.7  -0.0200719  -2.06154  0.569668
  6.8  -0.658134  -1.23201  0.664457
  6.9  1.06641  -1.49132  0.652079
  7  1.1475  -0.857677  -0.409435
  7.1  1.88859  -0.448899  -0.625059
  7.2  2.38539  -0.963032  -0.7404
  7.3  2.60964  -0.306436  -1.06267
  7.4  2.68739  -0.674856  -1.31971
  7.5  2.3641  -0.101961  -0.803364
  7.6  2.83349  0.0762297  -0.800489
  7.7  2.44549  -0.558276  -1.04903
  7.8  1.33467  -0.687772  -1.22963
  7.9  1.06018  0.0745139  -0.126188
  8  1.31552  -0.48387  0.104764
  8.1  0.884124  -0.601675  -1.30523
  8.2  0.198701  0.166777  -0.379903
  8.3  0.518477  -0.669221  -0.653745
  8.4  -0.223761  -0.913771  -0.136711
  8.5  -0.0843297  -0.200719  -0.591432
  8.6  -0.204912  -0.671867  -0.926941
  8.7  0.487436  -0.166709  -1.51734
  8.8  0.5339  0.239036  -0.0793571
  8.9  0.245884  0.57887  0.62263
  9  0.882998  0.461761  0.469205
  9.1  0.61709  0.0757311  0.0655276
  9.2  0.271947  -1.23724  0.0957461
  9.3  0.634457  -0.971145  -0.299817
  9.4  1.15223  -0.30858  0.596917
  9.5  1.26587  -0.755485  0.950439
  9.6  0.927989  -0.349939  0.821863
  9.7  0.286254  0.253609  0.785606
  9.8  0.313882  0.157061  0.681289
  9.9  -0.24002  0.680739  0.470719
  10  0.0491823  1.55658  0.166806
