  -4  0.0153846  0.0588235  0.123288  0.2  0.5  0.8
  -3.92  0.0160088  0.0611008  0.127722  0.206543  0.5101  0.806387
  -3.84  0.0166716  0.0635098  0.132387  0.213383  0.5204  0.812744
  -3.76  0.0173761  0.0660607  0.137299  0.220536  0.530898  0.819068
  -3.68  0.0181259  0.0687644  0.142474  0.228019  0.541594  0.825355
  -3.6  0.0189251  0.0716332  0.147929  0.235849  0.552486  0.831601
  -3.52  0.0197779  0.0746804  0.153684  0.244045  0.563571  0.837802
  -3.44  0.0206892  0.0779205  0.15976  0.252627  0.574845  0.843953
  -3.36  0.0216645  0.0813696  0.166179  0.261616  0.586304  0.850051
  -3.28  0.0227099  0.0850456  0.172965  0.271032  0.597943  0.856091
  -3.2  0.0238322  0.088968  0.180144  0.280899  0.609756  0.862069
  -3.12  0.0250391  0.0931584  0.187744  0.29124  0.621736  0.86798
  -3.04  0.0263391  0.097641  0.195795  0.302078  0.633874  0.87382
  -2.96  0.027742  0.102442  0.20433  0.31344  0.646162  0.879585
  -2.88  0.0292589  0.107592  0.213383  0.325351  0.658588  0.885269
  -2.8  0.0309023  0.113122  0.222993  0.337838  0.671141  0.890869
  -2.72  0.0326866  0.11907  0.233199  0.350926  0.683807  0.896379
  -2.64  0.034628  0.125477  0.244045  0.364644  0.696573  0.901795
  -2.56  0.0367453  0.132387  0.255577  0.379018  0.709421  0.907112
  -2.48  0.0390601  0.139852  0.267844  0.394073  0.722335  0.912326
  -2.4  0.0415973  0.147929  0.280899  0.409836  0.735294  0.917431
  -2.32  0.0443861  0.156681  0.294796  0.42633  0.748279  0.922424
  -2.24  0.0474599  0.166179  0.309593  0.443577  0.761267  0.9273
  -2.16  0.0508585  0.176504  0.325351  0.461595  0.774234  0.932053
  -2.08  0.0546281  0.187744  0.342132  0.4804  0.787154  0.93668
  -2  0.0588235  0.2  0.36  0.5  0.8  0.941176
  -1.92  0.0635098  0.213383  0.379018  0.5204  0.812744  0.945537
  -1.84  0.0687644  0.228019  0.399248  0.541594  0.825355  0.949758
  -1.76  0.0746804  0.244045  0.420749  0.563571  0.837802  0.953834
  -1.68  0.0813696  0.261616  0.443577  0.586304  0.850051  0.957763
  -1.6  0.088968  0.280899  0.467775  0.609756  0.862069  0.961538
  -1.52  0.097641  0.302078  0.493378  0.633874  0.87382  0.965158
  -1.44  0.107592  0.325351  0.5204  0.658588  0.885269  0.968617
  -1.36  0.11907  0.350926  0.548834  0.683807  0.896379  0.971912
  -1.28  0.132387  0.379018  0.578644  0.709421  0.907112  0.975039
  -1.2  0.147929  0.409836  0.609756  0.735294  0.917431  0.977995
  -1.12  0.166179  0.443577  0.64205  0.761267  0.9273  0.980777
  -1.04  0.187744  0.4804  0.675351  0.787154  0.93668  0.983381
  -0.96  0.213383  0.5204  0.709421  0.812744  0.945537  0.985804
  -0.88  0.244045  0.563571  0.743949  0.837802  0.953834  0.988045
  -0.8  0.280899  0.609756  0.778547  0.862069  0.961538  0.990099
  -0.72  0.325351  0.658588  0.812744  0.885269  0.968617  0.991965
  -0.64  0.379018  0.709421  0.845992  0.907112  0.975039  0.993641
  -0.56  0.443577  0.761267  0.877672  0.9273  0.980777  0.995124
  -0.48  0.5204  0.812744  0.907112  0.945537  0.985804  0.996413
  -0.4  0.609756  0.862069  0.93361  0.961538  0.990099  0.997506
  -0.32  0.709421  0.907112  0.95647  0.975039  0.993641  0.998403
  -0.24  0.812744  0.945537  0.975039  0.985804  0.996413  0.999101
  -0.16  0.907112  0.975039  0.98875  0.993641  0.998403  0.9996
  -0.08  0.975039  0.993641  0.997164  0.998403  0.9996  0.9999
  0  1  1  1  1  1  1
  0.08  0.975039  0.993641  0.997164  0.998403  0.9996  0.9999
  0.16  0.907112  0.975039  0.98875  0.993641  0.998403  0.9996
  0.24  0.812744  0.945537  0.975039  0.985804  0.996413  0.999101
  0.32  0.709421  0.907112  0.95647  0.975039  0.993641  0.998403
  0.4  0.609756  0.862069  0.93361  0.961538  0.990099  0.997506
  0.48  0.5204  0.812744  0.907112  0.945537  0.985804  0.996413
  0.56  0.443577  0.761267  0.877672  0.9273  0.980777  0.995124
  0.64  0.379018  0.709421  0.845992  0.907112  0.975039  0.993641
  0.72  0.325351  0.658588  0.812744  0.885269  0.968617  0.991965
  0.8  0.280899  0.609756  0.778547  0.862069  0.961538  0.990099
  0.88  0.244045  0.563571  0.743949  0.837802  0.953834  0.988045
  0.96  0.213383  0.5204  0.709421  0.812744  0.945537  0.985804
  1.04  0.187744  0.4804  0.675351  0.787154  0.93668  0.983381
  1.12  0.166179  0.443577  0.64205  0.761267  0.9273  0.980777
  1.2  0.147929  0.409836  0.609756  0.735294  0.917431  0.977995
  1.28  0.132387  0.379018  0.578644  0.709421  0.907112  0.975039
  1.36  0.11907  0.350926  0.548834  0.683807  0.896379  0.971912
  1.44  0.107592  0.325351  0.5204  0.658588  0.885269  0.968617
  1.52  0.097641  0.302078  0.493378  0.633874  0.87382  0.965158
  1.6  0.088968  0.280899  0.467775  0.609756  0.862069  0.961538
  1.68  0.0813696  0.261616  0.443577  0.586304  0.850051  0.957763
  1.76  0.0746804  0.244045  0.420749  0.563571  0.837802  0.953834
  1.84  0.0687644  0.228019  0.399248  0.541594  0.825355  0.949758
  1.92  0.0635098  0.213383  0.379018  0.5204  0.812744  0.945537
  2  0.0588235  0.2  0.36  0.5  0.8  0.941176
  2.08  0.0546281  0.187744  0.342132  0.4804  0.787154  0.93668
  2.16  0.0508585  0.176504  0.325351  0.461595  0.774234  0.932053
  2.24  0.0474599  0.166179  0.309593  0.443577  0.761267  0.9273
  2.32  0.0443861  0.156681  0.294796  0.42633  0.748279  0.922424
  2.4  0.0415973  0.147929  0.280899  0.409836  0.735294  0.917431
  2.48  0.0390601  0.139852  0.267844  0.394073  0.722335  0.912326
  2.56  0.0367453  0.132387  0.255577  0.379018  0.709421  0.907112
  2.64  0.034628  0.125477  0.244045  0.364644  0.696573  0.901795
  2.72  0.0326866  0.11907  0.233199  0.350926  0.683807  0.896379
  2.8  0.0309023  0.113122  0.222993  0.337838  0.671141  0.890869
  2.88  0.0292589  0.107592  0.213383  0.325351  0.658588  0.885269
  2.96  0.027742  0.102442  0.20433  0.31344  0.646162  0.879585
  3.04  0.0263391  0.097641  0.195795  0.302078  0.633874  0.87382
  3.12  0.0250391  0.0931584  0.187744  0.29124  0.621736  0.86798
  3.2  0.0238322  0.088968  0.180144  0.280899  0.609756  0.862069
  3.28  0.0227099  0.0850456  0.172965  0.271032  0.597943  0.856091
  3.36  0.0216645  0.0813696  0.166179  0.261616  0.586304  0.850051
  3.44  0.0206892  0.0779205  0.15976  0.252627  0.574845  0.843953
  3.52  0.0197779  0.0746804  0.153684  0.244045  0.563571  0.837802
  3.6  0.0189251  0.0716332  0.147929  0.235849  0.552486  0.831601
  3.68  0.0181259  0.0687644  0.142474  0.228019  0.541594  0.825355
  3.76  0.0173761  0.0660607  0.137299  0.220536  0.530898  0.819068
  3.84  0.0166716  0.0635098  0.132387  0.213383  0.5204  0.812744
  3.92  0.0160088  0.0611008  0.127722  0.206543  0.5101  0.806387
  4  0.0153846  0.0588235  0.123288  0.2  0.5  0.8
