  -4  0.0588235
  -3.92  0.0611008
  -3.84  0.0635098
  -3.76  0.0660607
  -3.68  0.0687644
  -3.6  0.0716332
  -3.52  0.0746804
  -3.44  0.0779205
  -3.36  0.0813696
  -3.28  0.0850456
  -3.2  0.088968
  -3.12  0.0931584
  -3.04  0.097641
  -2.96  0.102442
  -2.88  0.107592
  -2.8  0.113122
  -2.72  0.11907
  -2.64  0.125477
  -2.56  0.132387
  -2.48  0.139852
  -2.4  0.147929
  -2.32  0.156681
  -2.24  0.166179
  -2.16  0.176504
  -2.08  0.187744
  -2  0.2
  -1.92  0.213383
  -1.84  0.228019
  -1.76  0.244045
  -1.68  0.261616
  -1.6  0.280899
  -1.52  0.302078
  -1.44  0.325351
  -1.36  0.350926
  -1.28  0.379018
  -1.2  0.409836
  -1.12  0.443577
  -1.04  0.4804
  -0.96  0.5204
  -0.88  0.563571
  -0.8  0.609756
  -0.72  0.658588
  -0.64  0.709421
  -0.56  0.761267
  -0.48  0.812744
  -0.4  0.862069
  -0.32  0.907112
  -0.24  0.945537
  -0.16  0.975039
  -0.08  0.993641
  0  1
  0.08  0.993641
  0.16  0.975039
  0.24  0.945537
  0.32  0.907112
  0.4  0.862069
  0.48  0.812744
  0.56  0.761267
  0.64  0.709421
  0.72  0.658588
  0.8  0.609756
  0.88  0.563571
  0.96  0.5204
  1.04  0.4804
  1.12  0.443577
  1.2  0.409836
  1.28  0.379018
  1.36  0.350926
  1.44  0.325351
  1.52  0.302078
  1.6  0.280899
  1.68  0.261616
  1.76  0.244045
  1.84  0.228019
  1.92  0.213383
  2  0.2
  2.08  0.187744
  2.16  0.176504
  2.24  0.166179
  2.32  0.156681
  2.4  0.147929
  2.48  0.139852
  2.56  0.132387
  2.64  0.125477
  2.72  0.11907
  2.8  0.113122
  2.88  0.107592
  2.96  0.102442
  3.04  0.097641
  3.12  0.0931584
  3.2  0.088968
  3.28  0.0850456
  3.36  0.0813696
  3.44  0.0779205
  3.52  0.0746804
  3.6  0.0716332
  3.68  0.0687644
  3.76  0.0660607
  3.84  0.0635098
  3.92  0.0611008
  4  0.0588235
