  0  0.791313  -1.51799  1.04345
  0.1  0.661782  -1.45533  1.16966
  0.2  0.581053  -1.32507  1.29928
  0.3  0.528886  -1.13271  1.42902
  0.4  0.460147  -0.907182  1.5395
  0.5  0.327036  -0.684352  1.60883
  0.6  0.106455  -0.493707  1.62467
  0.7  -0.180372  -0.35128  1.58514
  0.8  -0.466419  -0.254078  1.49787
  0.9  -0.667663  -0.186178  1.38171
  1  -0.730193  -0.135108  1.26389
  1.1  -0.65517  -0.10146  1.16892
  1.2  -0.479868  -0.0939996  1.10883
  1.3  -0.242226  -0.11191  1.08098
  1.4  0.031915  -0.134149  1.07178
  1.5  0.321864  -0.135917  1.06756
  1.6  0.606167  -0.110617  1.0688
  1.7  0.85906  -0.0718522  1.09215
  1.8  1.05341  -0.0449526  1.15144
  1.9  1.17537  -0.060711  1.23272
  2  1.23192  -0.151137  1.29399
  2.1  1.23573  -0.340145  1.29345
  2.2  1.18796  -0.628032  1.21834
  2.3  1.0839  -0.985576  1.08741
  2.4  0.931997  -1.3695  0.928957
  2.5  0.758649  -1.74169  0.764094
  2.6  0.590084  -2.06979  0.607981
  2.7  0.430693  -2.3163  0.473265
  2.8  0.266768  -2.44012  0.370529
  2.9  0.091165  -2.41364  0.314798
  3  -0.0843439  -2.2391  0.330021
  3.1  -0.239092  -1.95443  0.43732
  3.2  -0.359558  -1.62398  0.633182
  3.3  -0.444816  -1.31815  0.880018
  3.4  -0.499713  -1.09052  1.12211
  3.5  -0.526098  -0.957139  1.31216
  3.6  -0.521189  -0.890116  1.42158
  3.7  -0.48496  -0.837118  1.43197
  3.8  -0.431846  -0.754326  1.33306
  3.9  -0.39092  -0.628604  1.14036
  4  -0.387596  -0.476382  0.904608
  4.1  -0.429441  -0.326451  0.684061
  4.2  -0.509185  -0.203365  0.505282
  4.3  -0.611081  -0.117374  0.353974
  4.4  -0.713621  -0.0656943  0.196924
  4.5  -0.798195  -0.043241  0.00649758
  4.6  -0.868249  -0.0474835  -0.227472
  4.7  -0.95515  -0.0761708  -0.489813
  4.8  -1.08937  -0.13149  -0.740825
  4.9  -1.26519  -0.226225  -0.940745
  5  -1.43969  -0.372025  -1.07567
  5.1  -1.56133  -0.561739  -1.1531
  5.2  -1.59816  -0.774033  -1.18122
  5.3  -1.54848  -0.989681  -1.1648
  5.4  -1.43744  -1.19687  -1.11942
  5.5  -1.30614  -1.38629  -1.07304
  5.6  -1.19095  -1.5472  -1.04363
  5.7  -1.10597  -1.67364  -1.02377
  5.8  -1.04569  -1.77161  -0.990803
  5.9  -0.996604  -1.85136  -0.924058
  6  -0.937284  -1.91501  -0.814781
  6.1  -0.830965  -1.9568  -0.66963
  6.2  -0.632141  -1.97191  -0.510125
  6.3  -0.312887  -1.96092  -0.371257
  6.4  0.114246  -1.92295  -0.294589
  6.5  0.600832  -1.84839  -0.310629
  6.6  1.09054  -1.72929  -0.420657
  6.7  1.54344  -1.57552  -0.595846
  6.8  1.93461  -1.41175  -0.792634
  6.9  2.2435  -1.26132  -0.968018
  7  2.45522  -1.13599  -1.09189
  7.1  2.56427  -1.0351  -1.15478
  7.2  2.5744  -0.953324  -1.164
  7.3  2.49671  -0.888949  -1.13499
  7.4  2.34585  -0.843057  -1.08538
  7.5  2.13896  -0.812792  -1.02806
  7.6  1.90033  -0.788237  -0.967805
  7.7  1.6611  -0.760226  -0.90891
  7.8  1.44517  -0.728707  -0.860852
  7.9  1.25929  -0.697232  -0.826995
  8  1.1035  -0.664708  -0.794876
  8.1  0.983712  -0.62581  -0.74984
  8.2  0.908962  -0.57198  -0.689288
  8.3  0.883391  -0.495743  -0.61347
  8.4  0.901835  -0.401363  -0.512579
  8.5  0.947847  -0.306537  -0.373362
  8.6  0.998706  -0.234449  -0.200847
  8.7  1.03709  -0.205079  -0.0283112
  8.8  1.05789  -0.222461  0.105503
  8.9  1.0641  -0.263199  0.190939
  9  1.06061  -0.280837  0.251122
  9.1  1.04897  -0.229535  0.312994
  9.2  1.0203  -0.0919989  0.380901
  9.3  0.957926  0.114646  0.434048
  9.4  0.855227  0.35977  0.444745
  9.5  0.72908  0.617554  0.400114
  9.6  0.612416  0.868128  0.307213
  9.7  0.534435  1.09574  0.183237
  9.8  0.507646  1.28661  0.0469771
  9.9  0.527005  1.42363  -0.0841116
  10  0.57284  1.48871  -0.195881
