  0  0.847607  0.548248  0.734865
  0.1  1.60402  -0.0408931  0.593028
  0.2  1.1523  -0.28673  0.9485
  0.3  0.674052  -1.30007  0.505523
  0.4  0.404456  -1.44115  0.508696
  0.5  0.910453  -1.01735  1.13427
  0.6  1.01014  -1.31861  1.10944
  0.7  1.47715  -0.733667  1.3542
  0.8  1.77729  0.0268236  1.39896
  0.9  0.623399  -0.461256  1.77113
  1  -0.518955  0.0359938  1.54641
  1.1  -1.6943  -0.0502533  1.11505
  1.2  -1.16111  -0.219426  1.02336
  1.3  -1.05811  0.850203  0.75068
  1.4  -1.70305  0.889476  0.251715
  1.5  -1.19393  -0.297882  0.733611
  1.6  -1.02032  0.249896  0.421436
  1.7  -0.945859  -0.374546  1.09736
  1.8  -0.454469  0.0928611  0.0636908
  1.9  0.9325  -0.0618173  -0.2182
  2  1.07409  0.279185  0.177684
  2.1  1.15164  0.286853  0.440812
  2.2  0.773672  1.3282  1.67946
  2.3  1.74896  1.12  1.25782
  2.4  1.56251  0.88223  1.12491
  2.5  2.0295  0.235604  0.909398
  2.6  1.2638  0.108092  1.39191
  2.7  0.337052  -0.00252013  0.4688
  2.8  1.00024  -1.27673  0.683628
  2.9  0.733413  -1.70539  0.419481
  3  0.893745  -2.69807  0.341524
  3.1  0.296248  -3.34896  -0.37656
  3.2  -0.0170422  -2.93415  -0.891864
  3.3  -0.374383  -2.87273  -1.25595
  3.4  -0.289242  -1.94198  -0.617774
  3.5  -0.436379  -1.03384  0.0508736
  3.6  -0.494917  -0.0940549  0.414546
  3.7  -0.399611  -0.531748  0.698359
  3.8  -1.31786  -0.0429906  0.777044
  3.9  -0.863458  -1.16538  2.47159
  4  -0.0532628  -0.13529  2.34359
  4.1  -0.333705  -0.703742  1.64234
  4.2  0.168331  -0.273881  0.948071
  4.3  -0.132172  0.22624  0.550847
  4.4  0.312611  -0.0618401  0.813185
  4.5  0.117328  0.0383468  0.648342
  4.6  -0.763543  0.173042  0.286166
  4.7  -0.989134  0.746915  0.923072
  4.8  0.129032  0.363787  0.900849
  4.9  0.223133  -0.110536  -0.594885
  5  -0.0837161  1.06844  -0.588326
  5.1  -0.356096  0.932622  -0.871169
  5.2  -1.4874  0.337566  -0.518191
  5.3  -1.0964  0.522115  -1.03027
  5.4  -2.05446  -0.0599405  -1.79919
  5.5  -1.89745  -0.0107852  -1.5268
  5.6  -1.26593  -0.0337215  -0.646116
  5.7  -1.09045  -0.90892  -0.840832
  5.8  -1.141  -1.13923  -0.930706
  5.9  -1.18546  -0.851859  -0.595396
  6  -0.670844  -1.17083  -1.27054
  6.1  -0.592709  -1.21122  -0.848325
  6.2  -0.473362  -1.32978  -1.08725
  6.3  -1.80754  -1.83749  -0.923103
  6.4  -1.56617  -1.23347  -0.707146
  6.5  -2.27237  -1.18857  -0.175458
  6.6  -1.01953  -1.78833  0.826816
  6.7  -0.279617  -2.06695  0.485951
  6.8  -0.789341  -1.37362  0.630269
  6.9  0.770048  -1.59743  0.676675
  7  0.952698  -1.02714  -0.233428
  7.1  1.73097  -0.628066  -0.461241
  7.2  2.32064  -1.03411  -0.615655
  7.3  2.6448  -0.4382  -0.973152
  7.4  2.79367  -0.725965  -1.28734
  7.5  2.54416  -0.179935  -0.908154
  7.6  2.96068  0.0236927  -0.919507
  7.7  2.64985  -0.523427  -1.13015
  7.8  1.6459  -0.655824  -1.28793
  7.9  1.32403  0.00247748  -0.291617
  8  1.48075  -0.482805  -0.026888
  8.1  1.0416  -0.589405  -1.23623
  8.2  0.374287  0.0815942  -0.436319
  8.3  0.588264  -0.643879  -0.66498
  8.4  -0.11063  -0.881693  -0.215019
  8.5  -0.0480015  -0.275601  -0.603626
  8.6  -0.184969  -0.672733  -0.900003
  8.7  0.425725  -0.2294  -1.44805
  8.8  0.487366  0.133943  -0.229386
  8.9  0.23963  0.469579  0.419518
  9  0.816056  0.418207  0.367124
  9.1  0.629099  0.101674  0.0561359
  9.2  0.343057  -1.05181  0.0925279
  9.3  0.667217  -0.86222  -0.240931
  9.4  1.14134  -0.329296  0.559513
  9.5  1.26301  -0.746665  0.918644
  9.6  0.978923  -0.422626  0.838739
  9.7  0.408954  0.0964037  0.79831
  9.8  0.414958  0.04025  0.694305
  9.9  -0.103364  0.551504  0.526384
  10  0.10875  1.41279  0.273153
