  -8  0  0  0  0  0  0
  -7.84  0  0  0  0  0  0.000596
  -7.68  0  0  0  0  0  0.002368
  -7.52  0  0  0  0  0  0.005292
  -7.36  0  0  0  0  0  0.009344
  -7.2  0  0  0  0  0  0.0145
  -7.04  0  0  0  0  0  0.020736
  -6.88  0  0  0  0  0  0.028028
  -6.72  0  0  0  0  0  0.036352
  -6.56  0  0  0  0  0  0.045684
  -6.4  0  0  0  0  0  0.056
  -6.24  0  0  0  0  0  0.067276
  -6.08  0  0  0  0  0  0.079488
  -5.92  0  0  0  0  0  0.092612
  -5.76  0  0  0  0  0  0.106624
  -5.6  0  0  0  0  0  0.1215
  -5.44  0  0  0  0  0  0.137216
  -5.28  0  0  0  0  0  0.153748
  -5.12  0  0  0  0  0  0.171072
  -4.96  0  0  0  0  0  0.189164
  -4.8  0  0  0  0  0  0.208
  -4.64  0  0  0  0  0  0.227556
  -4.48  0  0  0  0  0  0.247808
  -4.32  0  0  0  0  0  0.268732
  -4.16  0  0  0  0  0  0.290304
  -4  0  0  0  0  0  0.3125
  -3.84  0  0  0  0  0.002368  0.335296
  -3.68  0  0  0  0  0.009344  0.358668
  -3.52  0  0  0  0  0.020736  0.382592
  -3.36  0  0  0  0  0.036352  0.407044
  -3.2  0  0  0  0  0.056  0.432
  -3.04  0  0  0  0  0.079488  0.457436
  -2.88  0  0  0  0  0.106624  0.483328
  -2.72  0  0  0  0  0.137216  0.509652
  -2.56  0  0  0  0  0.171072  0.536384
  -2.4  0  0  0  0  0.208  0.5635
  -2.24  0  0  0  0  0.247808  0.590976
  -2.08  0  0  0  0  0.290304  0.618788
  -1.92  0  0  0  0.002368  0.335296  0.646912
  -1.76  0  0  0  0.020736  0.382592  0.675324
  -1.6  0  0  0  0.056  0.432  0.704
  -1.44  0  0  0.002368  0.106624  0.483328  0.732916
  -1.28  0  0  0.0306892  0.171072  0.536384  0.762048
  -1.12  0  0  0.0881375  0.247808  0.590976  0.791372
  -0.96  0  0.002368  0.171072  0.335296  0.646912  0.820864
  -0.8  0  0.056  0.275852  0.432  0.704  0.8505
  -0.64  0  0.171072  0.398836  0.536384  0.762048  0.880256
  -0.48  0.002368  0.335296  0.536384  0.646912  0.820864  0.910108
  -0.32  0.171072  0.536384  0.684855  0.762048  0.880256  0.940032
  -0.16  0.536384  0.762048  0.840607  0.880256  0.940032  0.970004
  0  1  1  1  1  1  1
  0.16  0.536384  0.762048  0.840607  0.880256  0.940032  0.970004
  0.32  0.171072  0.536384  0.684855  0.762048  0.880256  0.940032
  0.48  0.002368  0.335296  0.536384  0.646912  0.820864  0.910108
  0.64  0  0.171072  0.398836  0.536384  0.762048  0.880256
  0.8  0  0.056  0.275852  0.432  0.704  0.8505
  0.96  0  0.002368  0.171072  0.335296  0.646912  0.820864
  1.12  0  0  0.0881375  0.247808  0.590976  0.791372
  1.28  0  0  0.0306892  0.171072  0.536384  0.762048
  1.44  0  0  0.002368  0.106624  0.483328  0.732916
  1.6  0  0  0  0.056  0.432  0.704
  1.76  0  0  0  0.020736  0.382592  0.675324
  1.92  0  0  0  0.002368  0.335296  0.646912
  2.08  0  0  0  0  0.290304  0.618788
  2.24  0  0  0  0  0.247808  0.590976
  2.4  0  0  0  0  0.208  0.5635
  2.56  0  0  0  0  0.171072  0.536384
  2.72  0  0  0  0  0.137216  0.509652
  2.88  0  0  0  0  0.106624  0.483328
  3.04  0  0  0  0  0.079488  0.457436
  3.2  0  0  0  0  0.056  0.432
  3.36  0  0  0  0  0.036352  0.407044
  3.52  0  0  0  0  0.020736  0.382592
  3.68  0  0  0  0  0.009344  0.358668
  3.84  0  0  0  0  0.002368  0.335296
  4  0  0  0  0  0  0.3125
  4.16  0  0  0  0  0  0.290304
  4.32  0  0  0  0  0  0.268732
  4.48  0  0  0  0  0  0.247808
  4.64  0  0  0  0  0  0.227556
  4.8  0  0  0  0  0  0.208
  4.96  0  0  0  0  0  0.189164
  5.12  0  0  0  0  0  0.171072
  5.28  0  0  0  0  0  0.153748
  5.44  0  0  0  0  0  0.137216
  5.6  0  0  0  0  0  0.1215
  5.76  0  0  0  0  0  0.106624
  5.92  0  0  0  0  0  0.092612
  6.08  0  0  0  0  0  0.079488
  6.24  0  0  0  0  0  0.067276
  6.4  0  0  0  0  0  0.056
  6.56  0  0  0  0  0  0.045684
  6.72  0  0  0  0  0  0.036352
  6.88  0  0  0  0  0  0.028028
  7.04  0  0  0  0  0  0.020736
  7.2  0  0  0  0  0  0.0145
  7.36  0  0  0  0  0  0.009344
  7.52  0  0  0  0  0  0.005292
  7.68  0  0  0  0  0  0.002368
  7.84  0  0  0  0  0  0.000596
  8  0  0  0  0  0  0
