  -2  0
  -1.96  0
  -1.92  0
  -1.88  0
  -1.84  0
  -1.8  0
  -1.76  0
  -1.72  0
  -1.68  0
  -1.64  0
  -1.6  0
  -1.56  0
  -1.52  0
  -1.48  0
  -1.44  0
  -1.4  0
  -1.36  0
  -1.32  0
  -1.28  0
  -1.24  0
  -1.2  0
  -1.16  0
  -1.12  0
  -1.08  0
  -1.04  0
  -1  0
  -0.96  0.002368
  -0.92  0.009344
  -0.88  0.020736
  -0.84  0.036352
  -0.8  0.056
  -0.76  0.079488
  -0.72  0.106624
  -0.68  0.137216
  -0.64  0.171072
  -0.6  0.208
  -0.56  0.247808
  -0.52  0.290304
  -0.48  0.335296
  -0.44  0.382592
  -0.4  0.432
  -0.36  0.483328
  -0.32  0.536384
  -0.28  0.590976
  -0.24  0.646912
  -0.2  0.704
  -0.16  0.762048
  -0.12  0.820864
  -0.08  0.880256
  -0.04  0.940032
  0  1
  0.04  0.940032
  0.08  0.880256
  0.12  0.820864
  0.16  0.762048
  0.2  0.704
  0.24  0.646912
  0.28  0.590976
  0.32  0.536384
  0.36  0.483328
  0.4  0.432
  0.44  0.382592
  0.48  0.335296
  0.52  0.290304
  0.56  0.247808
  0.6  0.208
  0.64  0.171072
  0.68  0.137216
  0.72  0.106624
  0.76  0.079488
  0.8  0.056
  0.84  0.036352
  0.88  0.020736
  0.92  0.009344
  0.96  0.002368
  1  0
  1.04  0
  1.08  0
  1.12  0
  1.16  0
  1.2  0
  1.24  0
  1.28  0
  1.32  0
  1.36  0
  1.4  0
  1.44  0
  1.48  0
  1.52  0
  1.56  0
  1.6  0
  1.64  0
  1.68  0
  1.72  0
  1.76  0
  1.8  0
  1.84  0
  1.88  0
  1.92  0
  1.96  0
  2  0
