  0  1.67904  -0.964263  -0.0607906
  0.1  -0.472769  -0.402469  0.877193
  0.2  -0.56606  -1.92085  -0.571722
  0.3  -0.231124  -0.462124  0.21744
  0.4  1.21293  0.542722  1.41549
  0.5  0.535037  -0.819959  0.295563
  0.6  1.26938  0.770218  0.823704
  0.7  1.04954  1.16269  0.499236
  0.8  -1.66609  -1.12789  1.14594
  0.9  -1.86523  0.632572  0.0793461
  1  -2.24246  -0.381246  -0.327549
  1.1  0.735809  -0.51148  0.247834
  1.2  0.0396749  1.93174  -0.0917454
  1.3  -1.35074  0.28193  -0.516998
  1.4  0.673068  -2.04721  1.22707
  1.5  0.00777484  1.08256  -0.259713
  1.6  -0.275127  -1.05023  1.55191
  1.7  0.37494  0.834683  -1.6371
  1.8  2.164  -0.275993  -0.451344
  1.9  0.1856  0.674285  0.737347
  2  0.297785  0.0910691  0.572645
  2.1  -0.463758  2.13233  2.51069
  2.2  2.04454  -0.115251  -0.421773
  2.3  0.096577  -0.301981  0.119926
  2.4  1.39882  -1.02803  -0.0618649
  2.5  -0.857394  -0.0859034  1.21977
  2.6  -1.24299  -0.0660599  -1.41732
  2.7  1.67452  -2.2943  0.620309
  2.8  -0.0670837  -0.942387  -0.1233
  2.9  0.620783  -2.1446  0.207247
  3  -0.794396  -1.75462  -1.06913
  3.1  -0.324163  -0.00796366  -0.952639
  3.2  -0.523768  -0.795412  -0.874893
  3.3  0.156483  0.811941  0.973954
  3.4  -0.350567  0.923231  1.13167
  3.5  -0.247757  1.1405  0.605328
  3.6  0.1317  -1.37651  0.523729
  3.7  -1.82076  0.379813  0.228628
  3.8  0.53738  -2.5025  3.32858
  3.9  1.24857  1.52867  0.174978
  4  -0.706416  -1.17461  -0.86316
  4.1  0.780995  0.712978  -0.834112
  4.2  -0.633447  0.964428  -0.255294
  4.3  0.750902  -0.447069  0.980724
  4.4  -0.389384  0.160297  0.153031
  4.5  -1.71522  0.135084  -0.301588
  4.6  -0.630935  1.00279  1.52564
  4.7  1.97003  -0.675386  0.380644
  4.8  0.280416  -0.812428  -2.59303
  4.9  -0.553266  2.33146  -0.168111
  5  -0.57549  0.0310565  -0.706207
  5.1  -2.28791  -0.821546  0.52967
  5.2  0.385542  0.501022  -1.01787
  5.3  -2.16928  -0.946721  -1.65516
  5.4  -0.27632  0.181342  0.109892
  5.5  0.715245  0.0464324  1.29688
  5.6  0.0391251  -1.64423  -0.69442
  5.7  -0.458894  -0.597555  -0.667386
  5.8  -0.615292  0.411731  0.192576
  5.9  0.407113  -0.78636  -1.58008
  6  -0.328833  -0.460386  0.406351
  6.1  -0.135212  -0.618076  -0.810037
  6.2  -2.83804  -1.41231  -0.0969576
  6.3  -0.019673  0.596031  0.132334
  6.4  -1.71095  -0.373655  0.835308
  6.5  1.84855  -1.66289  1.75382
  6.6  1.01779  -1.13859  -0.674185
  6.7  -1.25301  0.72675  0.258168
  6.8  2.64456  -0.947215  0.123037
  6.9  0.290992  0.496615  -1.62926
  7  1.46052  0.285929  -0.427045
  7.1  1.27655  -1.17337  -0.31086
  7.2  1.05497  0.733192  -0.685182
  7.3  0.982082  -0.841798  -0.675747
  7.4  0.409949  0.658136  0.534306
  7.5  1.72782  0.175853  -0.294744
  7.6  0.361448  -1.09942  -0.767306
  7.7  -0.921036  -0.39543  -0.723809
  7.8  0.222025  1.09137  1.39593
  7.9  1.0079  -0.964745  0.215666
  8  -0.12132  -0.380416  -2.48291
  8.1  -0.716286  1.11807  1.15294
  8.2  0.777794  -1.42096  -0.648771
  8.3  -1.00044  -0.629693  0.657626
  8.4  0.282882  0.93548  -0.874889
  8.5  -0.181883  -0.936753  -0.80313
  8.6  1.12355  0.625995  -1.3154
  8.7  0.215752  0.617465  2.01705
  8.8  -0.317849  0.593906  1.10167
  8.9  1.16725  -0.095203  -0.21484
  9  -0.22341  -0.543118  -0.617114
  9.1  -0.393639  -2.24479  0.0581272
  9.2  0.734715  0.111734  -0.674018
  9.3  1.11009  0.891266  1.43304
  9.4  0.588917  -0.854415  0.746448
  9.5  -0.133955  0.477769  0.0702368
  9.6  -0.745362  0.920138  0.264381
  9.7  0.210978  -0.152925  0.136131
  9.8  -0.768717  0.85678  -0.13708
  9.9  0.509619  1.59217  -0.363093
  10  0.548248  0.734865  -0.456393
