  0  -1  0  0  0  0  -2
  0.3  -1  0  0  0  0  -2
  0.6  -1  0  0  0  0  -2
  0.9  -1  0  0  0  0  -2
  1.2  -1  0  0  0  0  -2
  1.5  -1  0  0  0  0  -2
  1.8  -1  0  0  0  0  -2
  2.1  -1  0  0  0  0  -2
  2.4  -1  0  0  0  0  -2
  2.7  -1  0  0  0  0  -2
  3  -1  0  0  0  0  -2
  3.3  -1  0  0  0  0  -2
  3.6  -1  0  0  0  0  -2
  3.9  -1  0  0  0  0  -2
  4.2  -1  0  0  0  0  -2
  4.5  -1  0  0  0  0  -2
  4.8  -1  0  0  0  0  -2
  5.1  -1  0  0  0  0  -2
  5.4  -1  0  0  0  0  -2
  5.7  -1  0  0  0  0  -2
  6  -1  0  0  0  0  -2
  0  -0.9  0.19  0  0.95  0  -2
  0.3  -0.9  0.19  0  0.95  0  -2
  0.6  -0.9  0.19  0  0.95  0  -2
  0.9  -0.9  0.19  0  0.95  0  -2
  1.2  -0.9  0.19  0  0.95  0  -2
  1.5  -0.9  0.19  0  0.95  0  -2
  1.8  -0.9  0.19  0  0.95  0  -2
  2.1  -0.9  0.19  0  0.95  0  -2
  2.4  -0.9  0.19  0  0.95  0  -2
  2.7  -0.9  0.19  0  0.95  0  -2
  3  -0.9  0.19  0  0.95  0  -2
  3.3  -0.9  0.19  0  0.95  0  -2
  3.6  -0.9  0.19  0  0.95  0  -2
  3.9  -0.9  0.19  0  0.95  0  -2
  4.2  -0.9  0.19  0  0.95  0  -2
  4.5  -0.9  0.19  0  0.95  0  -2
  4.8  -0.9  0.19  0  0.95  0  -2
  5.1  -0.9  0.19  0  0.95  0  -2
  5.4  -0.9  0.19  0  0.95  0  -2
  5.7  -0.9  0.19  0  0.95  0  -2
  6  -0.9  0.19  0  0.95  0  -2
  0  -0.8  0.36  0  1.8  0  -2
  0.3  -0.8  0.36  0  1.8  0  -2
  0.6  -0.8  0.36  0  1.8  0  -2
  0.9  -0.8  0.36  0  1.8  0  -2
  1.2  -0.8  0.36  0  1.8  0  -2
  1.5  -0.8  0.36  0  1.8  0  -2
  1.8  -0.8  0.36  0  1.8  0  -2
  2.1  -0.8  0.36  0  1.8  0  -2
  2.4  -0.8  0.36  0  1.8  0  -2
  2.7  -0.8  0.36  0  1.8  0  -2
  3  -0.8  0.36  0  1.8  0  -2
  3.3  -0.8  0.36  0  1.8  0  -2
  3.6  -0.8  0.36  0  1.8  0  -2
  3.9  -0.8  0.36  0  1.8  0  -2
  4.2  -0.8  0.36  0  1.8  0  -2
  4.5  -0.8  0.36  0  1.8  0  -2
  4.8  -0.8  0.36  0  1.8  0  -2
  5.1  -0.8  0.36  0  1.8  0  -2
  5.4  -0.8  0.36  0  1.8  0  -2
  5.7  -0.8  0.36  0  1.8  0  -2
  6  -0.8  0.36  0  1.8  0  -2
  0  -0.7  0.51  0  2.55  0  -2
  0.3  -0.7  0.51  0  2.55  0  -2
  0.6  -0.7  0.51  0  2.55  0  -2
  0.9  -0.7  0.51  0  2.55  0  -2
  1.2  -0.7  0.51  0  2.55  0  -2
  1.5  -0.7  0.51  0  2.55  0  -2
  1.8  -0.7  0.51  0  2.55  0  -2
  2.1  -0.7  0.51  0  2.55  0  -2
  2.4  -0.7  0.51  0  2.55  0  -2
  2.7  -0.7  0.51  0  2.55  0  -2
  3  -0.7  0.51  0  2.55  0  -2
  3.3  -0.7  0.51  0  2.55  0  -2
  3.6  -0.7  0.51  0  2.55  0  -2
  3.9  -0.7  0.51  0  2.55  0  -2
  4.2  -0.7  0.51  0  2.55  0  -2
  4.5  -0.7  0.51  0  2.55  0  -2
  4.8  -0.7  0.51  0  2.55  0  -2
  5.1  -0.7  0.51  0  2.55  0  -2
  5.4  -0.7  0.51  0  2.55  0  -2
  5.7  -0.7  0.51  0  2.55  0  -2
  6  -0.7  0.51  0  2.55  0  -2
  0  -0.6  0.64  0  3.2  0  -2
  0.3  -0.6  0.64  0  3.2  0  -2
  0.6  -0.6  0.64  0  3.2  0  -2
  0.9  -0.6  0.64  0  3.2  0  -2
  1.2  -0.6  0.64  0  3.2  0  -2
  1.5  -0.6  0.64  0  3.2  0  -2
  1.8  -0.6  0.64  0  3.2  0  -2
  2.1  -0.6  0.64  0  3.2  0  -2
  2.4  -0.6  0.64  0  3.2  0  -2
  2.7  -0.6  0.64  0  3.2  0  -2
  3  -0.6  0.64  0  3.2  0  -2
  3.3  -0.6  0.64  0  3.2  0  -2
  3.6  -0.6  0.64  0  3.2  0  -2
  3.9  -0.6  0.64  0  3.2  0  -2
  4.2  -0.6  0.64  0  3.2  0  -2
  4.5  -0.6  0.64  0  3.2  0  -2
  4.8  -0.6  0.64  0  3.2  0  -2
  5.1  -0.6  0.64  0  3.2  0  -2
  5.4  -0.6  0.64  0  3.2  0  -2
  5.7  -0.6  0.64  0  3.2  0  -2
  6  -0.6  0.64  0  3.2  0  -2
  0  -0.5  0.75  0  3.75  0  -2
  0.3  -0.5  0.75  0  3.75  0  -2
  0.6  -0.5  0.75  0  3.75  0  -2
  0.9  -0.5  0.75  0  3.75  0  -2
  1.2  -0.5  0.75  0  3.75  0  -2
  1.5  -0.5  0.75  0  3.75  0  -2
  1.8  -0.5  0.75  0  3.75  0  -2
  2.1  -0.5  0.75  0  3.75  0  -2
  2.4  -0.5  0.75  0  3.75  0  -2
  2.7  -0.5  0.75  0  3.75  0  -2
  3  -0.5  0.75  0  3.75  0  -2
  3.3  -0.5  0.75  0  3.75  0  -2
  3.6  -0.5  0.75  0  3.75  0  -2
  3.9  -0.5  0.75  0  3.75  0  -2
  4.2  -0.5  0.75  0  3.75  0  -2
  4.5  -0.5  0.75  0  3.75  0  -2
  4.8  -0.5  0.75  0  3.75  0  -2
  5.1  -0.5  0.75  0  3.75  0  -2
  5.4  -0.5  0.75  0  3.75  0  -2
  5.7  -0.5  0.75  0  3.75  0  -2
  6  -0.5  0.75  0  3.75  0  -2
  0  -0.4  0.84  0  4.2  0  -2
  0.3  -0.4  0.84  0  4.2  0  -2
  0.6  -0.4  0.84  0  4.2  0  -2
  0.9  -0.4  0.84  0  4.2  0  -2
  1.2  -0.4  0.84  0  4.2  0  -2
  1.5  -0.4  0.84  0  4.2  0  -2
  1.8  -0.4  0.84  0  4.2  0  -2
  2.1  -0.4  0.84  0  4.2  0  -2
  2.4  -0.4  0.84  0  4.2  0  -2
  2.7  -0.4  0.84  0  4.2  0  -2
  3  -0.4  0.84  0  4.2  0  -2
  3.3  -0.4  0.84  0  4.2  0  -2
  3.6  -0.4  0.84  0  4.2  0  -2
  3.9  -0.4  0.84  0  4.2  0  -2
  4.2  -0.4  0.84  0  4.2  0  -2
  4.5  -0.4  0.84  0  4.2  0  -2
  4.8  -0.4  0.84  0  4.2  0  -2
  5.1  -0.4  0.84  0  4.2  0  -2
  5.4  -0.4  0.84  0  4.2  0  -2
  5.7  -0.4  0.84  0  4.2  0  -2
  6  -0.4  0.84  0  4.2  0  -2
  0  -0.3  0.91  0  4.55  0  -2
  0.3  -0.3  0.91  0  4.55  0  -2
  0.6  -0.3  0.91  0  4.55  0  -2
  0.9  -0.3  0.91  0  4.55  0  -2
  1.2  -0.3  0.91  0  4.55  0  -2
  1.5  -0.3  0.91  0  4.55  0  -2
  1.8  -0.3  0.91  0  4.55  0  -2
  2.1  -0.3  0.91  0  4.55  0  -2
  2.4  -0.3  0.91  0  4.55  0  -2
  2.7  -0.3  0.91  0  4.55  0  -2
  3  -0.3  0.91  0  4.55  0  -2
  3.3  -0.3  0.91  0  4.55  0  -2
  3.6  -0.3  0.91  0  4.55  0  -2
  3.9  -0.3  0.91  0  4.55  0  -2
  4.2  -0.3  0.91  0  4.55  0  -2
  4.5  -0.3  0.91  0  4.55  0  -2
  4.8  -0.3  0.91  0  4.55  0  -2
  5.1  -0.3  0.91  0  4.55  0  -2
  5.4  -0.3  0.91  0  4.55  0  -2
  5.7  -0.3  0.91  0  4.55  0  -2
  6  -0.3  0.91  0  4.55  0  -2
  0  -0.2  0.96  0  4.8  0  -2
  0.3  -0.2  0.96  0  4.8  0  -2
  0.6  -0.2  0.96  0  4.8  0  -2
  0.9  -0.2  0.96  0  4.8  0  -2
  1.2  -0.2  0.96  0  4.8  0  -2
  1.5  -0.2  0.96  0  4.8  0  -2
  1.8  -0.2  0.96  0  4.8  0  -2
  2.1  -0.2  0.96  0  4.8  0  -2
  2.4  -0.2  0.96  0  4.8  0  -2
  2.7  -0.2  0.96  0  4.8  0  -2
  3  -0.2  0.96  0  4.8  0  -2
  3.3  -0.2  0.96  0  4.8  0  -2
  3.6  -0.2  0.96  0  4.8  0  -2
  3.9  -0.2  0.96  0  4.8  0  -2
  4.2  -0.2  0.96  0  4.8  0  -2
  4.5  -0.2  0.96  0  4.8  0  -2
  4.8  -0.2  0.96  0  4.8  0  -2
  5.1  -0.2  0.96  0  4.8  0  -2
  5.4  -0.2  0.96  0  4.8  0  -2
  5.7  -0.2  0.96  0  4.8  0  -2
  6  -0.2  0.96  0  4.8  0  -2
  0  -0.1  0.99  0  4.95  0  -2
  0.3  -0.1  0.99  0  4.95  0  -2
  0.6  -0.1  0.99  0  4.95  0  -2
  0.9  -0.1  0.99  0  4.95  0  -2
  1.2  -0.1  0.99  0  4.95  0  -2
  1.5  -0.1  0.99  0  4.95  0  -2
  1.8  -0.1  0.99  0  4.95  0  -2
  2.1  -0.1  0.99  0  4.95  0  -2
  2.4  -0.1  0.99  0  4.95  0  -2
  2.7  -0.1  0.99  0  4.95  0  -2
  3  -0.1  0.99  0  4.95  0  -2
  3.3  -0.1  0.99  0  4.95  0  -2
  3.6  -0.1  0.99  0  4.95  0  -2
  3.9  -0.1  0.99  0  4.95  0  -2
  4.2  -0.1  0.99  0  4.95  0  -2
  4.5  -0.1  0.99  0  4.95  0  -2
  4.8  -0.1  0.99  0  4.95  0  -2
  5.1  -0.1  0.99  0  4.95  0  -2
  5.4  -0.1  0.99  0  4.95  0  -2
  5.7  -0.1  0.99  0  4.95  0  -2
  6  -0.1  0.99  0  4.95  0  -2
  0  0  1  0  5  0  -2
  0.3  0  1  0  5  0  -2
  0.6  0  1  0  5  0  -2
  0.9  0  1  0  5  0  -2
  1.2  0  1  0  5  0  -2
  1.5  0  1  0  5  0  -2
  1.8  0  1  0  5  0  -2
  2.1  0  1  0  5  0  -2
  2.4  0  1  0  5  0  -2
  2.7  0  1  0  5  0  -2
  3  0  1  0  5  0  -2
  3.3  0  1  0  5  0  -2
  3.6  0  1  0  5  0  -2
  3.9  0  1  0  5  0  -2
  4.2  0  1  0  5  0  -2
  4.5  0  1  0  5  0  -2
  4.8  0  1  0  5  0  -2
  5.1  0  1  0  5  0  -2
  5.4  0  1  0  5  0  -2
  5.7  0  1  0  5  0  -2
  6  0  1  0  5  0  -2
  0  0.1  0.99  0  4.95  0  -2
  0.3  0.1  0.99  0  4.95  0  -2
  0.6  0.1  0.99  0  4.95  0  -2
  0.9  0.1  0.99  0  4.95  0  -2
  1.2  0.1  0.99  0  4.95  0  -2
  1.5  0.1  0.99  0  4.95  0  -2
  1.8  0.1  0.99  0  4.95  0  -2
  2.1  0.1  0.99  0  4.95  0  -2
  2.4  0.1  0.99  0  4.95  0  -2
  2.7  0.1  0.99  0  4.95  0  -2
  3  0.1  0.99  0  4.95  0  -2
  3.3  0.1  0.99  0  4.95  0  -2
  3.6  0.1  0.99  0  4.95  0  -2
  3.9  0.1  0.99  0  4.95  0  -2
  4.2  0.1  0.99  0  4.95  0  -2
  4.5  0.1  0.99  0  4.95  0  -2
  4.8  0.1  0.99  0  4.95  0  -2
  5.1  0.1  0.99  0  4.95  0  -2
  5.4  0.1  0.99  0  4.95  0  -2
  5.7  0.1  0.99  0  4.95  0  -2
  6  0.1  0.99  0  4.95  0  -2
  0  0.2  0.96  0  4.8  0  -2
  0.3  0.2  0.96  0  4.8  0  -2
  0.6  0.2  0.96  0  4.8  0  -2
  0.9  0.2  0.96  0  4.8  0  -2
  1.2  0.2  0.96  0  4.8  0  -2
  1.5  0.2  0.96  0  4.8  0  -2
  1.8  0.2  0.96  0  4.8  0  -2
  2.1  0.2  0.96  0  4.8  0  -2
  2.4  0.2  0.96  0  4.8  0  -2
  2.7  0.2  0.96  0  4.8  0  -2
  3  0.2  0.96  0  4.8  0  -2
  3.3  0.2  0.96  0  4.8  0  -2
  3.6  0.2  0.96  0  4.8  0  -2
  3.9  0.2  0.96  0  4.8  0  -2
  4.2  0.2  0.96  0  4.8  0  -2
  4.5  0.2  0.96  0  4.8  0  -2
  4.8  0.2  0.96  0  4.8  0  -2
  5.1  0.2  0.96  0  4.8  0  -2
  5.4  0.2  0.96  0  4.8  0  -2
  5.7  0.2  0.96  0  4.8  0  -2
  6  0.2  0.96  0  4.8  0  -2
  0  0.3  0.91  0  4.55  0  -2
  0.3  0.3  0.91  0  4.55  0  -2
  0.6  0.3  0.91  0  4.55  0  -2
  0.9  0.3  0.91  0  4.55  0  -2
  1.2  0.3  0.91  0  4.55  0  -2
  1.5  0.3  0.91  0  4.55  0  -2
  1.8  0.3  0.91  0  4.55  0  -2
  2.1  0.3  0.91  0  4.55  0  -2
  2.4  0.3  0.91  0  4.55  0  -2
  2.7  0.3  0.91  0  4.55  0  -2
  3  0.3  0.91  0  4.55  0  -2
  3.3  0.3  0.91  0  4.55  0  -2
  3.6  0.3  0.91  0  4.55  0  -2
  3.9  0.3  0.91  0  4.55  0  -2
  4.2  0.3  0.91  0  4.55  0  -2
  4.5  0.3  0.91  0  4.55  0  -2
  4.8  0.3  0.91  0  4.55  0  -2
  5.1  0.3  0.91  0  4.55  0  -2
  5.4  0.3  0.91  0  4.55  0  -2
  5.7  0.3  0.91  0  4.55  0  -2
  6  0.3  0.91  0  4.55  0  -2
  0  0.4  0.84  0  4.2  0  -2
  0.3  0.4  0.84  0  4.2  0  -2
  0.6  0.4  0.84  0  4.2  0  -2
  0.9  0.4  0.84  0  4.2  0  -2
  1.2  0.4  0.84  0  4.2  0  -2
  1.5  0.4  0.84  0  4.2  0  -2
  1.8  0.4  0.84  0  4.2  0  -2
  2.1  0.4  0.84  0  4.2  0  -2
  2.4  0.4  0.84  0  4.2  0  -2
  2.7  0.4  0.84  0  4.2  0  -2
  3  0.4  0.84  0  4.2  0  -2
  3.3  0.4  0.84  0  4.2  0  -2
  3.6  0.4  0.84  0  4.2  0  -2
  3.9  0.4  0.84  0  4.2  0  -2
  4.2  0.4  0.84  0  4.2  0  -2
  4.5  0.4  0.84  0  4.2  0  -2
  4.8  0.4  0.84  0  4.2  0  -2
  5.1  0.4  0.84  0  4.2  0  -2
  5.4  0.4  0.84  0  4.2  0  -2
  5.7  0.4  0.84  0  4.2  0  -2
  6  0.4  0.84  0  4.2  0  -2
  0  0.5  0.75  0  3.75  0  -2
  0.3  0.5  0.75  0  3.75  0  -2
  0.6  0.5  0.75  0  3.75  0  -2
  0.9  0.5  0.75  0  3.75  0  -2
  1.2  0.5  0.75  0  3.75  0  -2
  1.5  0.5  0.75  0  3.75  0  -2
  1.8  0.5  0.75  0  3.75  0  -2
  2.1  0.5  0.75  0  3.75  0  -2
  2.4  0.5  0.75  0  3.75  0  -2
  2.7  0.5  0.75  0  3.75  0  -2
  3  0.5  0.75  0  3.75  0  -2
  3.3  0.5  0.75  0  3.75  0  -2
  3.6  0.5  0.75  0  3.75  0  -2
  3.9  0.5  0.75  0  3.75  0  -2
  4.2  0.5  0.75  0  3.75  0  -2
  4.5  0.5  0.75  0  3.75  0  -2
  4.8  0.5  0.75  0  3.75  0  -2
  5.1  0.5  0.75  0  3.75  0  -2
  5.4  0.5  0.75  0  3.75  0  -2
  5.7  0.5  0.75  0  3.75  0  -2
  6  0.5  0.75  0  3.75  0  -2
  0  0.6  0.64  0  3.2  0  -2
  0.3  0.6  0.64  0  3.2  0  -2
  0.6  0.6  0.64  0  3.2  0  -2
  0.9  0.6  0.64  0  3.2  0  -2
  1.2  0.6  0.64  0  3.2  0  -2
  1.5  0.6  0.64  0  3.2  0  -2
  1.8  0.6  0.64  0  3.2  0  -2
  2.1  0.6  0.64  0  3.2  0  -2
  2.4  0.6  0.64  0  3.2  0  -2
  2.7  0.6  0.64  0  3.2  0  -2
  3  0.6  0.64  0  3.2  0  -2
  3.3  0.6  0.64  0  3.2  0  -2
  3.6  0.6  0.64  0  3.2  0  -2
  3.9  0.6  0.64  0  3.2  0  -2
  4.2  0.6  0.64  0  3.2  0  -2
  4.5  0.6  0.64  0  3.2  0  -2
  4.8  0.6  0.64  0  3.2  0  -2
  5.1  0.6  0.64  0  3.2  0  -2
  5.4  0.6  0.64  0  3.2  0  -2
  5.7  0.6  0.64  0  3.2  0  -2
  6  0.6  0.64  0  3.2  0  -2
  0  0.7  0.51  0  2.55  0  -2
  0.3  0.7  0.51  0  2.55  0  -2
  0.6  0.7  0.51  0  2.55  0  -2
  0.9  0.7  0.51  0  2.55  0  -2
  1.2  0.7  0.51  0  2.55  0  -2
  1.5  0.7  0.51  0  2.55  0  -2
  1.8  0.7  0.51  0  2.55  0  -2
  2.1  0.7  0.51  0  2.55  0  -2
  2.4  0.7  0.51  0  2.55  0  -2
  2.7  0.7  0.51  0  2.55  0  -2
  3  0.7  0.51  0  2.55  0  -2
  3.3  0.7  0.51  0  2.55  0  -2
  3.6  0.7  0.51  0  2.55  0  -2
  3.9  0.7  0.51  0  2.55  0  -2
  4.2  0.7  0.51  0  2.55  0  -2
  4.5  0.7  0.51  0  2.55  0  -2
  4.8  0.7  0.51  0  2.55  0  -2
  5.1  0.7  0.51  0  2.55  0  -2
  5.4  0.7  0.51  0  2.55  0  -2
  5.7  0.7  0.51  0  2.55  0  -2
  6  0.7  0.51  0  2.55  0  -2
  0  0.8  0.36  0  1.8  0  -2
  0.3  0.8  0.36  0  1.8  0  -2
  0.6  0.8  0.36  0  1.8  0  -2
  0.9  0.8  0.36  0  1.8  0  -2
  1.2  0.8  0.36  0  1.8  0  -2
  1.5  0.8  0.36  0  1.8  0  -2
  1.8  0.8  0.36  0  1.8  0  -2
  2.1  0.8  0.36  0  1.8  0  -2
  2.4  0.8  0.36  0  1.8  0  -2
  2.7  0.8  0.36  0  1.8  0  -2
  3  0.8  0.36  0  1.8  0  -2
  3.3  0.8  0.36  0  1.8  0  -2
  3.6  0.8  0.36  0  1.8  0  -2
  3.9  0.8  0.36  0  1.8  0  -2
  4.2  0.8  0.36  0  1.8  0  -2
  4.5  0.8  0.36  0  1.8  0  -2
  4.8  0.8  0.36  0  1.8  0  -2
  5.1  0.8  0.36  0  1.8  0  -2
  5.4  0.8  0.36  0  1.8  0  -2
  5.7  0.8  0.36  0  1.8  0  -2
  6  0.8  0.36  0  1.8  0  -2
  0  0.9  0.19  0  0.95  0  -2
  0.3  0.9  0.19  0  0.95  0  -2
  0.6  0.9  0.19  0  0.95  0  -2
  0.9  0.9  0.19  0  0.95  0  -2
  1.2  0.9  0.19  0  0.95  0  -2
  1.5  0.9  0.19  0  0.95  0  -2
  1.8  0.9  0.19  0  0.95  0  -2
  2.1  0.9  0.19  0  0.95  0  -2
  2.4  0.9  0.19  0  0.95  0  -2
  2.7  0.9  0.19  0  0.95  0  -2
  3  0.9  0.19  0  0.95  0  -2
  3.3  0.9  0.19  0  0.95  0  -2
  3.6  0.9  0.19  0  0.95  0  -2
  3.9  0.9  0.19  0  0.95  0  -2
  4.2  0.9  0.19  0  0.95  0  -2
  4.5  0.9  0.19  0  0.95  0  -2
  4.8  0.9  0.19  0  0.95  0  -2
  5.1  0.9  0.19  0  0.95  0  -2
  5.4  0.9  0.19  0  0.95  0  -2
  5.7  0.9  0.19  0  0.95  0  -2
  6  0.9  0.19  0  0.95  0  -2
  0  1  0  0  0  0  -2
  0.3  1  0  0  0  0  -2
  0.6  1  0  0  0  0  -2
  0.9  1  0  0  0  0  -2
  1.2  1  0  0  0  0  -2
  1.5  1  0  0  0  0  -2
  1.8  1  0  0  0  0  -2
  2.1  1  0  0  0  0  -2
  2.4  1  0  0  0  0  -2
  2.7  1  0  0  0  0  -2
  3  1  0  0  0  0  -2
  3.3  1  0  0  0  0  -2
  3.6  1  0  0  0  0  -2
  3.9  1  0  0  0  0  -2
  4.2  1  0  0  0  0  -2
  4.5  1  0  0  0  0  -2
  4.8  1  0  0  0  0  -2
  5.1  1  0  0  0  0  -2
  5.4  1  0  0  0  0  -2
  5.7  1  0  0  0  0  -2
  6  1  0  0  0  0  -2
