  0.5  0.5  -6.12323e-17  6.12323e-17  -6.12323e-18  6.12323e-18  0.5
  0.6  0.5  0.309017  5.82354e-17  0.0309017  5.82354e-18  0.452254
  0.7  0.5  0.587785  4.9538e-17  0.0587785  4.9538e-18  0.327254
  0.8  0.5  0.809017  3.59915e-17  0.0809017  3.59915e-18  0.172746
  0.9  0.5  0.951057  1.89218e-17  0.0951057  1.89218e-18  0.0477458
  1  0.5  1  7.4988e-33  0.1  7.4988e-34  -0
  1.1  0.5  0.951057  -1.89218e-17  0.0951057  -1.89218e-18  0.0477458
  1.2  0.5  0.809017  -3.59915e-17  0.0809017  -3.59915e-18  0.172746
  1.3  0.5  0.587785  -4.9538e-17  0.0587785  -4.9538e-18  0.327254
  1.4  0.5  0.309017  -5.82354e-17  0.0309017  -5.82354e-18  0.452254
  1.5  0.5  1.83697e-16  -6.12323e-17  1.83697e-17  -6.12323e-18  0.5
  1.6  0.5  -0.309017  -5.82354e-17  -0.0309017  -5.82354e-18  0.452254
  1.7  0.5  -0.587785  -4.9538e-17  -0.0587785  -4.9538e-18  0.327254
  1.8  0.5  -0.809017  -3.59915e-17  -0.0809017  -3.59915e-18  0.172746
  1.9  0.5  -0.951057  -1.89218e-17  -0.0951057  -1.89218e-18  0.0477458
  2  0.5  -1  -1.49976e-32  -0.1  -1.49976e-33  -0
  2.1  0.5  -0.951057  1.89218e-17  -0.0951057  1.89218e-18  0.0477458
  2.2  0.5  -0.809017  3.59915e-17  -0.0809017  3.59915e-18  0.172746
  2.3  0.5  -0.587785  4.9538e-17  -0.0587785  4.9538e-18  0.327254
  2.4  0.5  -0.309017  5.82354e-17  -0.0309017  5.82354e-18  0.452254
  2.5  0.5  -3.06162e-16  6.12323e-17  -3.06162e-17  6.12323e-18  0.5
  0.5  0.6  -5.82354e-17  -0.309017  -5.82354e-18  -0.0309017  0.452254
  0.6  0.6  0.293893  -0.293893  0.0293893  -0.0293893  0.404508
  0.7  0.6  0.559017  -0.25  0.0559017  -0.025  0.279508
  0.8  0.6  0.769421  -0.181636  0.0769421  -0.0181636  0.125
  0.9  0.6  0.904508  -0.0954915  0.0904508  -0.00954915  5.55112e-17
  1  0.6  0.951057  -3.78437e-17  0.0951057  -3.78437e-18  -0.0477458
  1.1  0.6  0.904508  0.0954915  0.0904508  0.00954915  1.38778e-16
  1.2  0.6  0.769421  0.181636  0.0769421  0.0181636  0.125
  1.3  0.6  0.559017  0.25  0.0559017  0.025  0.279508
  1.4  0.6  0.293893  0.293893  0.0293893  0.0293893  0.404508
  1.5  0.6  1.74706e-16  0.309017  1.74706e-17  0.0309017  0.452254
  1.6  0.6  -0.293893  0.293893  -0.0293893  0.0293893  0.404508
  1.7  0.6  -0.559017  0.25  -0.0559017  0.025  0.279508
  1.8  0.6  -0.769421  0.181636  -0.0769421  0.0181636  0.125
  1.9  0.6  -0.904508  0.0954915  -0.0904508  0.00954915  1.11022e-16
  2  0.6  -0.951057  7.56873e-17  -0.0951057  7.56873e-18  -0.0477458
  2.1  0.6  -0.904508  -0.0954915  -0.0904508  -0.00954915  -2.77556e-17
  2.2  0.6  -0.769421  -0.181636  -0.0769421  -0.0181636  0.125
  2.3  0.6  -0.559017  -0.25  -0.0559017  -0.025  0.279508
  2.4  0.6  -0.293893  -0.293893  -0.0293893  -0.0293893  0.404508
  2.5  0.6  -2.91177e-16  -0.309017  -2.91177e-17  -0.0309017  0.452254
  0.5  0.7  -4.9538e-17  -0.587785  -4.9538e-18  -0.0587785  0.327254
  0.6  0.7  0.25  -0.559017  0.025  -0.0559017  0.279508
  0.7  0.7  0.475528  -0.475528  0.0475528  -0.0475528  0.154508
  0.8  0.7  0.654508  -0.345492  0.0654508  -0.0345492  8.32667e-17
  0.9  0.7  0.769421  -0.181636  0.0769421  -0.0181636  -0.125
  1  0.7  0.809017  -7.19829e-17  0.0809017  -7.19829e-18  -0.172746
  1.1  0.7  0.769421  0.181636  0.0769421  0.0181636  -0.125
  1.2  0.7  0.654508  0.345492  0.0654508  0.0345492  -4.16334e-17
  1.3  0.7  0.475528  0.475528  0.0475528  0.0475528  0.154508
  1.4  0.7  0.25  0.559017  0.025  0.0559017  0.279508
  1.5  0.7  1.48614e-16  0.587785  1.48614e-17  0.0587785  0.327254
  1.6  0.7  -0.25  0.559017  -0.025  0.0559017  0.279508
  1.7  0.7  -0.475528  0.475528  -0.0475528  0.0475528  0.154508
  1.8  0.7  -0.654508  0.345492  -0.0654508  0.0345492  1.38778e-16
  1.9  0.7  -0.769421  0.181636  -0.0769421  0.0181636  -0.125
  2  0.7  -0.809017  1.43966e-16  -0.0809017  1.43966e-17  -0.172746
  2.1  0.7  -0.769421  -0.181636  -0.0769421  -0.0181636  -0.125
  2.2  0.7  -0.654508  -0.345492  -0.0654508  -0.0345492  3.33067e-16
  2.3  0.7  -0.475528  -0.475528  -0.0475528  -0.0475528  0.154508
  2.4  0.7  -0.25  -0.559017  -0.025  -0.0559017  0.279508
  2.5  0.7  -2.4769e-16  -0.587785  -2.4769e-17  -0.0587785  0.327254
  0.5  0.8  -3.59915e-17  -0.809017  -3.59915e-18  -0.0809017  0.172746
  0.6  0.8  0.181636  -0.769421  0.0181636  -0.0769421  0.125
  0.7  0.8  0.345492  -0.654508  0.0345492  -0.0654508  8.32667e-17
  0.8  0.8  0.475528  -0.475528  0.0475528  -0.0475528  -0.154508
  0.9  0.8  0.559017  -0.25  0.0559017  -0.025  -0.279508
  1  0.8  0.587785  -9.9076e-17  0.0587785  -9.9076e-18  -0.327254
  1.1  0.8  0.559017  0.25  0.0559017  0.025  -0.279508
  1.2  0.8  0.475528  0.475528  0.0475528  0.0475528  -0.154508
  1.3  0.8  0.345492  0.654508  0.0345492  0.0654508  -2.77556e-17
  1.4  0.8  0.181636  0.769421  0.0181636  0.0769421  0.125
  1.5  0.8  1.07974e-16  0.809017  1.07974e-17  0.0809017  0.172746
  1.6  0.8  -0.181636  0.769421  -0.0181636  0.0769421  0.125
  1.7  0.8  -0.345492  0.654508  -0.0345492  0.0654508  1.52656e-16
  1.8  0.8  -0.475528  0.475528  -0.0475528  0.0475528  -0.154508
  1.9  0.8  -0.559017  0.25  -0.0559017  0.025  -0.279508
  2  0.8  -0.587785  1.98152e-16  -0.0587785  1.98152e-17  -0.327254
  2.1  0.8  -0.559017  -0.25  -0.0559017  -0.025  -0.279508
  2.2  0.8  -0.475528  -0.475528  -0.0475528  -0.0475528  -0.154508
  2.3  0.8  -0.345492  -0.654508  -0.0345492  -0.0654508  -5.13478e-16
  2.4  0.8  -0.181636  -0.769421  -0.0181636  -0.0769421  0.125
  2.5  0.8  -1.79957e-16  -0.809017  -1.79957e-17  -0.0809017  0.172746
  0.5  0.9  -1.89218e-17  -0.951057  -1.89218e-18  -0.0951057  0.0477458
  0.6  0.9  0.0954915  -0.904508  0.00954915  -0.0904508  5.55112e-17
  0.7  0.9  0.181636  -0.769421  0.0181636  -0.0769421  -0.125
  0.8  0.9  0.25  -0.559017  0.025  -0.0559017  -0.279508
  0.9  0.9  0.293893  -0.293893  0.0293893  -0.0293893  -0.404508
  1  0.9  0.309017  -1.16471e-16  0.0309017  -1.16471e-17  -0.452254
  1.1  0.9  0.293893  0.293893  0.0293893  0.0293893  -0.404508
  1.2  0.9  0.25  0.559017  0.025  0.0559017  -0.279508
  1.3  0.9  0.181636  0.769421  0.0181636  0.0769421  -0.125
  1.4  0.9  0.0954915  0.904508  0.00954915  0.0904508  -2.77556e-17
  1.5  0.9  5.67655e-17  0.951057  5.67655e-18  0.0951057  0.0477458
  1.6  0.9  -0.0954915  0.904508  -0.00954915  0.0904508  8.32667e-17
  1.7  0.9  -0.181636  0.769421  -0.0181636  0.0769421  -0.125
  1.8  0.9  -0.25  0.559017  -0.025  0.0559017  -0.279508
  1.9  0.9  -0.293893  0.293893  -0.0293893  0.0293893  -0.404508
  2  0.9  -0.309017  2.32942e-16  -0.0309017  2.32942e-17  -0.452254
  2.1  0.9  -0.293893  -0.293893  -0.0293893  -0.0293893  -0.404508
  2.2  0.9  -0.25  -0.559017  -0.025  -0.0559017  -0.279508
  2.3  0.9  -0.181636  -0.769421  -0.0181636  -0.0769421  -0.125
  2.4  0.9  -0.0954915  -0.904508  -0.00954915  -0.0904508  -5.55112e-17
  2.5  0.9  -9.46092e-17  -0.951057  -9.46092e-18  -0.0951057  0.0477458
  0.5  1  -7.4988e-33  -1  -7.4988e-34  -0.1  -0
  0.6  1  3.78437e-17  -0.951057  3.78437e-18  -0.0951057  -0.0477458
  0.7  1  7.19829e-17  -0.809017  7.19829e-18  -0.0809017  -0.172746
  0.8  1  9.9076e-17  -0.587785  9.9076e-18  -0.0587785  -0.327254
  0.9  1  1.16471e-16  -0.309017  1.16471e-17  -0.0309017  -0.452254
  1  1  1.22465e-16  -1.22465e-16  1.22465e-17  -1.22465e-17  -0.5
  1.1  1  1.16471e-16  0.309017  1.16471e-17  0.0309017  -0.452254
  1.2  1  9.9076e-17  0.587785  9.9076e-18  0.0587785  -0.327254
  1.3  1  7.19829e-17  0.809017  7.19829e-18  0.0809017  -0.172746
  1.4  1  3.78437e-17  0.951057  3.78437e-18  0.0951057  -0.0477458
  1.5  1  2.24964e-32  1  2.24964e-33  0.1  -0
  1.6  1  -3.78437e-17  0.951057  -3.78437e-18  0.0951057  -0.0477458
  1.7  1  -7.19829e-17  0.809017  -7.19829e-18  0.0809017  -0.172746
  1.8  1  -9.9076e-17  0.587785  -9.9076e-18  0.0587785  -0.327254
  1.9  1  -1.16471e-16  0.309017  -1.16471e-17  0.0309017  -0.452254
  2  1  -1.22465e-16  2.44929e-16  -1.22465e-17  2.44929e-17  -0.5
  2.1  1  -1.16471e-16  -0.309017  -1.16471e-17  -0.0309017  -0.452254
  2.2  1  -9.9076e-17  -0.587785  -9.9076e-18  -0.0587785  -0.327254
  2.3  1  -7.19829e-17  -0.809017  -7.19829e-18  -0.0809017  -0.172746
  2.4  1  -3.78437e-17  -0.951057  -3.78437e-18  -0.0951057  -0.0477458
  2.5  1  -3.7494e-32  -1  -3.7494e-33  -0.1  -0
  0.5  1.1  1.89218e-17  -0.951057  1.89218e-18  -0.0951057  0.0477458
  0.6  1.1  -0.0954915  -0.904508  -0.00954915  -0.0904508  1.38778e-16
  0.7  1.1  -0.181636  -0.769421  -0.0181636  -0.0769421  -0.125
  0.8  1.1  -0.25  -0.559017  -0.025  -0.0559017  -0.279508
  0.9  1.1  -0.293893  -0.293893  -0.0293893  -0.0293893  -0.404508
  1  1.1  -0.309017  -1.16471e-16  -0.0309017  -1.16471e-17  -0.452254
  1.1  1.1  -0.293893  0.293893  -0.0293893  0.0293893  -0.404508
  1.2  1.1  -0.25  0.559017  -0.025  0.0559017  -0.279508
  1.3  1.1  -0.181636  0.769421  -0.0181636  0.0769421  -0.125
  1.4  1.1  -0.0954915  0.904508  -0.00954915  0.0904508  5.55112e-17
  1.5  1.1  -5.67655e-17  0.951057  -5.67655e-18  0.0951057  0.0477458
  1.6  1.1  0.0954915  0.904508  0.00954915  0.0904508  1.66533e-16
  1.7  1.1  0.181636  0.769421  0.0181636  0.0769421  -0.125
  1.8  1.1  0.25  0.559017  0.025  0.0559017  -0.279508
  1.9  1.1  0.293893  0.293893  0.0293893  0.0293893  -0.404508
  2  1.1  0.309017  2.32942e-16  0.0309017  2.32942e-17  -0.452254
  2.1  1.1  0.293893  -0.293893  0.0293893  -0.0293893  -0.404508
  2.2  1.1  0.25  -0.559017  0.025  -0.0559017  -0.279508
  2.3  1.1  0.181636  -0.769421  0.0181636  -0.0769421  -0.125
  2.4  1.1  0.0954915  -0.904508  0.00954915  -0.0904508  2.77556e-17
  2.5  1.1  9.46092e-17  -0.951057  9.46092e-18  -0.0951057  0.0477458
  0.5  1.2  3.59915e-17  -0.809017  3.59915e-18  -0.0809017  0.172746
  0.6  1.2  -0.181636  -0.769421  -0.0181636  -0.0769421  0.125
  0.7  1.2  -0.345492  -0.654508  -0.0345492  -0.0654508  -4.16334e-17
  0.8  1.2  -0.475528  -0.475528  -0.0475528  -0.0475528  -0.154508
  0.9  1.2  -0.559017  -0.25  -0.0559017  -0.025  -0.279508
  1  1.2  -0.587785  -9.9076e-17  -0.0587785  -9.9076e-18  -0.327254
  1.1  1.2  -0.559017  0.25  -0.0559017  0.025  -0.279508
  1.2  1.2  -0.475528  0.475528  -0.0475528  0.0475528  -0.154508
  1.3  1.2  -0.345492  0.654508  -0.0345492  0.0654508  -1.52656e-16
  1.4  1.2  -0.181636  0.769421  -0.0181636  0.0769421  0.125
  1.5  1.2  -1.07974e-16  0.809017  -1.07974e-17  0.0809017  0.172746
  1.6  1.2  0.181636  0.769421  0.0181636  0.0769421  0.125
  1.7  1.2  0.345492  0.654508  0.0345492  0.0654508  2.77556e-17
  1.8  1.2  0.475528  0.475528  0.0475528  0.0475528  -0.154508
  1.9  1.2  0.559017  0.25  0.0559017  0.025  -0.279508
  2  1.2  0.587785  1.98152e-16  0.0587785  1.98152e-17  -0.327254
  2.1  1.2  0.559017  -0.25  0.0559017  -0.025  -0.279508
  2.2  1.2  0.475528  -0.475528  0.0475528  -0.0475528  -0.154508
  2.3  1.2  0.345492  -0.654508  0.0345492  -0.0654508  -6.38378e-16
  2.4  1.2  0.181636  -0.769421  0.0181636  -0.0769421  0.125
  2.5  1.2  1.79957e-16  -0.809017  1.79957e-17  -0.0809017  0.172746
  0.5  1.3  4.9538e-17  -0.587785  4.9538e-18  -0.0587785  0.327254
  0.6  1.3  -0.25  -0.559017  -0.025  -0.0559017  0.279508
  0.7  1.3  -0.475528  -0.475528  -0.0475528  -0.0475528  0.154508
  0.8  1.3  -0.654508  -0.345492  -0.0654508  -0.0345492  -2.77556e-17
  0.9  1.3  -0.769421  -0.181636  -0.0769421  -0.0181636  -0.125
  1  1.3  -0.809017  -7.19829e-17  -0.0809017  -7.19829e-18  -0.172746
  1.1  1.3  -0.769421  0.181636  -0.0769421  0.0181636  -0.125
  1.2  1.3  -0.654508  0.345492  -0.0654508  0.0345492  -1.52656e-16
  1.3  1.3  -0.475528  0.475528  -0.0475528  0.0475528  0.154508
  1.4  1.3  -0.25  0.559017  -0.025  0.0559017  0.279508
  1.5  1.3  -1.48614e-16  0.587785  -1.48614e-17  0.0587785  0.327254
  1.6  1.3  0.25  0.559017  0.025  0.0559017  0.279508
  1.7  1.3  0.475528  0.475528  0.0475528  0.0475528  0.154508
  1.8  1.3  0.654508  0.345492  0.0654508  0.0345492  2.77556e-17
  1.9  1.3  0.769421  0.181636  0.0769421  0.0181636  -0.125
  2  1.3  0.809017  1.43966e-16  0.0809017  1.43966e-17  -0.172746
  2.1  1.3  0.769421  -0.181636  0.0769421  -0.0181636  -0.125
  2.2  1.3  0.654508  -0.345492  0.0654508  -0.0345492  2.22045e-16
  2.3  1.3  0.475528  -0.475528  0.0475528  -0.0475528  0.154508
  2.4  1.3  0.25  -0.559017  0.025  -0.0559017  0.279508
  2.5  1.3  2.4769e-16  -0.587785  2.4769e-17  -0.0587785  0.327254
  0.5  1.4  5.82354e-17  -0.309017  5.82354e-18  -0.0309017  0.452254
  0.6  1.4  -0.293893  -0.293893  -0.0293893  -0.0293893  0.404508
  0.7  1.4  -0.559017  -0.25  -0.0559017  -0.025  0.279508
  0.8  1.4  -0.769421  -0.181636  -0.0769421  -0.0181636  0.125
  0.9  1.4  -0.904508  -0.0954915  -0.0904508  -0.00954915  -2.77556e-17
  1  1.4  -0.951057  -3.78437e-17  -0.0951057  -3.78437e-18  -0.0477458
  1.1  1.4  -0.904508  0.0954915  -0.0904508  0.00954915  5.55112e-17
  1.2  1.4  -0.769421  0.181636  -0.0769421  0.0181636  0.125
  1.3  1.4  -0.559017  0.25  -0.0559017  0.025  0.279508
  1.4  1.4  -0.293893  0.293893  -0.0293893  0.0293893  0.404508
  1.5  1.4  -1.74706e-16  0.309017  -1.74706e-17  0.0309017  0.452254
  1.6  1.4  0.293893  0.293893  0.0293893  0.0293893  0.404508
  1.7  1.4  0.559017  0.25  0.0559017  0.025  0.279508
  1.8  1.4  0.769421  0.181636  0.0769421  0.0181636  0.125
  1.9  1.4  0.904508  0.0954915  0.0904508  0.00954915  2.77556e-17
  2  1.4  0.951057  7.56873e-17  0.0951057  7.56873e-18  -0.0477458
  2.1  1.4  0.904508  -0.0954915  0.0904508  -0.00954915  -1.11022e-16
  2.2  1.4  0.769421  -0.181636  0.0769421  -0.0181636  0.125
  2.3  1.4  0.559017  -0.25  0.0559017  -0.025  0.279508
  2.4  1.4  0.293893  -0.293893  0.0293893  -0.0293893  0.404508
  2.5  1.4  2.91177e-16  -0.309017  2.91177e-17  -0.0309017  0.452254
  0.5  1.5  6.12323e-17  -1.83697e-16  6.12323e-18  -1.83697e-17  0.5
  0.6  1.5  -0.309017  -1.74706e-16  -0.0309017  -1.74706e-17  0.452254
  0.7  1.5  -0.587785  -1.48614e-16  -0.0587785  -1.48614e-17  0.327254
  0.8  1.5  -0.809017  -1.07974e-16  -0.0809017  -1.07974e-17  0.172746
  0.9  1.5  -0.951057  -5.67655e-17  -0.0951057  -5.67655e-18  0.0477458
  1  1.5  -1  -2.24964e-32  -0.1  -2.24964e-33  -0
  1.1  1.5  -0.951057  5.67655e-17  -0.0951057  5.67655e-18  0.0477458
  1.2  1.5  -0.809017  1.07974e-16  -0.0809017  1.07974e-17  0.172746
  1.3  1.5  -0.587785  1.48614e-16  -0.0587785  1.48614e-17  0.327254
  1.4  1.5  -0.309017  1.74706e-16  -0.0309017  1.74706e-17  0.452254
  1.5  1.5  -1.83697e-16  1.83697e-16  -1.83697e-17  1.83697e-17  0.5
  1.6  1.5  0.309017  1.74706e-16  0.0309017  1.74706e-17  0.452254
  1.7  1.5  0.587785  1.48614e-16  0.0587785  1.48614e-17  0.327254
  1.8  1.5  0.809017  1.07974e-16  0.0809017  1.07974e-17  0.172746
  1.9  1.5  0.951057  5.67655e-17  0.0951057  5.67655e-18  0.0477458
  2  1.5  1  4.49928e-32  0.1  4.49928e-33  -0
  2.1  1.5  0.951057  -5.67655e-17  0.0951057  -5.67655e-18  0.0477458
  2.2  1.5  0.809017  -1.07974e-16  0.0809017  -1.07974e-17  0.172746
  2.3  1.5  0.587785  -1.48614e-16  0.0587785  -1.48614e-17  0.327254
  2.4  1.5  0.309017  -1.74706e-16  0.0309017  -1.74706e-17  0.452254
  2.5  1.5  3.06162e-16  -1.83697e-16  3.06162e-17  -1.83697e-17  0.5
  0.5  1.6  5.82354e-17  0.309017  5.82354e-18  0.0309017  0.452254
  0.6  1.6  -0.293893  0.293893  -0.0293893  0.0293893  0.404508
  0.7  1.6  -0.559017  0.25  -0.0559017  0.025  0.279508
  0.8  1.6  -0.769421  0.181636  -0.0769421  0.0181636  0.125
  0.9  1.6  -0.904508  0.0954915  -0.0904508  0.00954915  8.32667e-17
  1  1.6  -0.951057  3.78437e-17  -0.0951057  3.78437e-18  -0.0477458
  1.1  1.6  -0.904508  -0.0954915  -0.0904508  -0.00954915  1.66533e-16
  1.2  1.6  -0.769421  -0.181636  -0.0769421  -0.0181636  0.125
  1.3  1.6  -0.559017  -0.25  -0.0559017  -0.025  0.279508
  1.4  1.6  -0.293893  -0.293893  -0.0293893  -0.0293893  0.404508
  1.5  1.6  -1.74706e-16  -0.309017  -1.74706e-17  -0.0309017  0.452254
  1.6  1.6  0.293893  -0.293893  0.0293893  -0.0293893  0.404508
  1.7  1.6  0.559017  -0.25  0.0559017  -0.025  0.279508
  1.8  1.6  0.769421  -0.181636  0.0769421  -0.0181636  0.125
  1.9  1.6  0.904508  -0.0954915  0.0904508  -0.00954915  1.38778e-16
  2  1.6  0.951057  -7.56873e-17  0.0951057  -7.56873e-18  -0.0477458
  2.1  1.6  0.904508  0.0954915  0.0904508  0.00954915  -0
  2.2  1.6  0.769421  0.181636  0.0769421  0.0181636  0.125
  2.3  1.6  0.559017  0.25  0.0559017  0.025  0.279508
  2.4  1.6  0.293893  0.293893  0.0293893  0.0293893  0.404508
  2.5  1.6  2.91177e-16  0.309017  2.91177e-17  0.0309017  0.452254
  0.5  1.7  4.9538e-17  0.587785  4.9538e-18  0.0587785  0.327254
  0.6  1.7  -0.25  0.559017  -0.025  0.0559017  0.279508
  0.7  1.7  -0.475528  0.475528  -0.0475528  0.0475528  0.154508
  0.8  1.7  -0.654508  0.345492  -0.0654508  0.0345492  1.52656e-16
  0.9  1.7  -0.769421  0.181636  -0.0769421  0.0181636  -0.125
  1  1.7  -0.809017  7.19829e-17  -0.0809017  7.19829e-18  -0.172746
  1.1  1.7  -0.769421  -0.181636  -0.0769421  -0.0181636  -0.125
  1.2  1.7  -0.654508  -0.345492  -0.0654508  -0.0345492  2.77556e-17
  1.3  1.7  -0.475528  -0.475528  -0.0475528  -0.0475528  0.154508
  1.4  1.7  -0.25  -0.559017  -0.025  -0.0559017  0.279508
  1.5  1.7  -1.48614e-16  -0.587785  -1.48614e-17  -0.0587785  0.327254
  1.6  1.7  0.25  -0.559017  0.025  -0.0559017  0.279508
  1.7  1.7  0.475528  -0.475528  0.0475528  -0.0475528  0.154508
  1.8  1.7  0.654508  -0.345492  0.0654508  -0.0345492  2.08167e-16
  1.9  1.7  0.769421  -0.181636  0.0769421  -0.0181636  -0.125
  2  1.7  0.809017  -1.43966e-16  0.0809017  -1.43966e-17  -0.172746
  2.1  1.7  0.769421  0.181636  0.0769421  0.0181636  -0.125
  2.2  1.7  0.654508  0.345492  0.0654508  0.0345492  4.02456e-16
  2.3  1.7  0.475528  0.475528  0.0475528  0.0475528  0.154508
  2.4  1.7  0.25  0.559017  0.025  0.0559017  0.279508
  2.5  1.7  2.4769e-16  0.587785  2.4769e-17  0.0587785  0.327254
  0.5  1.8  3.59915e-17  0.809017  3.59915e-18  0.0809017  0.172746
  0.6  1.8  -0.181636  0.769421  -0.0181636  0.0769421  0.125
  0.7  1.8  -0.345492  0.654508  -0.0345492  0.0654508  1.38778e-16
  0.8  1.8  -0.475528  0.475528  -0.0475528  0.0475528  -0.154508
  0.9  1.8  -0.559017  0.25  -0.0559017  0.025  -0.279508
  1  1.8  -0.587785  9.9076e-17  -0.0587785  9.9076e-18  -0.327254
  1.1  1.8  -0.559017  -0.25  -0.0559017  -0.025  -0.279508
  1.2  1.8  -0.475528  -0.475528  -0.0475528  -0.0475528  -0.154508
  1.3  1.8  -0.345492  -0.654508  -0.0345492  -0.0654508  2.77556e-17
  1.4  1.8  -0.181636  -0.769421  -0.0181636  -0.0769421  0.125
  1.5  1.8  -1.07974e-16  -0.809017  -1.07974e-17  -0.0809017  0.172746
  1.6  1.8  0.181636  -0.769421  0.0181636  -0.0769421  0.125
  1.7  1.8  0.345492  -0.654508  0.0345492  -0.0654508  2.08167e-16
  1.8  1.8  0.475528  -0.475528  0.0475528  -0.0475528  -0.154508
  1.9  1.8  0.559017  -0.25  0.0559017  -0.025  -0.279508
  2  1.8  0.587785  -1.98152e-16  0.0587785  -1.98152e-17  -0.327254
  2.1  1.8  0.559017  0.25  0.0559017  0.025  -0.279508
  2.2  1.8  0.475528  0.475528  0.0475528  0.0475528  -0.154508
  2.3  1.8  0.345492  0.654508  0.0345492  0.0654508  -4.57967e-16
  2.4  1.8  0.181636  0.769421  0.0181636  0.0769421  0.125
  2.5  1.8  1.79957e-16  0.809017  1.79957e-17  0.0809017  0.172746
  0.5  1.9  1.89218e-17  0.951057  1.89218e-18  0.0951057  0.0477458
  0.6  1.9  -0.0954915  0.904508  -0.00954915  0.0904508  1.11022e-16
  0.7  1.9  -0.181636  0.769421  -0.0181636  0.0769421  -0.125
  0.8  1.9  -0.25  0.559017  -0.025  0.0559017  -0.279508
  0.9  1.9  -0.293893  0.293893  -0.0293893  0.0293893  -0.404508
  1  1.9  -0.309017  1.16471e-16  -0.0309017  1.16471e-17  -0.452254
  1.1  1.9  -0.293893  -0.293893  -0.0293893  -0.0293893  -0.404508
  1.2  1.9  -0.25  -0.559017  -0.025  -0.0559017  -0.279508
  1.3  1.9  -0.181636  -0.769421  -0.0181636  -0.0769421  -0.125
  1.4  1.9  -0.0954915  -0.904508  -0.00954915  -0.0904508  2.77556e-17
  1.5  1.9  -5.67655e-17  -0.951057  -5.67655e-18  -0.0951057  0.0477458
  1.6  1.9  0.0954915  -0.904508  0.00954915  -0.0904508  1.38778e-16
  1.7  1.9  0.181636  -0.769421  0.0181636  -0.0769421  -0.125
  1.8  1.9  0.25  -0.559017  0.025  -0.0559017  -0.279508
  1.9  1.9  0.293893  -0.293893  0.0293893  -0.0293893  -0.404508
  2  1.9  0.309017  -2.32942e-16  0.0309017  -2.32942e-17  -0.452254
  2.1  1.9  0.293893  0.293893  0.0293893  0.0293893  -0.404508
  2.2  1.9  0.25  0.559017  0.025  0.0559017  -0.279508
  2.3  1.9  0.181636  0.769421  0.0181636  0.0769421  -0.125
  2.4  1.9  0.0954915  0.904508  0.00954915  0.0904508  -0
  2.5  1.9  9.46092e-17  0.951057  9.46092e-18  0.0951057  0.0477458
  0.5  2  1.49976e-32  1  1.49976e-33  0.1  -0
  0.6  2  -7.56873e-17  0.951057  -7.56873e-18  0.0951057  -0.0477458
  0.7  2  -1.43966e-16  0.809017  -1.43966e-17  0.0809017  -0.172746
  0.8  2  -1.98152e-16  0.587785  -1.98152e-17  0.0587785  -0.327254
  0.9  2  -2.32942e-16  0.309017  -2.32942e-17  0.0309017  -0.452254
  1  2  -2.44929e-16  1.22465e-16  -2.44929e-17  1.22465e-17  -0.5
  1.1  2  -2.32942e-16  -0.309017  -2.32942e-17  -0.0309017  -0.452254
  1.2  2  -1.98152e-16  -0.587785  -1.98152e-17  -0.0587785  -0.327254
  1.3  2  -1.43966e-16  -0.809017  -1.43966e-17  -0.0809017  -0.172746
  1.4  2  -7.56873e-17  -0.951057  -7.56873e-18  -0.0951057  -0.0477458
  1.5  2  -4.49928e-32  -1  -4.49928e-33  -0.1  -0
  1.6  2  7.56873e-17  -0.951057  7.56873e-18  -0.0951057  -0.0477458
  1.7  2  1.43966e-16  -0.809017  1.43966e-17  -0.0809017  -0.172746
  1.8  2  1.98152e-16  -0.587785  1.98152e-17  -0.0587785  -0.327254
  1.9  2  2.32942e-16  -0.309017  2.32942e-17  -0.0309017  -0.452254
  2  2  2.44929e-16  -2.44929e-16  2.44929e-17  -2.44929e-17  -0.5
  2.1  2  2.32942e-16  0.309017  2.32942e-17  0.0309017  -0.452254
  2.2  2  1.98152e-16  0.587785  1.98152e-17  0.0587785  -0.327254
  2.3  2  1.43966e-16  0.809017  1.43966e-17  0.0809017  -0.172746
  2.4  2  7.56873e-17  0.951057  7.56873e-18  0.0951057  -0.0477458
  2.5  2  7.4988e-32  1  7.4988e-33  0.1  -0
  0.5  2.1  -1.89218e-17  0.951057  -1.89218e-18  0.0951057  0.0477458
  0.6  2.1  0.0954915  0.904508  0.00954915  0.0904508  -2.77556e-17
  0.7  2.1  0.181636  0.769421  0.0181636  0.0769421  -0.125
  0.8  2.1  0.25  0.559017  0.025  0.0559017  -0.279508
  0.9  2.1  0.293893  0.293893  0.0293893  0.0293893  -0.404508
  1  2.1  0.309017  1.16471e-16  0.0309017  1.16471e-17  -0.452254
  1.1  2.1  0.293893  -0.293893  0.0293893  -0.0293893  -0.404508
  1.2  2.1  0.25  -0.559017  0.025  -0.0559017  -0.279508
  1.3  2.1  0.181636  -0.769421  0.0181636  -0.0769421  -0.125
  1.4  2.1  0.0954915  -0.904508  0.00954915  -0.0904508  -1.11022e-16
  1.5  2.1  5.67655e-17  -0.951057  5.67655e-18  -0.0951057  0.0477458
  1.6  2.1  -0.0954915  -0.904508  -0.00954915  -0.0904508  -0
  1.7  2.1  -0.181636  -0.769421  -0.0181636  -0.0769421  -0.125
  1.8  2.1  -0.25  -0.559017  -0.025  -0.0559017  -0.279508
  1.9  2.1  -0.293893  -0.293893  -0.0293893  -0.0293893  -0.404508
  2  2.1  -0.309017  -2.32942e-16  -0.0309017  -2.32942e-17  -0.452254
  2.1  2.1  -0.293893  0.293893  -0.0293893  0.0293893  -0.404508
  2.2  2.1  -0.25  0.559017  -0.025  0.0559017  -0.279508
  2.3  2.1  -0.181636  0.769421  -0.0181636  0.0769421  -0.125
  2.4  2.1  -0.0954915  0.904508  -0.00954915  0.0904508  -1.38778e-16
  2.5  2.1  -9.46092e-17  0.951057  -9.46092e-18  0.0951057  0.0477458
  0.5  2.2  -3.59915e-17  0.809017  -3.59915e-18  0.0809017  0.172746
  0.6  2.2  0.181636  0.769421  0.0181636  0.0769421  0.125
  0.7  2.2  0.345492  0.654508  0.0345492  0.0654508  3.33067e-16
  0.8  2.2  0.475528  0.475528  0.0475528  0.0475528  -0.154508
  0.9  2.2  0.559017  0.25  0.0559017  0.025  -0.279508
  1  2.2  0.587785  9.9076e-17  0.0587785  9.9076e-18  -0.327254
  1.1  2.2  0.559017  -0.25  0.0559017  -0.025  -0.279508
  1.2  2.2  0.475528  -0.475528  0.0475528  -0.0475528  -0.154508
  1.3  2.2  0.345492  -0.654508  0.0345492  -0.0654508  2.22045e-16
  1.4  2.2  0.181636  -0.769421  0.0181636  -0.0769421  0.125
  1.5  2.2  1.07974e-16  -0.809017  1.07974e-17  -0.0809017  0.172746
  1.6  2.2  -0.181636  -0.769421  -0.0181636  -0.0769421  0.125
  1.7  2.2  -0.345492  -0.654508  -0.0345492  -0.0654508  4.02456e-16
  1.8  2.2  -0.475528  -0.475528  -0.0475528  -0.0475528  -0.154508
  1.9  2.2  -0.559017  -0.25  -0.0559017  -0.025  -0.279508
  2  2.2  -0.587785  -1.98152e-16  -0.0587785  -1.98152e-17  -0.327254
  2.1  2.2  -0.559017  0.25  -0.0559017  0.025  -0.279508
  2.2  2.2  -0.475528  0.475528  -0.0475528  0.0475528  -0.154508
  2.3  2.2  -0.345492  0.654508  -0.0345492  0.0654508  -2.63678e-16
  2.4  2.2  -0.181636  0.769421  -0.0181636  0.0769421  0.125
  2.5  2.2  -1.79957e-16  0.809017  -1.79957e-17  0.0809017  0.172746
  0.5  2.3  -4.9538e-17  0.587785  -4.9538e-18  0.0587785  0.327254
  0.6  2.3  0.25  0.559017  0.025  0.0559017  0.279508
  0.7  2.3  0.475528  0.475528  0.0475528  0.0475528  0.154508
  0.8  2.3  0.654508  0.345492  0.0654508  0.0345492  -5.13478e-16
  0.9  2.3  0.769421  0.181636  0.0769421  0.0181636  -0.125
  1  2.3  0.809017  7.19829e-17  0.0809017  7.19829e-18  -0.172746
  1.1  2.3  0.769421  -0.181636  0.0769421  -0.0181636  -0.125
  1.2  2.3  0.654508  -0.345492  0.0654508  -0.0345492  -6.38378e-16
  1.3  2.3  0.475528  -0.475528  0.0475528  -0.0475528  0.154508
  1.4  2.3  0.25  -0.559017  0.025  -0.0559017  0.279508
  1.5  2.3  1.48614e-16  -0.587785  1.48614e-17  -0.0587785  0.327254
  1.6  2.3  -0.25  -0.559017  -0.025  -0.0559017  0.279508
  1.7  2.3  -0.475528  -0.475528  -0.0475528  -0.0475528  0.154508
  1.8  2.3  -0.654508  -0.345492  -0.0654508  -0.0345492  -4.57967e-16
  1.9  2.3  -0.769421  -0.181636  -0.0769421  -0.0181636  -0.125
  2  2.3  -0.809017  -1.43966e-16  -0.0809017  -1.43966e-17  -0.172746
  2.1  2.3  -0.769421  0.181636  -0.0769421  0.0181636  -0.125
  2.2  2.3  -0.654508  0.345492  -0.0654508  0.0345492  -2.63678e-16
  2.3  2.3  -0.475528  0.475528  -0.0475528  0.0475528  0.154508
  2.4  2.3  -0.25  0.559017  -0.025  0.0559017  0.279508
  2.5  2.3  -2.4769e-16  0.587785  -2.4769e-17  0.0587785  0.327254
  0.5  2.4  -5.82354e-17  0.309017  -5.82354e-18  0.0309017  0.452254
  0.6  2.4  0.293893  0.293893  0.0293893  0.0293893  0.404508
  0.7  2.4  0.559017  0.25  0.0559017  0.025  0.279508
  0.8  2.4  0.769421  0.181636  0.0769421  0.0181636  0.125
  0.9  2.4  0.904508  0.0954915  0.0904508  0.00954915  -5.55112e-17
  1  2.4  0.951057  3.78437e-17  0.0951057  3.78437e-18  -0.0477458
  1.1  2.4  0.904508  -0.0954915  0.0904508  -0.00954915  2.77556e-17
  1.2  2.4  0.769421  -0.181636  0.0769421  -0.0181636  0.125
  1.3  2.4  0.559017  -0.25  0.0559017  -0.025  0.279508
  1.4  2.4  0.293893  -0.293893  0.0293893  -0.0293893  0.404508
  1.5  2.4  1.74706e-16  -0.309017  1.74706e-17  -0.0309017  0.452254
  1.6  2.4  -0.293893  -0.293893  -0.0293893  -0.0293893  0.404508
  1.7  2.4  -0.559017  -0.25  -0.0559017  -0.025  0.279508
  1.8  2.4  -0.769421  -0.181636  -0.0769421  -0.0181636  0.125
  1.9  2.4  -0.904508  -0.0954915  -0.0904508  -0.00954915  -0
  2  2.4  -0.951057  -7.56873e-17  -0.0951057  -7.56873e-18  -0.0477458
  2.1  2.4  -0.904508  0.0954915  -0.0904508  0.00954915  -1.38778e-16
  2.2  2.4  -0.769421  0.181636  -0.0769421  0.0181636  0.125
  2.3  2.4  -0.559017  0.25  -0.0559017  0.025  0.279508
  2.4  2.4  -0.293893  0.293893  -0.0293893  0.0293893  0.404508
  2.5  2.4  -2.91177e-16  0.309017  -2.91177e-17  0.0309017  0.452254
  0.5  2.5  -6.12323e-17  3.06162e-16  -6.12323e-18  3.06162e-17  0.5
  0.6  2.5  0.309017  2.91177e-16  0.0309017  2.91177e-17  0.452254
  0.7  2.5  0.587785  2.4769e-16  0.0587785  2.4769e-17  0.327254
  0.8  2.5  0.809017  1.79957e-16  0.0809017  1.79957e-17  0.172746
  0.9  2.5  0.951057  9.46092e-17  0.0951057  9.46092e-18  0.0477458
  1  2.5  1  3.7494e-32  0.1  3.7494e-33  -0
  1.1  2.5  0.951057  -9.46092e-17  0.0951057  -9.46092e-18  0.0477458
  1.2  2.5  0.809017  -1.79957e-16  0.0809017  -1.79957e-17  0.172746
  1.3  2.5  0.587785  -2.4769e-16  0.0587785  -2.4769e-17  0.327254
  1.4  2.5  0.309017  -2.91177e-16  0.0309017  -2.91177e-17  0.452254
  1.5  2.5  1.83697e-16  -3.06162e-16  1.83697e-17  -3.06162e-17  0.5
  1.6  2.5  -0.309017  -2.91177e-16  -0.0309017  -2.91177e-17  0.452254
  1.7  2.5  -0.587785  -2.4769e-16  -0.0587785  -2.4769e-17  0.327254
  1.8  2.5  -0.809017  -1.79957e-16  -0.0809017  -1.79957e-17  0.172746
  1.9  2.5  -0.951057  -9.46092e-17  -0.0951057  -9.46092e-18  0.0477458
  2  2.5  -1  -7.4988e-32  -0.1  -7.4988e-33  -0
  2.1  2.5  -0.951057  9.46092e-17  -0.0951057  9.46092e-18  0.0477458
  2.2  2.5  -0.809017  1.79957e-16  -0.0809017  1.79957e-17  0.172746
  2.3  2.5  -0.587785  2.4769e-16  -0.0587785  2.4769e-17  0.327254
  2.4  2.5  -0.309017  2.91177e-16  -0.0309017  2.91177e-17  0.452254
  2.5  2.5  -3.06162e-16  3.06162e-16  -3.06162e-17  3.06162e-17  0.5
