  0.5  0.5  -6.12323e-17  6.12323e-17  -6.12323e-18  6.12323e-18  0.5
  0.55  0.5  0.156434  6.04785e-17  0.0156434  6.04785e-18  0.487764
  0.6  0.5  0.309017  5.82354e-17  0.0309017  5.82354e-18  0.452254
  0.65  0.5  0.45399  5.45584e-17  0.045399  5.45584e-18  0.396946
  0.7  0.5  0.587785  4.9538e-17  0.0587785  4.9538e-18  0.327254
  0.75  0.5  0.707107  4.32978e-17  0.0707107  4.32978e-18  0.25
  0.8  0.5  0.809017  3.59915e-17  0.0809017  3.59915e-18  0.172746
  0.85  0.5  0.891007  2.77989e-17  0.0891007  2.77989e-18  0.103054
  0.9  0.5  0.951057  1.89218e-17  0.0951057  1.89218e-18  0.0477458
  0.95  0.5  0.987688  9.57885e-18  0.0987688  9.57885e-19  0.0122359
  1  0.5  1  7.4988e-33  0.1  7.4988e-34  -0
  1.05  0.5  0.987688  -9.57885e-18  0.0987688  -9.57885e-19  0.0122359
  1.1  0.5  0.951057  -1.89218e-17  0.0951057  -1.89218e-18  0.0477458
  1.15  0.5  0.891007  -2.77989e-17  0.0891007  -2.77989e-18  0.103054
  1.2  0.5  0.809017  -3.59915e-17  0.0809017  -3.59915e-18  0.172746
  1.25  0.5  0.707107  -4.32978e-17  0.0707107  -4.32978e-18  0.25
  1.3  0.5  0.587785  -4.9538e-17  0.0587785  -4.9538e-18  0.327254
  1.35  0.5  0.45399  -5.45584e-17  0.045399  -5.45584e-18  0.396946
  1.4  0.5  0.309017  -5.82354e-17  0.0309017  -5.82354e-18  0.452254
  1.45  0.5  0.156434  -6.04785e-17  0.0156434  -6.04785e-18  0.487764
  1.5  0.5  1.83697e-16  -6.12323e-17  1.83697e-17  -6.12323e-18  0.5
  0.5  0.55  -6.04785e-17  -0.156434  -6.04785e-18  -0.0156434  0.487764
  0.55  0.55  0.154508  -0.154508  0.0154508  -0.0154508  0.475528
  0.6  0.55  0.305212  -0.148778  0.0305212  -0.0148778  0.440018
  0.65  0.55  0.448401  -0.139384  0.0448401  -0.0139384  0.38471
  0.7  0.55  0.580549  -0.126558  0.0580549  -0.0126558  0.315018
  0.75  0.55  0.698401  -0.110616  0.0698401  -0.0110616  0.237764
  0.8  0.55  0.799057  -0.0919499  0.0799057  -0.00919499  0.16051
  0.85  0.55  0.880037  -0.0710198  0.0880037  -0.00710198  0.0908178
  0.9  0.55  0.939347  -0.0483409  0.0939347  -0.00483409  0.0355099
  0.95  0.55  0.975528  -0.0244717  0.0975528  -0.00244717  -0
  1  0.55  0.987688  -1.91577e-17  0.0987688  -1.91577e-18  -0.0122359
  1.05  0.55  0.975528  0.0244717  0.0975528  0.00244717  -2.77556e-17
  1.1  0.55  0.939347  0.0483409  0.0939347  0.00483409  0.0355099
  1.15  0.55  0.880037  0.0710198  0.0880037  0.00710198  0.0908178
  1.2  0.55  0.799057  0.0919499  0.0799057  0.00919499  0.16051
  1.25  0.55  0.698401  0.110616  0.0698401  0.0110616  0.237764
  1.3  0.55  0.580549  0.126558  0.0580549  0.0126558  0.315018
  1.35  0.55  0.448401  0.139384  0.0448401  0.0139384  0.38471
  1.4  0.55  0.305212  0.148778  0.0305212  0.0148778  0.440018
  1.45  0.55  0.154508  0.154508  0.0154508  0.0154508  0.475528
  1.5  0.55  1.81435e-16  0.156434  1.81435e-17  0.0156434  0.487764
  0.5  0.6  -5.82354e-17  -0.309017  -5.82354e-18  -0.0309017  0.452254
  0.55  0.6  0.148778  -0.305212  0.0148778  -0.0305212  0.440018
  0.6  0.6  0.293893  -0.293893  0.0293893  -0.0293893  0.404508
  0.65  0.6  0.431771  -0.275336  0.0431771  -0.0275336  0.349201
  0.7  0.6  0.559017  -0.25  0.0559017  -0.025  0.279508
  0.75  0.6  0.672499  -0.218508  0.0672499  -0.0218508  0.202254
  0.8  0.6  0.769421  -0.181636  0.0769421  -0.0181636  0.125
  0.85  0.6  0.847398  -0.140291  0.0847398  -0.0140291  0.0553079
  0.9  0.6  0.904508  -0.0954915  0.0904508  -0.00954915  5.55112e-17
  0.95  0.6  0.939347  -0.0483409  0.0939347  -0.00483409  -0.0355099
  1  0.6  0.951057  -3.78437e-17  0.0951057  -3.78437e-18  -0.0477458
  1.05  0.6  0.939347  0.0483409  0.0939347  0.00483409  -0.0355099
  1.1  0.6  0.904508  0.0954915  0.0904508  0.00954915  1.38778e-16
  1.15  0.6  0.847398  0.140291  0.0847398  0.0140291  0.0553079
  1.2  0.6  0.769421  0.181636  0.0769421  0.0181636  0.125
  1.25  0.6  0.672499  0.218508  0.0672499  0.0218508  0.202254
  1.3  0.6  0.559017  0.25  0.0559017  0.025  0.279508
  1.35  0.6  0.431771  0.275336  0.0431771  0.0275336  0.349201
  1.4  0.6  0.293893  0.293893  0.0293893  0.0293893  0.404508
  1.45  0.6  0.148778  0.305212  0.0148778  0.0305212  0.440018
  1.5  0.6  1.74706e-16  0.309017  1.74706e-17  0.0309017  0.452254
  0.5  0.65  -5.45584e-17  -0.45399  -5.45584e-18  -0.045399  0.396946
  0.55  0.65  0.139384  -0.448401  0.0139384  -0.0448401  0.38471
  0.6  0.65  0.275336  -0.431771  0.0275336  -0.0431771  0.349201
  0.65  0.65  0.404508  -0.404508  0.0404508  -0.0404508  0.293893
  0.7  0.65  0.52372  -0.367286  0.052372  -0.0367286  0.224201
  0.75  0.65  0.630037  -0.32102  0.0630037  -0.032102  0.146946
  0.8  0.65  0.720839  -0.266849  0.0720839  -0.0266849  0.0696921
  0.85  0.65  0.793893  -0.206107  0.0793893  -0.0206107  8.32667e-17
  0.9  0.65  0.847398  -0.140291  0.0847398  -0.0140291  -0.0553079
  0.95  0.65  0.880037  -0.0710198  0.0880037  -0.00710198  -0.0908178
  1  0.65  0.891007  -5.55978e-17  0.0891007  -5.55978e-18  -0.103054
  1.05  0.65  0.880037  0.0710198  0.0880037  0.00710198  -0.0908178
  1.1  0.65  0.847398  0.140291  0.0847398  0.0140291  -0.0553079
  1.15  0.65  0.793893  0.206107  0.0793893  0.0206107  -1.94289e-16
  1.2  0.65  0.720839  0.266849  0.0720839  0.0266849  0.0696921
  1.25  0.65  0.630037  0.32102  0.0630037  0.032102  0.146946
  1.3  0.65  0.52372  0.367286  0.052372  0.0367286  0.224201
  1.35  0.65  0.404508  0.404508  0.0404508  0.0404508  0.293893
  1.4  0.65  0.275336  0.431771  0.0275336  0.0431771  0.349201
  1.45  0.65  0.139384  0.448401  0.0139384  0.0448401  0.38471
  1.5  0.65  1.63675e-16  0.45399  1.63675e-17  0.045399  0.396946
  0.5  0.7  -4.9538e-17  -0.587785  -4.9538e-18  -0.0587785  0.327254
  0.55  0.7  0.126558  -0.580549  0.0126558  -0.0580549  0.315018
  0.6  0.7  0.25  -0.559017  0.025  -0.0559017  0.279508
  0.65  0.7  0.367286  -0.52372  0.0367286  -0.052372  0.224201
  0.7  0.7  0.475528  -0.475528  0.0475528  -0.0475528  0.154508
  0.75  0.7  0.572061  -0.415627  0.0572061  -0.0415627  0.0772542
  0.8  0.7  0.654508  -0.345492  0.0654508  -0.0345492  8.32667e-17
  0.85  0.7  0.720839  -0.266849  0.0720839  -0.0266849  -0.0696921
  0.9  0.7  0.769421  -0.181636  0.0769421  -0.0181636  -0.125
  0.95  0.7  0.799057  -0.0919499  0.0799057  -0.00919499  -0.16051
  1  0.7  0.809017  -7.19829e-17  0.0809017  -7.19829e-18  -0.172746
  1.05  0.7  0.799057  0.0919499  0.0799057  0.00919499  -0.16051
  1.1  0.7  0.769421  0.181636  0.0769421  0.0181636  -0.125
  1.15  0.7  0.720839  0.266849  0.0720839  0.0266849  -0.0696921
  1.2  0.7  0.654508  0.345492  0.0654508  0.0345492  -4.16334e-17
  1.25  0.7  0.572061  0.415627  0.0572061  0.0415627  0.0772542
  1.3  0.7  0.475528  0.475528  0.0475528  0.0475528  0.154508
  1.35  0.7  0.367286  0.52372  0.0367286  0.052372  0.224201
  1.4  0.7  0.25  0.559017  0.025  0.0559017  0.279508
  1.45  0.7  0.126558  0.580549  0.0126558  0.0580549  0.315018
  1.5  0.7  1.48614e-16  0.587785  1.48614e-17  0.0587785  0.327254
  0.5  0.75  -4.32978e-17  -0.707107  -4.32978e-18  -0.0707107  0.25
  0.55  0.75  0.110616  -0.698401  0.0110616  -0.0698401  0.237764
  0.6  0.75  0.218508  -0.672499  0.0218508  -0.0672499  0.202254
  0.65  0.75  0.32102  -0.630037  0.032102  -0.0630037  0.146946
  0.7  0.75  0.415627  -0.572061  0.0415627  -0.0572061  0.0772542
  0.75  0.75  0.5  -0.5  0.05  -0.05  9.18485e-17
  0.8  0.75  0.572061  -0.415627  0.0572061  -0.0415627  -0.0772542
  0.85  0.75  0.630037  -0.32102  0.0630037  -0.032102  -0.146946
  0.9  0.75  0.672499  -0.218508  0.0672499  -0.0218508  -0.202254
  0.95  0.75  0.698401  -0.110616  0.0698401  -0.0110616  -0.237764
  1  0.75  0.707107  -8.65956e-17  0.0707107  -8.65956e-18  -0.25
  1.05  0.75  0.698401  0.110616  0.0698401  0.0110616  -0.237764
  1.1  0.75  0.672499  0.218508  0.0672499  0.0218508  -0.202254
  1.15  0.75  0.630037  0.32102  0.0630037  0.032102  -0.146946
  1.2  0.75  0.572061  0.415627  0.0572061  0.0415627  -0.0772542
  1.25  0.75  0.5  0.5  0.05  0.05  -3.06162e-17
  1.3  0.75  0.415627  0.572061  0.0415627  0.0572061  0.0772542
  1.35  0.75  0.32102  0.630037  0.032102  0.0630037  0.146946
  1.4  0.75  0.218508  0.672499  0.0218508  0.0672499  0.202254
  1.45  0.75  0.110616  0.698401  0.0110616  0.0698401  0.237764
  1.5  0.75  1.29893e-16  0.707107  1.29893e-17  0.0707107  0.25
  0.5  0.8  -3.59915e-17  -0.809017  -3.59915e-18  -0.0809017  0.172746
  0.55  0.8  0.0919499  -0.799057  0.00919499  -0.0799057  0.16051
  0.6  0.8  0.181636  -0.769421  0.0181636  -0.0769421  0.125
  0.65  0.8  0.266849  -0.720839  0.0266849  -0.0720839  0.0696921
  0.7  0.8  0.345492  -0.654508  0.0345492  -0.0654508  8.32667e-17
  0.75  0.8  0.415627  -0.572061  0.0415627  -0.0572061  -0.0772542
  0.8  0.8  0.475528  -0.475528  0.0475528  -0.0475528  -0.154508
  0.85  0.8  0.52372  -0.367286  0.052372  -0.0367286  -0.224201
  0.9  0.8  0.559017  -0.25  0.0559017  -0.025  -0.279508
  0.95  0.8  0.580549  -0.126558  0.0580549  -0.0126558  -0.315018
  1  0.8  0.587785  -9.9076e-17  0.0587785  -9.9076e-18  -0.327254
  1.05  0.8  0.580549  0.126558  0.0580549  0.0126558  -0.315018
  1.1  0.8  0.559017  0.25  0.0559017  0.025  -0.279508
  1.15  0.8  0.52372  0.367286  0.052372  0.0367286  -0.224201
  1.2  0.8  0.475528  0.475528  0.0475528  0.0475528  -0.154508
  1.25  0.8  0.415627  0.572061  0.0415627  0.0572061  -0.0772542
  1.3  0.8  0.345492  0.654508  0.0345492  0.0654508  -2.77556e-17
  1.35  0.8  0.266849  0.720839  0.0266849  0.0720839  0.0696921
  1.4  0.8  0.181636  0.769421  0.0181636  0.0769421  0.125
  1.45  0.8  0.0919499  0.799057  0.00919499  0.0799057  0.16051
  1.5  0.8  1.07974e-16  0.809017  1.07974e-17  0.0809017  0.172746
  0.5  0.85  -2.77989e-17  -0.891007  -2.77989e-18  -0.0891007  0.103054
  0.55  0.85  0.0710198  -0.880037  0.00710198  -0.0880037  0.0908178
  0.6  0.85  0.140291  -0.847398  0.0140291  -0.0847398  0.0553079
  0.65  0.85  0.206107  -0.793893  0.0206107  -0.0793893  8.32667e-17
  0.7  0.85  0.266849  -0.720839  0.0266849  -0.0720839  -0.0696921
  0.75  0.85  0.32102  -0.630037  0.032102  -0.0630037  -0.146946
  0.8  0.85  0.367286  -0.52372  0.0367286  -0.052372  -0.224201
  0.85  0.85  0.404508  -0.404508  0.0404508  -0.0404508  -0.293893
  0.9  0.85  0.431771  -0.275336  0.0431771  -0.0275336  -0.349201
  0.95  0.85  0.448401  -0.139384  0.0448401  -0.0139384  -0.38471
  1  0.85  0.45399  -1.09117e-16  0.045399  -1.09117e-17  -0.396946
  1.05  0.85  0.448401  0.139384  0.0448401  0.0139384  -0.38471
  1.1  0.85  0.431771  0.275336  0.0431771  0.0275336  -0.349201
  1.15  0.85  0.404508  0.404508  0.0404508  0.0404508  -0.293893
  1.2  0.85  0.367286  0.52372  0.0367286  0.052372  -0.224201
  1.25  0.85  0.32102  0.630037  0.032102  0.0630037  -0.146946
  1.3  0.85  0.266849  0.720839  0.0266849  0.0720839  -0.0696921
  1.35  0.85  0.206107  0.793893  0.0206107  0.0793893  -0
  1.4  0.85  0.140291  0.847398  0.0140291  0.0847398  0.0553079
  1.45  0.85  0.0710198  0.880037  0.00710198  0.0880037  0.0908178
  1.5  0.85  8.33967e-17  0.891007  8.33967e-18  0.0891007  0.103054
  0.5  0.9  -1.89218e-17  -0.951057  -1.89218e-18  -0.0951057  0.0477458
  0.55  0.9  0.0483409  -0.939347  0.00483409  -0.0939347  0.0355099
  0.6  0.9  0.0954915  -0.904508  0.00954915  -0.0904508  5.55112e-17
  0.65  0.9  0.140291  -0.847398  0.0140291  -0.0847398  -0.0553079
  0.7  0.9  0.181636  -0.769421  0.0181636  -0.0769421  -0.125
  0.75  0.9  0.218508  -0.672499  0.0218508  -0.0672499  -0.202254
  0.8  0.9  0.25  -0.559017  0.025  -0.0559017  -0.279508
  0.85  0.9  0.275336  -0.431771  0.0275336  -0.0431771  -0.349201
  0.9  0.9  0.293893  -0.293893  0.0293893  -0.0293893  -0.404508
  0.95  0.9  0.305212  -0.148778  0.0305212  -0.0148778  -0.440018
  1  0.9  0.309017  -1.16471e-16  0.0309017  -1.16471e-17  -0.452254
  1.05  0.9  0.305212  0.148778  0.0305212  0.0148778  -0.440018
  1.1  0.9  0.293893  0.293893  0.0293893  0.0293893  -0.404508
  1.15  0.9  0.275336  0.431771  0.0275336  0.0431771  -0.349201
  1.2  0.9  0.25  0.559017  0.025  0.0559017  -0.279508
  1.25  0.9  0.218508  0.672499  0.0218508  0.0672499  -0.202254
  1.3  0.9  0.181636  0.769421  0.0181636  0.0769421  -0.125
  1.35  0.9  0.140291  0.847398  0.0140291  0.0847398  -0.0553079
  1.4  0.9  0.0954915  0.904508  0.00954915  0.0904508  -2.77556e-17
  1.45  0.9  0.0483409  0.939347  0.00483409  0.0939347  0.0355099
  1.5  0.9  5.67655e-17  0.951057  5.67655e-18  0.0951057  0.0477458
  0.5  0.95  -9.57885e-18  -0.987688  -9.57885e-19  -0.0987688  0.0122359
  0.55  0.95  0.0244717  -0.975528  0.00244717  -0.0975528  -0
  0.6  0.95  0.0483409  -0.939347  0.00483409  -0.0939347  -0.0355099
  0.65  0.95  0.0710198  -0.880037  0.00710198  -0.0880037  -0.0908178
  0.7  0.95  0.0919499  -0.799057  0.00919499  -0.0799057  -0.16051
  0.75  0.95  0.110616  -0.698401  0.0110616  -0.0698401  -0.237764
  0.8  0.95  0.126558  -0.580549  0.0126558  -0.0580549  -0.315018
  0.85  0.95  0.139384  -0.448401  0.0139384  -0.0448401  -0.38471
  0.9  0.95  0.148778  -0.305212  0.0148778  -0.0305212  -0.440018
  0.95  0.95  0.154508  -0.154508  0.0154508  -0.0154508  -0.475528
  1  0.95  0.156434  -1.20957e-16  0.0156434  -1.20957e-17  -0.487764
  1.05  0.95  0.154508  0.154508  0.0154508  0.0154508  -0.475528
  1.1  0.95  0.148778  0.305212  0.0148778  0.0305212  -0.440018
  1.15  0.95  0.139384  0.448401  0.0139384  0.0448401  -0.38471
  1.2  0.95  0.126558  0.580549  0.0126558  0.0580549  -0.315018
  1.25  0.95  0.110616  0.698401  0.0110616  0.0698401  -0.237764
  1.3  0.95  0.0919499  0.799057  0.00919499  0.0799057  -0.16051
  1.35  0.95  0.0710198  0.880037  0.00710198  0.0880037  -0.0908178
  1.4  0.95  0.0483409  0.939347  0.00483409  0.0939347  -0.0355099
  1.45  0.95  0.0244717  0.975528  0.00244717  0.0975528  -2.77556e-17
  1.5  0.95  2.87365e-17  0.987688  2.87365e-18  0.0987688  0.0122359
  0.5  1  -7.4988e-33  -1  -7.4988e-34  -0.1  -0
  0.55  1  1.91577e-17  -0.987688  1.91577e-18  -0.0987688  -0.0122359
  0.6  1  3.78437e-17  -0.951057  3.78437e-18  -0.0951057  -0.0477458
  0.65  1  5.55978e-17  -0.891007  5.55978e-18  -0.0891007  -0.103054
  0.7  1  7.19829e-17  -0.809017  7.19829e-18  -0.0809017  -0.172746
  0.75  1  8.65956e-17  -0.707107  8.65956e-18  -0.0707107  -0.25
  0.8  1  9.9076e-17  -0.587785  9.9076e-18  -0.0587785  -0.327254
  0.85  1  1.09117e-16  -0.45399  1.09117e-17  -0.045399  -0.396946
  0.9  1  1.16471e-16  -0.309017  1.16471e-17  -0.0309017  -0.452254
  0.95  1  1.20957e-16  -0.156434  1.20957e-17  -0.0156434  -0.487764
  1  1  1.22465e-16  -1.22465e-16  1.22465e-17  -1.22465e-17  -0.5
  1.05  1  1.20957e-16  0.156434  1.20957e-17  0.0156434  -0.487764
  1.1  1  1.16471e-16  0.309017  1.16471e-17  0.0309017  -0.452254
  1.15  1  1.09117e-16  0.45399  1.09117e-17  0.045399  -0.396946
  1.2  1  9.9076e-17  0.587785  9.9076e-18  0.0587785  -0.327254
  1.25  1  8.65956e-17  0.707107  8.65956e-18  0.0707107  -0.25
  1.3  1  7.19829e-17  0.809017  7.19829e-18  0.0809017  -0.172746
  1.35  1  5.55978e-17  0.891007  5.55978e-18  0.0891007  -0.103054
  1.4  1  3.78437e-17  0.951057  3.78437e-18  0.0951057  -0.0477458
  1.45  1  1.91577e-17  0.987688  1.91577e-18  0.0987688  -0.0122359
  1.5  1  2.24964e-32  1  2.24964e-33  0.1  -0
  0.5  1.05  9.57885e-18  -0.987688  9.57885e-19  -0.0987688  0.0122359
  0.55  1.05  -0.0244717  -0.975528  -0.00244717  -0.0975528  -2.77556e-17
  0.6  1.05  -0.0483409  -0.939347  -0.00483409  -0.0939347  -0.0355099
  0.65  1.05  -0.0710198  -0.880037  -0.00710198  -0.0880037  -0.0908178
  0.7  1.05  -0.0919499  -0.799057  -0.00919499  -0.0799057  -0.16051
  0.75  1.05  -0.110616  -0.698401  -0.0110616  -0.0698401  -0.237764
  0.8  1.05  -0.126558  -0.580549  -0.0126558  -0.0580549  -0.315018
  0.85  1.05  -0.139384  -0.448401  -0.0139384  -0.0448401  -0.38471
  0.9  1.05  -0.148778  -0.305212  -0.0148778  -0.0305212  -0.440018
  0.95  1.05  -0.154508  -0.154508  -0.0154508  -0.0154508  -0.475528
  1  1.05  -0.156434  -1.20957e-16  -0.0156434  -1.20957e-17  -0.487764
  1.05  1.05  -0.154508  0.154508  -0.0154508  0.0154508  -0.475528
  1.1  1.05  -0.148778  0.305212  -0.0148778  0.0305212  -0.440018
  1.15  1.05  -0.139384  0.448401  -0.0139384  0.0448401  -0.38471
  1.2  1.05  -0.126558  0.580549  -0.0126558  0.0580549  -0.315018
  1.25  1.05  -0.110616  0.698401  -0.0110616  0.0698401  -0.237764
  1.3  1.05  -0.0919499  0.799057  -0.00919499  0.0799057  -0.16051
  1.35  1.05  -0.0710198  0.880037  -0.00710198  0.0880037  -0.0908178
  1.4  1.05  -0.0483409  0.939347  -0.00483409  0.0939347  -0.0355099
  1.45  1.05  -0.0244717  0.975528  -0.00244717  0.0975528  -5.55112e-17
  1.5  1.05  -2.87365e-17  0.987688  -2.87365e-18  0.0987688  0.0122359
  0.5  1.1  1.89218e-17  -0.951057  1.89218e-18  -0.0951057  0.0477458
  0.55  1.1  -0.0483409  -0.939347  -0.00483409  -0.0939347  0.0355099
  0.6  1.1  -0.0954915  -0.904508  -0.00954915  -0.0904508  1.38778e-16
  0.65  1.1  -0.140291  -0.847398  -0.0140291  -0.0847398  -0.0553079
  0.7  1.1  -0.181636  -0.769421  -0.0181636  -0.0769421  -0.125
  0.75  1.1  -0.218508  -0.672499  -0.0218508  -0.0672499  -0.202254
  0.8  1.1  -0.25  -0.559017  -0.025  -0.0559017  -0.279508
  0.85  1.1  -0.275336  -0.431771  -0.0275336  -0.0431771  -0.349201
  0.9  1.1  -0.293893  -0.293893  -0.0293893  -0.0293893  -0.404508
  0.95  1.1  -0.305212  -0.148778  -0.0305212  -0.0148778  -0.440018
  1  1.1  -0.309017  -1.16471e-16  -0.0309017  -1.16471e-17  -0.452254
  1.05  1.1  -0.305212  0.148778  -0.0305212  0.0148778  -0.440018
  1.1  1.1  -0.293893  0.293893  -0.0293893  0.0293893  -0.404508
  1.15  1.1  -0.275336  0.431771  -0.0275336  0.0431771  -0.349201
  1.2  1.1  -0.25  0.559017  -0.025  0.0559017  -0.279508
  1.25  1.1  -0.218508  0.672499  -0.0218508  0.0672499  -0.202254
  1.3  1.1  -0.181636  0.769421  -0.0181636  0.0769421  -0.125
  1.35  1.1  -0.140291  0.847398  -0.0140291  0.0847398  -0.0553079
  1.4  1.1  -0.0954915  0.904508  -0.00954915  0.0904508  5.55112e-17
  1.45  1.1  -0.0483409  0.939347  -0.00483409  0.0939347  0.0355099
  1.5  1.1  -5.67655e-17  0.951057  -5.67655e-18  0.0951057  0.0477458
  0.5  1.15  2.77989e-17  -0.891007  2.77989e-18  -0.0891007  0.103054
  0.55  1.15  -0.0710198  -0.880037  -0.00710198  -0.0880037  0.0908178
  0.6  1.15  -0.140291  -0.847398  -0.0140291  -0.0847398  0.0553079
  0.65  1.15  -0.206107  -0.793893  -0.0206107  -0.0793893  -1.94289e-16
  0.7  1.15  -0.266849  -0.720839  -0.0266849  -0.0720839  -0.0696921
  0.75  1.15  -0.32102  -0.630037  -0.032102  -0.0630037  -0.146946
  0.8  1.15  -0.367286  -0.52372  -0.0367286  -0.052372  -0.224201
  0.85  1.15  -0.404508  -0.404508  -0.0404508  -0.0404508  -0.293893
  0.9  1.15  -0.431771  -0.275336  -0.0431771  -0.0275336  -0.349201
  0.95  1.15  -0.448401  -0.139384  -0.0448401  -0.0139384  -0.38471
  1  1.15  -0.45399  -1.09117e-16  -0.045399  -1.09117e-17  -0.396946
  1.05  1.15  -0.448401  0.139384  -0.0448401  0.0139384  -0.38471
  1.1  1.15  -0.431771  0.275336  -0.0431771  0.0275336  -0.349201
  1.15  1.15  -0.404508  0.404508  -0.0404508  0.0404508  -0.293893
  1.2  1.15  -0.367286  0.52372  -0.0367286  0.052372  -0.224201
  1.25  1.15  -0.32102  0.630037  -0.032102  0.0630037  -0.146946
  1.3  1.15  -0.266849  0.720839  -0.0266849  0.0720839  -0.0696921
  1.35  1.15  -0.206107  0.793893  -0.0206107  0.0793893  -2.77556e-16
  1.4  1.15  -0.140291  0.847398  -0.0140291  0.0847398  0.0553079
  1.45  1.15  -0.0710198  0.880037  -0.00710198  0.0880037  0.0908178
  1.5  1.15  -8.33967e-17  0.891007  -8.33967e-18  0.0891007  0.103054
  0.5  1.2  3.59915e-17  -0.809017  3.59915e-18  -0.0809017  0.172746
  0.55  1.2  -0.0919499  -0.799057  -0.00919499  -0.0799057  0.16051
  0.6  1.2  -0.181636  -0.769421  -0.0181636  -0.0769421  0.125
  0.65  1.2  -0.266849  -0.720839  -0.0266849  -0.0720839  0.0696921
  0.7  1.2  -0.345492  -0.654508  -0.0345492  -0.0654508  -4.16334e-17
  0.75  1.2  -0.415627  -0.572061  -0.0415627  -0.0572061  -0.0772542
  0.8  1.2  -0.475528  -0.475528  -0.0475528  -0.0475528  -0.154508
  0.85  1.2  -0.52372  -0.367286  -0.052372  -0.0367286  -0.224201
  0.9  1.2  -0.559017  -0.25  -0.0559017  -0.025  -0.279508
  0.95  1.2  -0.580549  -0.126558  -0.0580549  -0.0126558  -0.315018
  1  1.2  -0.587785  -9.9076e-17  -0.0587785  -9.9076e-18  -0.327254
  1.05  1.2  -0.580549  0.126558  -0.0580549  0.0126558  -0.315018
  1.1  1.2  -0.559017  0.25  -0.0559017  0.025  -0.279508
  1.15  1.2  -0.52372  0.367286  -0.052372  0.0367286  -0.224201
  1.2  1.2  -0.475528  0.475528  -0.0475528  0.0475528  -0.154508
  1.25  1.2  -0.415627  0.572061  -0.0415627  0.0572061  -0.0772542
  1.3  1.2  -0.345492  0.654508  -0.0345492  0.0654508  -1.52656e-16
  1.35  1.2  -0.266849  0.720839  -0.0266849  0.0720839  0.0696921
  1.4  1.2  -0.181636  0.769421  -0.0181636  0.0769421  0.125
  1.45  1.2  -0.0919499  0.799057  -0.00919499  0.0799057  0.16051
  1.5  1.2  -1.07974e-16  0.809017  -1.07974e-17  0.0809017  0.172746
  0.5  1.25  4.32978e-17  -0.707107  4.32978e-18  -0.0707107  0.25
  0.55  1.25  -0.110616  -0.698401  -0.0110616  -0.0698401  0.237764
  0.6  1.25  -0.218508  -0.672499  -0.0218508  -0.0672499  0.202254
  0.65  1.25  -0.32102  -0.630037  -0.032102  -0.0630037  0.146946
  0.7  1.25  -0.415627  -0.572061  -0.0415627  -0.0572061  0.0772542
  0.75  1.25  -0.5  -0.5  -0.05  -0.05  -3.06162e-17
  0.8  1.25  -0.572061  -0.415627  -0.0572061  -0.0415627  -0.0772542
  0.85  1.25  -0.630037  -0.32102  -0.0630037  -0.032102  -0.146946
  0.9  1.25  -0.672499  -0.218508  -0.0672499  -0.0218508  -0.202254
  0.95  1.25  -0.698401  -0.110616  -0.0698401  -0.0110616  -0.237764
  1  1.25  -0.707107  -8.65956e-17  -0.0707107  -8.65956e-18  -0.25
  1.05  1.25  -0.698401  0.110616  -0.0698401  0.0110616  -0.237764
  1.1  1.25  -0.672499  0.218508  -0.0672499  0.0218508  -0.202254
  1.15  1.25  -0.630037  0.32102  -0.0630037  0.032102  -0.146946
  1.2  1.25  -0.572061  0.415627  -0.0572061  0.0415627  -0.0772542
  1.25  1.25  -0.5  0.5  -0.05  0.05  -1.53081e-16
  1.3  1.25  -0.415627  0.572061  -0.0415627  0.0572061  0.0772542
  1.35  1.25  -0.32102  0.630037  -0.032102  0.0630037  0.146946
  1.4  1.25  -0.218508  0.672499  -0.0218508  0.0672499  0.202254
  1.45  1.25  -0.110616  0.698401  -0.0110616  0.0698401  0.237764
  1.5  1.25  -1.29893e-16  0.707107  -1.29893e-17  0.0707107  0.25
  0.5  1.3  4.9538e-17  -0.587785  4.9538e-18  -0.0587785  0.327254
  0.55  1.3  -0.126558  -0.580549  -0.0126558  -0.0580549  0.315018
  0.6  1.3  -0.25  -0.559017  -0.025  -0.0559017  0.279508
  0.65  1.3  -0.367286  -0.52372  -0.0367286  -0.052372  0.224201
  0.7  1.3  -0.475528  -0.475528  -0.0475528  -0.0475528  0.154508
  0.75  1.3  -0.572061  -0.415627  -0.0572061  -0.0415627  0.0772542
  0.8  1.3  -0.654508  -0.345492  -0.0654508  -0.0345492  -2.77556e-17
  0.85  1.3  -0.720839  -0.266849  -0.0720839  -0.0266849  -0.0696921
  0.9  1.3  -0.769421  -0.181636  -0.0769421  -0.0181636  -0.125
  0.95  1.3  -0.799057  -0.0919499  -0.0799057  -0.00919499  -0.16051
  1  1.3  -0.809017  -7.19829e-17  -0.0809017  -7.19829e-18  -0.172746
  1.05  1.3  -0.799057  0.0919499  -0.0799057  0.00919499  -0.16051
  1.1  1.3  -0.769421  0.181636  -0.0769421  0.0181636  -0.125
  1.15  1.3  -0.720839  0.266849  -0.0720839  0.0266849  -0.0696921
  1.2  1.3  -0.654508  0.345492  -0.0654508  0.0345492  -1.52656e-16
  1.25  1.3  -0.572061  0.415627  -0.0572061  0.0415627  0.0772542
  1.3  1.3  -0.475528  0.475528  -0.0475528  0.0475528  0.154508
  1.35  1.3  -0.367286  0.52372  -0.0367286  0.052372  0.224201
  1.4  1.3  -0.25  0.559017  -0.025  0.0559017  0.279508
  1.45  1.3  -0.126558  0.580549  -0.0126558  0.0580549  0.315018
  1.5  1.3  -1.48614e-16  0.587785  -1.48614e-17  0.0587785  0.327254
  0.5  1.35  5.45584e-17  -0.45399  5.45584e-18  -0.045399  0.396946
  0.55  1.35  -0.139384  -0.448401  -0.0139384  -0.0448401  0.38471
  0.6  1.35  -0.275336  -0.431771  -0.0275336  -0.0431771  0.349201
  0.65  1.35  -0.404508  -0.404508  -0.0404508  -0.0404508  0.293893
  0.7  1.35  -0.52372  -0.367286  -0.052372  -0.0367286  0.224201
  0.75  1.35  -0.630037  -0.32102  -0.0630037  -0.032102  0.146946
  0.8  1.35  -0.720839  -0.266849  -0.0720839  -0.0266849  0.0696921
  0.85  1.35  -0.793893  -0.206107  -0.0793893  -0.0206107  -0
  0.9  1.35  -0.847398  -0.140291  -0.0847398  -0.0140291  -0.0553079
  0.95  1.35  -0.880037  -0.0710198  -0.0880037  -0.00710198  -0.0908178
  1  1.35  -0.891007  -5.55978e-17  -0.0891007  -5.55978e-18  -0.103054
  1.05  1.35  -0.880037  0.0710198  -0.0880037  0.00710198  -0.0908178
  1.1  1.35  -0.847398  0.140291  -0.0847398  0.0140291  -0.0553079
  1.15  1.35  -0.793893  0.206107  -0.0793893  0.0206107  -2.77556e-16
  1.2  1.35  -0.720839  0.266849  -0.0720839  0.0266849  0.0696921
  1.25  1.35  -0.630037  0.32102  -0.0630037  0.032102  0.146946
  1.3  1.35  -0.52372  0.367286  -0.052372  0.0367286  0.224201
  1.35  1.35  -0.404508  0.404508  -0.0404508  0.0404508  0.293893
  1.4  1.35  -0.275336  0.431771  -0.0275336  0.0431771  0.349201
  1.45  1.35  -0.139384  0.448401  -0.0139384  0.0448401  0.38471
  1.5  1.35  -1.63675e-16  0.45399  -1.63675e-17  0.045399  0.396946
  0.5  1.4  5.82354e-17  -0.309017  5.82354e-18  -0.0309017  0.452254
  0.55  1.4  -0.148778  -0.305212  -0.0148778  -0.0305212  0.440018
  0.6  1.4  -0.293893  -0.293893  -0.0293893  -0.0293893  0.404508
  0.65  1.4  -0.431771  -0.275336  -0.0431771  -0.0275336  0.349201
  0.7  1.4  -0.559017  -0.25  -0.0559017  -0.025  0.279508
  0.75  1.4  -0.672499  -0.218508  -0.0672499  -0.0218508  0.202254
  0.8  1.4  -0.769421  -0.181636  -0.0769421  -0.0181636  0.125
  0.85  1.4  -0.847398  -0.140291  -0.0847398  -0.0140291  0.0553079
  0.9  1.4  -0.904508  -0.0954915  -0.0904508  -0.00954915  -2.77556e-17
  0.95  1.4  -0.939347  -0.0483409  -0.0939347  -0.00483409  -0.0355099
  1  1.4  -0.951057  -3.78437e-17  -0.0951057  -3.78437e-18  -0.0477458
  1.05  1.4  -0.939347  0.0483409  -0.0939347  0.00483409  -0.0355099
  1.1  1.4  -0.904508  0.0954915  -0.0904508  0.00954915  5.55112e-17
  1.15  1.4  -0.847398  0.140291  -0.0847398  0.0140291  0.0553079
  1.2  1.4  -0.769421  0.181636  -0.0769421  0.0181636  0.125
  1.25  1.4  -0.672499  0.218508  -0.0672499  0.0218508  0.202254
  1.3  1.4  -0.559017  0.25  -0.0559017  0.025  0.279508
  1.35  1.4  -0.431771  0.275336  -0.0431771  0.0275336  0.349201
  1.4  1.4  -0.293893  0.293893  -0.0293893  0.0293893  0.404508
  1.45  1.4  -0.148778  0.305212  -0.0148778  0.0305212  0.440018
  1.5  1.4  -1.74706e-16  0.309017  -1.74706e-17  0.0309017  0.452254
  0.5  1.45  6.04785e-17  -0.156434  6.04785e-18  -0.0156434  0.487764
  0.55  1.45  -0.154508  -0.154508  -0.0154508  -0.0154508  0.475528
  0.6  1.45  -0.305212  -0.148778  -0.0305212  -0.0148778  0.440018
  0.65  1.45  -0.448401  -0.139384  -0.0448401  -0.0139384  0.38471
  0.7  1.45  -0.580549  -0.126558  -0.0580549  -0.0126558  0.315018
  0.75  1.45  -0.698401  -0.110616  -0.0698401  -0.0110616  0.237764
  0.8  1.45  -0.799057  -0.0919499  -0.0799057  -0.00919499  0.16051
  0.85  1.45  -0.880037  -0.0710198  -0.0880037  -0.00710198  0.0908178
  0.9  1.45  -0.939347  -0.0483409  -0.0939347  -0.00483409  0.0355099
  0.95  1.45  -0.975528  -0.0244717  -0.0975528  -0.00244717  -2.77556e-17
  1  1.45  -0.987688  -1.91577e-17  -0.0987688  -1.91577e-18  -0.0122359
  1.05  1.45  -0.975528  0.0244717  -0.0975528  0.00244717  -5.55112e-17
  1.1  1.45  -0.939347  0.0483409  -0.0939347  0.00483409  0.0355099
  1.15  1.45  -0.880037  0.0710198  -0.0880037  0.00710198  0.0908178
  1.2  1.45  -0.799057  0.0919499  -0.0799057  0.00919499  0.16051
  1.25  1.45  -0.698401  0.110616  -0.0698401  0.0110616  0.237764
  1.3  1.45  -0.580549  0.126558  -0.0580549  0.0126558  0.315018
  1.35  1.45  -0.448401  0.139384  -0.0448401  0.0139384  0.38471
  1.4  1.45  -0.305212  0.148778  -0.0305212  0.0148778  0.440018
  1.45  1.45  -0.154508  0.154508  -0.0154508  0.0154508  0.475528
  1.5  1.45  -1.81435e-16  0.156434  -1.81435e-17  0.0156434  0.487764
  0.5  1.5  6.12323e-17  -1.83697e-16  6.12323e-18  -1.83697e-17  0.5
  0.55  1.5  -0.156434  -1.81435e-16  -0.0156434  -1.81435e-17  0.487764
  0.6  1.5  -0.309017  -1.74706e-16  -0.0309017  -1.74706e-17  0.452254
  0.65  1.5  -0.45399  -1.63675e-16  -0.045399  -1.63675e-17  0.396946
  0.7  1.5  -0.587785  -1.48614e-16  -0.0587785  -1.48614e-17  0.327254
  0.75  1.5  -0.707107  -1.29893e-16  -0.0707107  -1.29893e-17  0.25
  0.8  1.5  -0.809017  -1.07974e-16  -0.0809017  -1.07974e-17  0.172746
  0.85  1.5  -0.891007  -8.33967e-17  -0.0891007  -8.33967e-18  0.103054
  0.9  1.5  -0.951057  -5.67655e-17  -0.0951057  -5.67655e-18  0.0477458
  0.95  1.5  -0.987688  -2.87365e-17  -0.0987688  -2.87365e-18  0.0122359
  1  1.5  -1  -2.24964e-32  -0.1  -2.24964e-33  -0
  1.05  1.5  -0.987688  2.87365e-17  -0.0987688  2.87365e-18  0.0122359
  1.1  1.5  -0.951057  5.67655e-17  -0.0951057  5.67655e-18  0.0477458
  1.15  1.5  -0.891007  8.33967e-17  -0.0891007  8.33967e-18  0.103054
  1.2  1.5  -0.809017  1.07974e-16  -0.0809017  1.07974e-17  0.172746
  1.25  1.5  -0.707107  1.29893e-16  -0.0707107  1.29893e-17  0.25
  1.3  1.5  -0.587785  1.48614e-16  -0.0587785  1.48614e-17  0.327254
  1.35  1.5  -0.45399  1.63675e-16  -0.045399  1.63675e-17  0.396946
  1.4  1.5  -0.309017  1.74706e-16  -0.0309017  1.74706e-17  0.452254
  1.45  1.5  -0.156434  1.81435e-16  -0.0156434  1.81435e-17  0.487764
  1.5  1.5  -1.83697e-16  1.83697e-16  -1.83697e-17  1.83697e-17  0.5
