        -6890.910692817276         2242.058370326131
        -5632.621049362147         2838.545893615053
        -5096.265948058686         2947.102860978531
        -7369.091082649962         2424.183027913124
        -4303.316416648734         5701.620748384726
         -5216.07015426145         2805.859805315902
         -7036.06916950928         2433.683681881463
        -10357.45941035966         4229.902272347937
        -5785.130537104402         2920.731348751265
        -5704.135062869274         2459.863261705328
        -5709.931421451979         2658.686038388189
        -5830.848835594466         2331.901928358033
        -5142.329724874872         2719.893281832696
        -5664.117156760214         2312.689494777615
        -4821.495519350141         3061.667312568452
        -6753.602251424363         2091.314660695163
        -8223.612529070884         2444.143997866805
        -5293.591651995021         2714.787879902235
        -4752.284694683822         3095.562575009028
         -6298.37697703841         2104.001392559955
        -5885.549570563687         2924.205325252818
        -5796.358582703347         3012.187138971733
         -6502.01725704663         2078.800667993433
        -5341.747492008276         3053.490992183578
        -8463.316907678109         3369.085443095471
        -8448.442146414549          2616.76800148546
        -7496.879676834196         3163.429872851541
        -6141.587396700317         2100.220324212959
        -5245.627744385169         2908.831539740417
        -5997.676480630417         2316.125084798489
        -6963.691460186848         3234.252929706427
        -6149.072760432947         2797.280426883887
        -8029.089038224201         3013.511472555198
        -4909.957164077558         2926.777219458389
        -5972.878814111038         2555.867849886395
        -6906.169318887638          3448.54545810339
         -5551.31848328158         2980.192007324823
        -5013.466309231594         2960.806834581346
        -5058.167365983634         2844.457411639798
        -4907.097371266886         2907.775911521713
        -5450.170106689373         2963.263569344876
        -5517.346447879642         3001.688436505711
        -5058.666390232475         3073.087290570798
          -7775.6039130528         3178.669305681563
        -7878.306942112554         3531.748154977626
        -4913.124048733669         2927.928813878793
        -5622.909269750068         2819.026368189195
        -8275.338311787391           2706.0549555475
        -6332.195466517626         2902.593736629891
        -5057.956240339893         2818.450570978993
        -6097.231818274399         2771.868576673625
        -5522.893294337925         2264.706393927422
        -5640.471084661238         2649.799568110733
        -5585.923895614739         2434.029160207584
        -4361.395161917807         3198.438343231843
        -5894.532007042842         2421.495974265513
        -7242.588435568513          2842.59566732681
        -6056.235056907994         2891.653589636047
        -6498.946338592217         4058.487442870707
        -5835.608759198805         2705.920602865119
        -5644.808756978096          2867.43172032687
        -7242.665208529874         2683.253386023488
        -6379.871475522378         2691.391319927681
        -5599.167231449393         2349.291004106143
        -5872.287041488693         2242.902872901094
        -5734.863440653739         2761.139555323522
         -4942.96953746249         2985.489341658685
        -6729.649087479947         1920.878686475277
        -6688.460393710141         2265.186224935924
         -9613.12635673112         4425.097526606524
         -5817.27921467403         2747.166876355946
         -5598.34192211477         2018.322767681849
        -6146.385706785337         2752.790495775588
        -7253.950833849837           2745.8041562918
        -6467.968448683332         2874.418059810658
        -5738.107098271213         2924.915475145401
        -6910.718116848236         2608.553294619907
        -6264.520101078512         2936.604158512509
        -6364.152211683854          3232.52553807582
        -5451.571213234198         2487.021696786538
        -6322.138208579426         3096.272724901612
        -7843.778302740754          3701.62752522765
        -5127.666089255054         2809.698453383917
        -7357.747877608976         2194.382361321379
        -6762.949359469981         2514.775122318289
        -5533.545542726668         2910.942796177825
        -8504.678340610977          3043.81759905218
        -8579.090533409455         2819.256687073276
        -6049.728548432708         2623.888693651628
        -10206.56215480597         4480.009387219485
        -4916.540445514203         2881.385206054106
        -6687.731050577218         3239.012853310766
        -7714.569408771354         2432.033063212216
        -5782.443483456792         2971.977300459271
        -6522.515637729832         2445.007693682108
        -5882.037207581451         2841.943097155247
        -6724.428526107445         2261.174837704848
        -4597.049766813276         3169.379777356966
        -8275.683790113513         2539.112151069507
        -5942.687847056096         2350.231472882806
        -5688.300639588711         2048.782440101552
        -7513.596989170404         2454.834632736228
        -6550.096324098523         2024.579764032715
        -6035.256845216289         2873.919035561816
         -7500.33446009541         2699.145389025072
        -5919.291287081542         2968.580096919077
        -7690.347539462175         3282.063291393559
        -6081.781259800637          3076.08143606385
        -5513.296674167887         2492.453383802779
        -5693.079756433391          2408.15667222916
        -5546.078728668739          3009.11622051732
        -6155.924747234356         2098.243420457931
        -4388.169732192215         3101.071034986631
        -5842.825417566674         2722.330823355885
        -5522.912487578265         2982.994220414475
        -5312.401027528298         2782.731950706108
        -5022.256813307349         2885.684491890283
         -7741.15204664236         3219.358975202527
        -10769.13522241398         1363.238281634671
        -10907.32655286253          1472.21750028563
         -6589.17376143092         2056.498122718263
        -5982.724946405497         2399.711646479526
        -5953.148163041438         2747.819446527508
        -6324.326237978195         2878.602186204795
         -5831.77011113079         2919.003957120657
        -6231.373375011199         2231.694020542489
        -5642.064123609465         2095.805878934741
        -5118.472527132157         2814.132091902475
        -5273.150851032839          2783.05823579189
        -6530.442445990284         2562.355165121341
        -9287.820126207149         4028.411635257806
         -5913.70605414258          2922.17084177677
        -6538.330867770055         2702.619365526626
        -6534.952857470202         2701.621317028942
        -6068.058092957482         2942.419710335552
        -5650.835434444881         1696.663252822494
        -5292.516830535978         3055.774987784048
        -5554.216662572931         3002.820837685775
        -5798.565805342456         2484.718507945728
        -6002.705109599518         2792.616469481248
        -5272.402314659577         2766.436889657383
        -5842.422359519533         2952.630514196473
        -6875.517714064534         1900.553044955135
        -7955.425381798983         2499.535689488268
        -4917.097049484066         2950.864736085186
        -7793.971844058254         3429.237058321272
        -5837.048252224311         2624.848355668632
        -11011.85293975459         1518.799494590998
        -5811.310116928266         2815.130140400159
        -6679.247638346903         2819.103141150555
        -6376.800557067965          2400.82485441925
        -5612.352987563026         2968.253811833296
        -8170.063388522069         2352.860946809397
        -5925.605863153428         2643.197093433746
        -4927.672524911448         2945.778527395065
        -7037.719788178526         2320.078892308545
        -5778.643221869455          2269.14003244598
        -6177.229244011841         2976.161426853408
        -4937.249951841147         2970.806512798526
        -6520.365994811744         2248.699231483797
        -7650.329633353113         3456.088401557041
          -6221.9878804849         2428.674246152702
        -5030.682645816643         2870.099580734141
        -5541.050099699639         1780.863998194413
        -6073.950417741884         2973.800658291578
        -6444.111250940618         3107.923021788039
        -6999.102988614291         3332.656672930004
        -6083.393491989202         2120.833864338203
        -4469.280365869382         3186.154669414193
        -5962.955908855218         2236.396364425808
        -5014.675483373018         3058.174142826558
        -5108.319302992256         3156.635465771155
        -7293.604068392438         3477.584830737927
        -5899.829341376704         2777.185104247827
        -5996.428920008312         2498.902312557045
        -6315.554927142779         2180.678387718564
        -5125.017422088124         2814.650309391657
        -5028.782515022976         2878.602186204795
        -5039.050898604916         2854.207577732556
        -6223.792045076869         2069.722265312576
        -5113.520671124417         2813.172429885471
        -5463.163930399604           2979.1747655868
        -11428.86447262346         4456.747179927312
        -5271.001208114752         2545.944944630575
        -5490.802196489317         3208.342055247323
        -8448.307793732169         2612.123237323161
        -7736.852760806184         2848.334446188493
         -6737.94056730686         2450.650506342091
        -6628.865382454201         2850.791180952022
        -5622.966849471089         1971.855932818522
        -5252.806016272358         3131.357968243273
        -6121.875938871057         2562.297585400321
         -8163.21140172066         2359.463421486383
        -5124.979035607443         2827.164302093387
        -6026.312795217814         2101.966909083906
        -6190.203874481733         2811.752130100305
        -5414.566645858529         3056.101272869829
         -5193.51809686186          2760.52537163264
        -7743.781520568951         2311.134842310069
        -6933.788391737009         3065.659506559188
        -5527.384512577504         2794.267088150495
        -5060.969579073285         2933.110988770614
        -7769.442882903635         2962.227134366511
        -6490.059868314761         2065.864424004221
        -4854.373540052693         3016.812709893691
        -8476.310731388341          3145.48419313357
        -4889.420396913674         2976.065460651707
        -5271.903290410735         2545.158021776631
        -9013.164856940644         3750.934959661308
        -4934.351772549794          2889.84942504408
        -7715.068433020196         2779.987317337478
        -7228.001572910054         2643.216286674087
        -4932.835506562928          3371.40782517662
        -6065.409425790551         2952.189069668651
        -5433.606340275886         2471.686297754816
         -7132.78390758293         3045.775309566868
        -5246.241928076051         2787.012043301946
         -7231.95538042011         3484.628749942736
        -8278.543582924187         2731.332453075381
        -5352.188614753278         2594.791741296071
        -5523.622637470849         2575.253022629873
        -6389.256970048674         3041.706342614772
        -5362.917636103381          2981.80423951339
        -6156.001520195715         2920.750541991604
        -8394.662686981654         2665.825923794697
        -5800.638675299185         3000.095397557484
        -5470.418975248154         2984.356940478621
        -6506.201383440767          3148.05608733914
        -4552.732574868038         3131.146842599532
        -3644.930693263062         3290.239611778433
        -6553.474334398377         2747.838639767848
        -6232.275457307183          2668.97361521047
        -6432.326601371808         3105.466287024508
         -5712.79121426265         1918.825009758889
        -8501.108397907721         3105.351127582469
        -6744.504655503167          2683.69483055131
        -7731.133175184841         2816.396894262604
        -6805.462386823252         2033.063176263029
        -8104.153801194243         2356.737981358093
        -8094.998625552025         2260.483881052605
        -8458.576177314111         2610.088753847113
        -8422.339339552045         2579.993752993872
        -4567.645722612277          1276.08177725038
        -8270.559194942713          2378.33037674068
        -8431.724834078341         2554.754641946671
        -7319.802841456643         2465.813166210752
        -5702.522830680709         1888.806781867008
        -7372.488286190155          3604.77843447162
         -5839.23628162308         3211.911997950578
        -5603.658449688971         2216.819259278929
        -5108.933486683138         2958.273326856455
        -8452.530306606986         3289.395109203469
        -6060.687888666892         3022.992933283196
        -4953.506626409193         3139.572675108826
        -7390.165260543366         3095.293869644268
        -6477.718614776091         2247.336511419652
        -6660.822127620429         2936.565772031828
        -6681.550827187712          3009.11622051732
        -5959.501125594004         2880.137645432001
        -5661.161397747842         2414.855113107847
        -8113.558488960881         3293.022631627744
        -6193.984942828729         2750.122635368317
        -5015.673531870701         2909.023472143817
        -6446.491212742785         2571.414374561858
        -5790.830929485404         2758.586854358291
        -5081.429573275807         2836.607376340706
        -5571.471385638662         2789.372811863775
        -8380.594041812376         2622.717905990884
        -5582.852977160327         3221.585391081976
        -6363.979472520793         3228.207058999303
        -4149.041150795191         3189.551872954386
        -5261.481360906072         2974.434035222801
        -8460.284375704377         3264.981307490891
        -5823.440244823197         2103.137696744651
        -5697.532588192289         1931.031910615178
        -6039.920802618927         2726.975587518184
        -6498.274575180313         2309.522610121502
          -6171.8935231973         3342.291679580722
        -5622.774917067688         3355.957266702858
        -5773.307501054914         2878.794118608196
        -6610.919702736227         2698.070567566027
        -5485.927113442937         3014.471134572202
        -5164.440337746641         2778.816529676733
        -5021.834562019867           3202.7760155487
         -5091.81311629979         2952.342615591372
        -7664.494244724091         2226.377492968287
        -6632.665644041535         2498.077003222422
        -6094.736697030188         2771.465518626483
        -5198.278020466198         2978.080750887415
        -8511.338395008981         3399.161250708371
        -8528.190060027571         3361.292987517399
        -6712.394364414217          2179.91065810496
        -8176.915375323476          3182.87262531604
         -5322.89972999432         2687.475898898305
        -6380.485659213259         2936.066747782986
          -5531.3575133279         1845.890696466595
        -5577.478869865106          2768.24105424935
        -9332.636342401231         4194.797835765937
        -5096.726585826848           2835.2638495169
         -6725.58012052785          2604.36916822577
        -5243.094236660279         2849.908291896379
        -5219.966382050486         2746.264794059962
        -5385.661625906372         2364.837528781606
        -5732.061227564088         2921.000054116025
        -6719.092805292905         3448.622231064751
        -5544.543269441532         2494.334321356107
        -4961.260695506583         2920.155551541062
        -8326.353944611319          3220.01154537409
         -7907.32712150675         4315.907182311824
        -5572.546207097706         2839.812647477499
          -7919.9946601312         2261.174837704848
        -5666.765823927145         2759.700062298016
