                         0                       145                       115                       105                        32                       110                       136                       133                        86                        80                       158                        20                        74                       163                       128                       191                       156                        59                        88                        71                       155                        56
                       145                         0                       144                       182                       148                        77                       195                        74                        65                       115                       221                       136                        72                        18                        39                        61                        38                       101                        62                       146                       205                       154
                       115                       144                         0                        50                        86                       169                        51                        78                       131                        42                        77                        95                       115                       155                       106                       151                       126                       137                        94                        47                        61                        67
                       105                       182                        50                         0                        74                       189                        32                       124                       153                        67                        53                        89                       136                       195                       146                       198                       169                       147                       124                        41                        51                        50
                        32                       148                        86                        74                         0                       129                       104                       119                        98                        57                       126                        17                        82                       165                       123                       185                       151                        80                        86                        41                       123                        24
                       110                        77                       169                       189                       129                         0                       213                       126                        38                       128                       238                       112                        55                        92                        95                       137                       111                        51                        77                       149                       228                       146
                       136                       195                        51                        32                       104                       213                         0                       129                       175                        85                        26                       118                       158                       206                       157                       202                       177                       174                       142                        67                        19                        80
                       133                        74                        78                       124                       119                       126                       129                         0                        93                        66                       154                       116                        85                        80                        35                        74                        48                       119                        56                        98                       136                       114
                        86                        65                       131                       153                        98                        38                       175                        93                         0                        90                       201                        82                        17                        83                        67                       121                        89                        36                        40                       112                       189                       112
                        80                       115                        42                        67                        57                       128                        85                        66                        90                         0                       111                        60                        74                       129                        81                       137                       106                        95                        57                        33                        99                        48
                       158                       221                        77                        53                       126                       238                        26                       154                       201                       111                         0                       142                       184                       231                       182                       225                       201                       199                       168                        92                        20                       102
                        20                       136                        95                        89                        17                       112                       118                       116                        82                        60                       142                         0                        68                       153                       115                       177                       143                        63                        75                        52                       137                        39
                        74                        72                       115                       136                        82                        55                       158                        85                        17                        74                       184                        68                         0                        90                        64                       123                        90                        35                        29                        95                       173                        95
                       163                        18                       155                       195                       165                        92                       206                        80                        83                       129                       231                       153                        90                         0                        49                        48                        35                       119                        79                       161                       215                       170
                       128                        39                       106                       146                       123                        95                       157                        35                        67                        81                       182                       115                        64                        49                         0                        63                        28                        99                        40                       114                       166                       124
                       191                        61                       151                       198                       185                       137                       202                        74                       121                       137                       225                       177                       123                        48                        63                         0                        34                       157                       103                       171                       206                       184
                       156                        38                       126                       169                       151                       111                       177                        48                        89                       106                       201                       143                        90                        35                        28                        34                         0                       124                        68                       139                       184                       151
                        59                       101                       137                       147                        80                        51                       174                       119                        36                        95                       199                        63                        35                       119                        99                       157                       124                         0                        63                       107                       191                       100
                        88                        62                        94                       124                        86                        77                       142                        56                        40                        57                       168                        75                        29                        79                        40                       103                        68                        63                         0                        86                       155                        92
                        71                       146                        47                        41                        41                       149                        67                        98                       112                        33                        92                        52                        95                       161                       114                       171                       139                       107                        86                         0                        85                        20
                       155                       205                        61                        51                       123                       228                        19                       136                       189                        99                        20                       137                       173                       215                       166                       206                       184                       191                       155                        85                         0                        99
                        56                       154                        67                        50                        24                       146                        80                       114                       112                        48                       102                        39                        95                       170                       124                       184                       151                       100                        92                        20                        99                         0
