  0  4
  0.036  348.011
  0.072  618.743
  0.108  826.14
  0.144  979.113
  0.18  1085.62
  0.216  1152.77
  0.252  1186.86
  0.288  1193.47
  0.324  1177.54
  0.36  1143.41
  0.396  1094.88
  0.432  1035.26
  0.468  967.429
  0.504  893.859
  0.54  816.676
  0.576  737.682
  0.612  658.397
  0.648  580.085
  0.684  503.785
  0.72  430.337
  0.756  360.403
  0.792  294.493
  0.828  232.979
  0.864  176.119
  0.9  124.066
  0.936  76.8887
  0.972  34.5811
  1.008  -2.9252
  1.044  -35.7499
  1.08  -64.0552
  1.116  -88.0373
  1.152  -107.919
  1.188  -123.943
  1.224  -136.367
  1.26  -145.458
  1.296  -151.486
  1.332  -154.726
  1.368  -155.447
  1.404  -153.917
  1.44  -150.394
  1.476  -145.129
  1.512  -138.362
  1.548  -130.322
  1.584  -121.225
  1.62  -111.273
  1.656  -100.656
  1.692  -89.549
  1.728  -78.1133
  1.764  -66.4962
  1.8  -54.8314
  1.836  -43.2389
  1.872  -31.8257
  1.908  -20.6864
  1.944  -9.90313
  1.98  0.4533
  2.016  10.3231
  2.052  19.6568
  2.088  28.4145
  2.124  36.5653
  2.16  44.0868
  2.196  50.9641
  2.232  57.1894
  2.268  62.7611
  2.304  67.6835
  2.34  71.9659
  2.376  75.6224
  2.412  78.6707
  2.448  81.1323
  2.484  83.0314
  2.52  84.3946
  2.556  85.2509
  2.592  85.6303
  2.628  85.5646
  2.664  85.0859
  2.7  84.2271
  2.736  83.0212
  2.772  81.5011
  2.808  79.6995
  2.844  77.6484
  2.88  75.3791
  2.916  72.9219
  2.952  70.3061
  2.988  67.5598
  3.024  64.7099
  3.06  61.7816
  3.096  58.7989
  3.132  55.7842
  3.168  52.7584
  3.204  49.7406
  3.24  46.7487
  3.276  43.7987
  3.312  40.9052
  3.348  38.0812
  3.384  35.3382
  3.42  32.6862
  3.456  30.1339
  3.492  27.6886
  3.528  25.3562
  3.564  23.1414
  3.6  21.0478
  3.636  19.078
  3.672  17.2332
  3.708  15.514
  3.744  13.9201
  3.78  12.45
  3.816  11.102
  3.852  9.87345
  3.888  8.76104
  3.924  7.76108
  3.96  6.86939
  3.996  6.08137
  4.032  5.39211
  4.068  4.79644
  4.104  4.28895
  4.14  3.86409
  4.176  3.51619
  4.212  3.23955
  4.248  3.02842
  4.284  2.87708
  4.32  2.77989
  4.356  2.73131
  4.392  2.72589
  4.428  2.75839
  4.464  2.8237
  4.5  2.91696
  4.536  3.03349
  4.572  3.16886
  4.608  3.31892
  4.644  3.47972
  4.68  3.64763
  4.716  3.81927
  4.752  3.99154
  4.788  4.1616
  4.824  4.32692
  4.86  4.48521
  4.896  4.63447
  4.932  4.77294
  4.968  4.89914
  5.004  5.01182
  5.04  5.10997
  5.076  5.1928
  5.112  5.25975
  5.148  5.31044
  5.184  5.3447
  5.22  5.36253
  5.256  5.36408
  5.292  5.34966
  5.328  5.31973
  5.364  5.27484
  5.4  5.21568
  5.436  5.143
  5.472  5.05767
  5.508  4.9606
  5.544  4.85277
  5.58  4.73519
  5.616  4.60892
  5.652  4.47503
  5.688  4.3346
  5.724  4.18872
  5.76  4.03847
  5.796  3.88491
  5.832  3.72906
  5.868  3.57194
  5.904  3.4145
  5.94  3.25768
  5.976  3.10233
  6.012  2.94929
  6.048  2.7993
  6.084  2.65308
  6.12  2.51125
  6.156  2.3744
  6.192  2.24302
  6.228  2.11757
  6.264  1.99841
  6.3  1.88586
  6.336  1.78015
  6.372  1.68147
  6.408  1.58994
  6.444  1.50562
  6.48  1.4285
  6.516  1.35854
  6.552  1.29562
  6.588  1.23961
  6.624  1.19031
  6.66  1.14747
  6.696  1.11082
  6.732  1.08007
  6.768  1.05487
  6.804  1.03487
  6.84  1.01969
  6.876  1.00893
  6.912  1.00219
  6.948  0.999043
  6.984  0.999076
  7.02  1.00186
  7.056  1.00699
  7.092  1.01404
  7.128  1.02261
  7.164  1.0323
  7.2  1.04274
  7.236  1.05358
  7.272  1.06447
  7.308  1.07509
  7.344  1.08515
  7.38  1.09439
  7.416  1.10256
  7.452  1.10945
  7.488  1.11487
  7.524  1.11868
  7.56  1.12074
  7.596  1.12097
  7.632  1.1193
  7.668  1.11569
  7.704  1.11015
  7.74  1.10268
  7.776  1.09335
  7.812  1.08223
  7.848  1.06942
  7.884  1.05505
  7.92  1.03927
  7.956  1.02224
  7.992  1.00414
  8.028  0.985195
  8.064  0.965607
  8.1  0.945609
  8.136  0.925444
  8.172  0.905359
  8.208  0.88561
  8.244  0.866457
  8.28  0.848161
  8.316  0.830982
  8.352  0.81518
  8.388  0.801008
  8.424  0.788714
  8.46  0.778537
  8.496  0.770709
  8.532  0.765445
  8.568  0.762951
  8.604  0.763417
  8.64  0.767017
  8.676  0.773905
  8.712  0.784222
  8.748  0.798084
  8.784  0.81559
  8.82  0.836819
  8.856  0.861826
  8.892  0.890645
  8.928  0.92329
  8.964  0.959752
  9  1
  9.036  1.04398
  9.072  1.09162
  9.108  1.14283
  9.144  1.1975
  9.18  1.25548
  9.216  1.31664
  9.252  1.38079
  9.288  1.44777
  9.324  1.51737
  9.36  1.58938
  9.396  1.66357
  9.432  1.73971
  9.468  1.81757
  9.504  1.89688
  9.54  1.97739
  9.576  2.05884
  9.612  2.14097
  9.648  2.22351
  9.684  2.30621
  9.72  2.38879
  9.756  2.471
  9.792  2.5526
  9.828  2.63333
  9.864  2.71295
  9.9  2.79125
  9.936  2.868
  9.972  2.943
  10.008  3.01606
  10.044  3.087
  10.08  3.15566
  10.116  3.2219
  10.152  3.28558
  10.188  3.34659
  10.224  3.40483
  10.26  3.46024
  10.296  3.51274
  10.332  3.5623
  10.368  3.60888
  10.404  3.6525
  10.44  3.69314
  10.476  3.73085
  10.512  3.76565
  10.548  3.79762
  10.584  3.82682
  10.62  3.85333
  10.656  3.87726
  10.692  3.89871
  10.728  3.9178
  10.764  3.93467
  10.8  3.94943
  10.836  3.96225
  10.872  3.97325
  10.908  3.9826
  10.944  3.99044
  10.98  3.99693
  11.016  4.00221
  11.052  4.00643
  11.088  4.00973
  11.124  4.01226
  11.16  4.01414
  11.196  4.01549
  11.232  4.01644
  11.268  4.01707
  11.304  4.01749
  11.34  4.01777
  11.376  4.01797
  11.412  4.01815
  11.448  4.01834
  11.484  4.01857
  11.52  4.01884
  11.556  4.01915
  11.592  4.01946
  11.628  4.01973
  11.664  4.01992
  11.7  4.01995
  11.736  4.01974
  11.772  4.01919
  11.808  4.0182
  11.844  4.01664
  11.88  4.01438
  11.916  4.01129
  11.952  4.00721
  11.988  4.00201
  12.024  3.99553
  12.06  3.9876
  12.096  3.97808
  12.132  3.9668
  12.168  3.95363
  12.204  3.93842
  12.24  3.92103
  12.276  3.90134
  12.312  3.87924
  12.348  3.85463
  12.384  3.82743
  12.42  3.79758
  12.456  3.76504
  12.492  3.7298
  12.528  3.69186
  12.564  3.65124
  12.6  3.60802
  12.636  3.56228
  12.672  3.51413
  12.708  3.46372
  12.744  3.41123
  12.78  3.35686
  12.816  3.30086
  12.852  3.24348
  12.888  3.18503
  12.924  3.12583
  12.96  3.06623
  12.996  3.00661
  13.032  2.94737
  13.068  2.88894
  13.104  2.83175
  13.14  2.77626
  13.176  2.72294
  13.212  2.67227
  13.248  2.62474
  13.284  2.58082
  13.32  2.541
  13.356  2.50575
  13.392  2.47554
  13.428  2.45079
  13.464  2.43194
  13.5  2.41937
  13.536  2.41344
  13.572  2.41447
  13.608  2.42273
  13.644  2.43845
  13.68  2.46179
  13.716  2.49287
  13.752  2.53173
  13.788  2.57835
  13.824  2.63263
  13.86  2.6944
  13.896  2.76341
  13.932  2.83932
  13.968  2.92172
  14.004  3.0101
  14.04  3.10387
  14.076  3.20235
  14.112  3.30479
  14.148  3.41034
  14.184  3.51808
  14.22  3.62702
  14.256  3.73607
  14.292  3.84412
  14.328  3.94996
  14.364  4.05238
  14.4  4.15007
  14.436  4.24176
  14.472  4.3261
  14.508  4.4018
  14.544  4.46753
  14.58  4.52201
  14.616  4.56402
  14.652  4.59236
  14.688  4.60596
  14.724  4.60382
  14.76  4.58506
  14.796  4.54895
  14.832  4.49491
  14.868  4.42256
  14.904  4.3317
  14.94  4.22238
  14.976  4.09486
  15.012  3.9497
  15.048  3.7877
  15.084  3.61001
  15.12  3.41805
  15.156  3.2136
  15.192  2.99874
  15.228  2.77595
  15.264  2.54801
  15.3  2.31808
  15.336  2.08968
  15.372  1.86664
  15.408  1.65316
  15.444  1.45373
  15.48  1.27313
  15.516  1.1164
  15.552  0.988818
  15.588  0.895826
  15.624  0.842995
  15.66  0.835965
  15.696  0.880373
  15.732  0.981774
  15.768  1.14556
  15.804  1.37685
  15.84  1.68042
  15.876  2.06053
  15.912  2.52086
  15.948  3.06432
  15.984  3.69296
  16.02  4.40778
  16.056  5.20858
  16.092  6.09381
  16.128  7.06037
  16.164  8.10343
  16.2  9.2163
  16.236  10.3902
  16.272  11.614
  16.308  12.8742
  16.344  14.1548
  16.38  15.4367
  16.416  16.6982
  16.452  17.9143
  16.488  19.0569
  16.524  20.0945
  16.56  20.9925
  16.596  21.7128
  16.632  22.2139
  16.668  22.4512
  16.704  22.3772
  16.74  21.9412
  16.776  21.0902
  16.812  19.7692
  16.848  17.9213
  16.884  15.489
  16.92  12.4145
  16.956  8.64103
  16.992  4.11371
  17.028  -1.21896
  17.064  -7.40355
  17.1  -14.4798
  17.136  -22.4788
  17.172  -31.4199
  17.208  -41.3089
  17.244  -52.1342
  17.28  -63.8634
  17.316  -76.4396
  17.352  -89.7764
  17.388  -103.754
  17.424  -118.211
  17.46  -132.942
  17.496  -147.687
  17.532  -162.126
  17.568  -175.869
  17.604  -188.449
  17.64  -199.307
  17.676  -207.785
  17.712  -213.112
  17.748  -214.389
  17.784  -210.574
  17.82  -200.468
  17.856  -182.693
  17.892  -155.675
  17.928  -117.622
  17.964  -66.4976
  18  -2.32228e-10
