  0  0
  0.062  -1.03248e+10
  0.124  -1.84342e+10
  0.186  -2.46108e+10
  0.248  -2.91102e+10
  0.31  -3.2163e+10
  0.372  -3.39767e+10
  0.434  -3.47378e+10
  0.496  -3.46132e+10
  0.558  -3.37522e+10
  0.62  -3.22876e+10
  0.682  -3.0337e+10
  0.744  -2.80048e+10
  0.806  -2.53825e+10
  0.868  -2.25505e+10
  0.93  -1.95787e+10
  0.992  -1.65278e+10
  1.054  -1.34497e+10
  1.116  -1.0389e+10
  1.178  -7.38326e+09
  1.24  -4.46373e+09
  1.302  -1.65622e+09
  1.364  1.01847e+09
  1.426  3.54395e+09
  1.488  5.90776e+09
  1.55  8.10088e+09
  1.612  1.01174e+10
  1.674  1.19539e+10
  1.736  1.36095e+10
  1.798  1.50851e+10
  1.86  1.63834e+10
  1.922  1.75086e+10
  1.984  1.8466e+10
  2.046  1.9262e+10
  2.108  1.99035e+10
  2.17  2.03985e+10
  2.232  2.07551e+10
  2.294  2.09819e+10
  2.356  2.10877e+10
  2.418  2.10813e+10
  2.48  2.09718e+10
  2.542  2.07681e+10
  2.604  2.04787e+10
  2.666  2.01124e+10
  2.728  1.96774e+10
  2.79  1.91818e+10
  2.852  1.86334e+10
  2.914  1.80394e+10
  2.976  1.7407e+10
  3.038  1.67428e+10
  3.1  1.60531e+10
  3.162  1.53438e+10
  3.224  1.46203e+10
  3.286  1.38878e+10
  3.348  1.31509e+10
  3.41  1.24139e+10
  3.472  1.16807e+10
  3.534  1.0955e+10
  3.596  1.02399e+10
  3.658  9.53817e+09
  3.72  8.85246e+09
  3.782  8.18494e+09
  3.844  7.53751e+09
  3.906  6.9118e+09
  3.968  6.30916e+09
  4.03  5.7307e+09
  4.092  5.17729e+09
  4.154  4.64957e+09
  4.216  4.148e+09
  4.278  3.67285e+09
  4.34  3.22419e+09
  4.402  2.80198e+09
  4.464  2.406e+09
  4.526  2.03592e+09
  4.588  1.6913e+09
  4.65  1.37159e+09
  4.712  1.07617e+09
  4.774  8.04309e+08
  4.836  5.55247e+08
  4.898  3.28149e+08
  4.96  1.22141e+08
  5.022  -6.36877e+07
  5.084  -2.30275e+08
  5.146  -3.78579e+08
  5.208  -5.09568e+08
  5.27  -6.24219e+08
  5.332  -7.23507e+08
  5.394  -8.08399e+08
  5.456  -8.79853e+08
  5.518  -9.38813e+08
  5.58  -9.86199e+08
  5.642  -1.02291e+09
  5.704  -1.04983e+09
  5.766  -1.06779e+09
  5.828  -1.07761e+09
  5.89  -1.08008e+09
  5.952  -1.07593e+09
  6.014  -1.06589e+09
  6.076  -1.05063e+09
  6.138  -1.03079e+09
  6.2  -1.00697e+09
  6.262  -9.79741e+08
  6.324  -9.49633e+08
  6.386  -9.17138e+08
  6.448  -8.82714e+08
  6.51  -8.46785e+08
  6.572  -8.09738e+08
  6.634  -7.7193e+08
  6.696  -7.33683e+08
  6.758  -6.9529e+08
  6.82  -6.57014e+08
  6.882  -6.19089e+08
  6.944  -5.81722e+08
  7.006  -5.45095e+08
  7.068  -5.09365e+08
  7.13  -4.74667e+08
  7.192  -4.41115e+08
  7.254  -4.08802e+08
  7.316  -3.77802e+08
  7.378  -3.48173e+08
  7.44  -3.19958e+08
  7.502  -2.93184e+08
  7.564  -2.67865e+08
  7.626  -2.44005e+08
  7.688  -2.21594e+08
  7.75  -2.00617e+08
  7.812  -1.81047e+08
  7.874  -1.62851e+08
  7.936  -1.4599e+08
  7.998  -1.30419e+08
  8.06  -1.1609e+08
  8.122  -1.0295e+08
  8.184  -9.09431e+07
  8.246  -8.00126e+07
  8.308  -7.00994e+07
  8.37  -6.11438e+07
  8.432  -5.30858e+07
  8.494  -4.58656e+07
  8.556  -3.94243e+07
  8.618  -3.37038e+07
  8.68  -2.86475e+07
  8.742  -2.42005e+07
  8.804  -2.031e+07
  8.866  -1.69253e+07
  8.928  -1.3998e+07
  8.99  -1.14822e+07
  9.052  -9.33466e+06
  9.114  -7.51488e+06
  9.176  -5.98494e+06
  9.238  -4.70973e+06
  9.3  -3.65682e+06
  9.362  -2.79648e+06
  9.424  -2.1016e+06
  9.486  -1.54765e+06
  9.548  -1.11253e+06
  9.61  -776559
  9.672  -522274
  9.734  -334364
  9.796  -199517
  9.858  -106292
  9.92  -44971.9
  9.982  -7427.47
  10.044  13031.1
  10.106  21796.9
  10.168  23108.7
  10.23  20191.5
  10.292  15392.2
  10.354  10312.1
  10.416  5932.64
  10.478  2736.15
  10.54  818.936
  10.602  -2.3899
  10.664  -92.5503
  10.726  92.7048
  10.788  88.5389
  10.85  -505.564
  10.912  -1961.03
  10.974  -4364.06
  11.036  -7568.15
  11.098  -11155.1
  11.16  -14404.1
  11.222  -16269.5
  11.284  -15365.6
  11.346  -9959.6
  11.408  2028.93
  11.47  23021.5
  11.532  55767.9
  11.594  103328
  11.656  169048
  11.718  256533
  11.78  369611
  11.842  512300
  11.904  688769
  11.966  903291
  12.028  1.1602e+06
  12.09  1.46386e+06
  12.152  1.81859e+06
  12.214  2.22864e+06
  12.276  2.69813e+06
  12.338  3.23101e+06
  12.4  3.83103e+06
  12.462  4.50166e+06
  12.524  5.24606e+06
  12.586  6.06707e+06
  12.648  6.96712e+06
  12.71  7.94826e+06
  12.772  9.01205e+06
  12.834  1.01596e+07
  12.896  1.13915e+07
  12.958  1.27078e+07
  13.02  1.41081e+07
  13.082  1.55913e+07
  13.144  1.71559e+07
  13.206  1.87997e+07
  13.268  2.05199e+07
  13.33  2.23134e+07
  13.392  2.41762e+07
  13.454  2.6104e+07
  13.516  2.80918e+07
  13.578  3.01344e+07
  13.64  3.22257e+07
  13.702  3.43594e+07
  13.764  3.65288e+07
  13.826  3.87267e+07
  13.888  4.09455e+07
  13.95  4.31776e+07
  14.012  4.54148e+07
  14.074  4.76487e+07
  14.136  4.9871e+07
  14.198  5.2073e+07
  14.26  5.4246e+07
  14.322  5.63813e+07
  14.384  5.84702e+07
  14.446  6.05041e+07
  14.508  6.24745e+07
  14.57  6.43731e+07
  14.632  6.61917e+07
  14.694  6.79226e+07
  14.756  6.95581e+07
  14.818  7.10912e+07
  14.88  7.2515e+07
  14.942  7.38233e+07
  15.004  7.50103e+07
  15.066  7.60706e+07
  15.128  7.69994e+07
  15.19  7.77926e+07
  15.252  7.84465e+07
  15.314  7.89582e+07
  15.376  7.93254e+07
  15.438  7.95464e+07
  15.5  7.96202e+07
  15.562  7.95464e+07
  15.624  7.93254e+07
  15.686  7.89582e+07
  15.748  7.84465e+07
  15.81  7.77926e+07
  15.872  7.69994e+07
  15.934  7.60706e+07
  15.996  7.50103e+07
  16.058  7.38233e+07
  16.12  7.2515e+07
  16.182  7.10912e+07
  16.244  6.95581e+07
  16.306  6.79226e+07
  16.368  6.61917e+07
  16.43  6.43731e+07
  16.492  6.24745e+07
  16.554  6.05041e+07
  16.616  5.84702e+07
  16.678  5.63813e+07
  16.74  5.4246e+07
  16.802  5.2073e+07
  16.864  4.9871e+07
  16.926  4.76487e+07
  16.988  4.54148e+07
  17.05  4.31776e+07
  17.112  4.09455e+07
  17.174  3.87267e+07
  17.236  3.65288e+07
  17.298  3.43594e+07
  17.36  3.22257e+07
  17.422  3.01344e+07
  17.484  2.80918e+07
  17.546  2.6104e+07
  17.608  2.41762e+07
  17.67  2.23134e+07
  17.732  2.05199e+07
  17.794  1.87997e+07
  17.856  1.71559e+07
  17.918  1.55913e+07
  17.98  1.41081e+07
  18.042  1.27078e+07
  18.104  1.13915e+07
  18.166  1.01596e+07
  18.228  9.01205e+06
  18.29  7.94826e+06
  18.352  6.96712e+06
  18.414  6.06707e+06
  18.476  5.24606e+06
  18.538  4.50166e+06
  18.6  3.83103e+06
  18.662  3.23101e+06
  18.724  2.69813e+06
  18.786  2.22864e+06
  18.848  1.81859e+06
  18.91  1.46386e+06
  18.972  1.1602e+06
  19.034  903291
  19.096  688769
  19.158  512300
  19.22  369611
  19.282  256533
  19.344  169048
  19.406  103328
  19.468  55767.9
  19.53  23021.5
  19.592  2028.93
  19.654  -9959.6
  19.716  -15365.6
  19.778  -16269.5
  19.84  -14404.1
  19.902  -11155.1
  19.964  -7568.15
  20.026  -4364.06
  20.088  -1961.03
  20.15  -505.564
  20.212  88.5388
  20.274  92.7048
  20.336  -92.5503
  20.398  -2.39002
  20.46  818.936
  20.522  2736.15
  20.584  5932.64
  20.646  10312.1
  20.708  15392.2
  20.77  20191.5
  20.832  23108.7
  20.894  21796.9
  20.956  13031.1
  21.018  -7427.47
  21.08  -44971.9
  21.142  -106292
  21.204  -199517
  21.266  -334364
  21.328  -522274
  21.39  -776559
  21.452  -1.11253e+06
  21.514  -1.54765e+06
  21.576  -2.1016e+06
  21.638  -2.79648e+06
  21.7  -3.65682e+06
  21.762  -4.70973e+06
  21.824  -5.98494e+06
  21.886  -7.51488e+06
  21.948  -9.33466e+06
  22.01  -1.14822e+07
  22.072  -1.3998e+07
  22.134  -1.69253e+07
  22.196  -2.031e+07
  22.258  -2.42005e+07
  22.32  -2.86475e+07
  22.382  -3.37038e+07
  22.444  -3.94243e+07
  22.506  -4.58656e+07
  22.568  -5.30858e+07
  22.63  -6.11438e+07
  22.692  -7.00994e+07
  22.754  -8.00126e+07
  22.816  -9.09431e+07
  22.878  -1.0295e+08
  22.94  -1.1609e+08
  23.002  -1.30419e+08
  23.064  -1.4599e+08
  23.126  -1.62851e+08
  23.188  -1.81047e+08
  23.25  -2.00617e+08
  23.312  -2.21594e+08
  23.374  -2.44005e+08
  23.436  -2.67865e+08
  23.498  -2.93184e+08
  23.56  -3.19958e+08
  23.622  -3.48173e+08
  23.684  -3.77802e+08
  23.746  -4.08802e+08
  23.808  -4.41115e+08
  23.87  -4.74667e+08
  23.932  -5.09365e+08
  23.994  -5.45095e+08
  24.056  -5.81722e+08
  24.118  -6.19089e+08
  24.18  -6.57014e+08
  24.242  -6.9529e+08
  24.304  -7.33683e+08
  24.366  -7.7193e+08
  24.428  -8.09738e+08
  24.49  -8.46785e+08
  24.552  -8.82714e+08
  24.614  -9.17138e+08
  24.676  -9.49633e+08
  24.738  -9.79741e+08
  24.8  -1.00697e+09
  24.862  -1.03079e+09
  24.924  -1.05063e+09
  24.986  -1.06589e+09
  25.048  -1.07593e+09
  25.11  -1.08008e+09
  25.172  -1.07761e+09
  25.234  -1.06779e+09
  25.296  -1.04983e+09
  25.358  -1.02291e+09
  25.42  -9.86199e+08
  25.482  -9.38813e+08
  25.544  -8.79853e+08
  25.606  -8.08399e+08
  25.668  -7.23507e+08
  25.73  -6.24219e+08
  25.792  -5.09568e+08
  25.854  -3.78579e+08
  25.916  -2.30275e+08
  25.978  -6.36877e+07
  26.04  1.22141e+08
  26.102  3.28149e+08
  26.164  5.55247e+08
  26.226  8.04309e+08
  26.288  1.07617e+09
  26.35  1.37159e+09
  26.412  1.6913e+09
  26.474  2.03592e+09
  26.536  2.406e+09
  26.598  2.80198e+09
  26.66  3.22419e+09
  26.722  3.67285e+09
  26.784  4.148e+09
  26.846  4.64957e+09
  26.908  5.17729e+09
  26.97  5.7307e+09
  27.032  6.30916e+09
  27.094  6.9118e+09
  27.156  7.53751e+09
  27.218  8.18494e+09
  27.28  8.85246e+09
  27.342  9.53817e+09
  27.404  1.02399e+10
  27.466  1.0955e+10
  27.528  1.16807e+10
  27.59  1.24139e+10
  27.652  1.31509e+10
  27.714  1.38878e+10
  27.776  1.46203e+10
  27.838  1.53438e+10
  27.9  1.60531e+10
  27.962  1.67428e+10
  28.024  1.7407e+10
  28.086  1.80394e+10
  28.148  1.86334e+10
  28.21  1.91818e+10
  28.272  1.96774e+10
  28.334  2.01124e+10
  28.396  2.04787e+10
  28.458  2.07681e+10
  28.52  2.09718e+10
  28.582  2.10813e+10
  28.644  2.10877e+10
  28.706  2.09819e+10
  28.768  2.07551e+10
  28.83  2.03985e+10
  28.892  1.99035e+10
  28.954  1.9262e+10
  29.016  1.8466e+10
  29.078  1.75086e+10
  29.14  1.63834e+10
  29.202  1.50851e+10
  29.264  1.36095e+10
  29.326  1.19539e+10
  29.388  1.01174e+10
  29.45  8.10088e+09
  29.512  5.90776e+09
  29.574  3.54395e+09
  29.636  1.01847e+09
  29.698  -1.65622e+09
  29.76  -4.46373e+09
  29.822  -7.38326e+09
  29.884  -1.0389e+10
  29.946  -1.34497e+10
  30.008  -1.65278e+10
  30.07  -1.95787e+10
  30.132  -2.25505e+10
  30.194  -2.53825e+10
  30.256  -2.80048e+10
  30.318  -3.0337e+10
  30.38  -3.22876e+10
  30.442  -3.37522e+10
  30.504  -3.46132e+10
  30.566  -3.47378e+10
  30.628  -3.39767e+10
  30.69  -3.2163e+10
  30.752  -2.91102e+10
  30.814  -2.46108e+10
  30.876  -1.84342e+10
  30.938  -1.03248e+10
  31  -0.0228638
