  595  0.644
  595.96  1.08207e+09
  596.92  1.37882e+09
  597.88  1.29061e+09
  598.84  1.04689e+09
  599.8  7.70885e+08
  600.76  5.22027e+08
  601.72  3.2313e+08
  602.68  1.7737e+08
  603.64  7.85542e+07
  604.6  1.70265e+07
  605.56  -1.71465e+07
  606.52  -3.26619e+07
  607.48  -3.64304e+07
  608.44  -3.35507e+07
  609.4  -2.7536e+07
  610.36  -2.06329e+07
  611.32  -1.41442e+07
  612.28  -8.71343e+06
  613.24  -4.55473e+06
  614.2  -1.62588e+06
  615.16  248604
  616.12  1.2955e+06
  617.08  1.7425e+06
  618.04  1.79057e+06
  619  1.60187e+06
  619.96  1.29761e+06
  620.92  961501
  621.88  646068
  622.84  379761
  623.8  173753
  624.76  27818.5
  625.72  -64984.8
  626.68  -114820
  627.64  -132657
  628.6  -128741
  629.56  -111764
  630.52  -88522.2
  631.48  -63916.6
  632.44  -41153
  633.4  -22042.5
  634.36  -7334.64
  635.32  2966.46
  636.28  9326.59
  637.24  12460.7
  638.2  13168.1
  639.16  12219.3
  640.12  10286.7
  641.08  7910.75
  642.04  5491.07
  643  3294.72
  643.96  1475.11
  644.92  95.4649
  645.88  -846.902
  646.84  -1398.07
  647.8  -1628.44
  648.76  -1617.68
  649.72  -1443.8
  650.68  -1176.02
  651.64  -870.827
  652.6  -570.558
  653.56  -303.764
  654.52  -86.8124
  655.48  73.8792
  656.44  179.364
  657.4  235.76
  658.36  252.109
  659.32  238.627
  660.28  205.377
  661.24  161.356
  662.2  113.965
  663.16  68.7779
  664.12  29.5499
  665.08  -1.60484
  666.04  -23.9402
  667  -37.7564
  667.96  -44.0756
  668.92  -44.3436
  669.88  -40.1779
  670.84  -33.1702
  671.8  -24.747
  672.76  -16.0833
  673.72  -8.06251
  674.68  -1.27442
  675.64  3.96089
  676.6  7.55071
  677.56  9.57849
  678.52  10.2503
  679.48  9.84466
  680.44  8.6684
  681.4  7.02208
  682.36  5.17434
  683.32  3.34576
  684.28  1.70102
  685.24  0.347924
  686.2  -0.658281
  687.16  -1.30708
  688.12  -1.62284
  689.08  -1.65427
  690.04  -1.46433
  691  -1.12125
  691.96  -0.691303
  692.92  -0.233343
  693.88  0.204655
  694.84  0.587353
  695.8  0.89229
  696.76  1.10896
  697.72  1.23707
  698.68  1.28429
  699.64  1.26382
  700.6  1.19206
  701.56  1.08643
  702.52  0.963654
  703.48  0.838453
  704.44  0.722663
  705.4  0.62482
  706.36  0.5501
  707.32  0.500567
  708.28  0.475627
  709.24  0.47263
  710.2  0.48751
  711.16  0.515429
  712.12  0.55135
  713.08  0.590518
  714.04  0.628815
  715  0.663
  715.96  0.690821
  716.92  0.711019
  717.88  0.723254
  718.84  0.727957
  719.8  0.726152
  720.76  0.719252
  721.72  0.70887
  722.68  0.696632
  723.64  0.684041
  724.6  0.67236
  725.56  0.662545
  726.52  0.655217
  727.48  0.650661
  728.44  0.648863
  729.4  0.649557
  730.36  0.652296
  731.32  0.656519
  732.28  0.66162
  733.24  0.667013
  734.2  0.672177
  735.16  0.676694
  736.12  0.680274
  737.08  0.682757
  738.04  0.684112
  739  0.684419
  739.96  0.683844
  740.92  0.682617
  741.88  0.680996
  742.84  0.679244
  743.8  0.6776
  744.76  0.676267
  745.72  0.675388
  746.68  0.67505
  747.64  0.675274
  748.6  0.676027
  749.56  0.677224
  750.52  0.678748
  751.48  0.680456
  752.44  0.6822
  753.4  0.683838
  754.36  0.685243
  755.32  0.686316
  756.28  0.686991
  757.24  0.687235
  758.2  0.687053
  759.16  0.686478
  760.12  0.685572
  761.08  0.684413
  762.04  0.683095
  763  0.68171
  763.96  0.680351
  764.92  0.679098
  765.88  0.678014
  766.84  0.677147
  767.8  0.676524
  768.76  0.676149
  769.72  0.676014
  770.68  0.676091
  771.64  0.676345
  772.6  0.676732
  773.56  0.677208
  774.52  0.677732
  775.48  0.678267
  776.44  0.678788
  777.4  0.679276
  778.36  0.679728
  779.32  0.680147
  780.28  0.680546
  781.24  0.680948
  782.2  0.681375
  783.16  0.681854
  784.12  0.682409
  785.08  0.683058
  786.04  0.683815
  787  0.684683
  787.96  0.685659
  788.92  0.68673
  789.88  0.687875
  790.84  0.689067
  791.8  0.690275
  792.76  0.691465
  793.72  0.692606
  794.68  0.693668
  795.64  0.694627
  796.6  0.695467
  797.56  0.69618
  798.52  0.696767
  799.48  0.697239
  800.44  0.697615
  801.4  0.69792
  802.36  0.698186
  803.32  0.698448
  804.28  0.69874
  805.24  0.699097
  806.2  0.699549
  807.16  0.70012
  808.12  0.70083
  809.08  0.701688
  810.04  0.7027
  811  0.70386
  811.96  0.705158
  812.92  0.706581
  813.88  0.708109
  814.84  0.709724
  815.8  0.711407
  816.76  0.713142
  817.72  0.714918
  818.68  0.716729
  819.64  0.718573
  820.6  0.720456
  821.56  0.72239
  822.52  0.724389
  823.48  0.726474
  824.44  0.728665
  825.4  0.730982
  826.36  0.733445
  827.32  0.736069
  828.28  0.738865
  829.24  0.741837
  830.2  0.744985
  831.16  0.748302
  832.12  0.751776
  833.08  0.755394
  834.04  0.759141
  835  0.763
  835.96  0.766962
  836.92  0.771021
  837.88  0.77518
  838.84  0.779452
  839.8  0.78386
  840.76  0.788439
  841.72  0.793232
  842.68  0.798294
  843.64  0.803683
  844.6  0.809462
  845.56  0.815693
  846.52  0.822435
  847.48  0.829734
  848.44  0.837628
  849.4  0.846136
  850.36  0.855261
  851.32  0.864986
  852.28  0.875275
  853.24  0.886079
  854.2  0.897331
  855.16  0.908961
  856.12  0.920897
  857.08  0.933073
  858.04  0.94544
  859  0.957973
  859.96  0.970677
  860.92  0.983599
  861.88  0.996831
  862.84  1.01051
  863.8  1.02483
  864.76  1.04003
  865.72  1.05639
  866.68  1.07421
  867.64  1.09384
  868.6  1.11562
  869.56  1.13989
  870.52  1.16695
  871.48  1.19707
  872.44  1.23045
  873.4  1.26721
  874.36  1.30737
  875.32  1.35086
  876.28  1.39748
  877.24  1.44693
  878.2  1.49878
  879.16  1.55253
  880.12  1.60755
  881.08  1.66316
  882.04  1.71865
  883  1.77326
  883.96  1.82624
  884.92  1.87691
  885.88  1.9246
  886.84  1.96875
  887.8  2.00893
  888.76  2.04477
  889.72  2.07609
  890.68  2.10278
  891.64  2.12488
  892.6  2.14257
  893.56  2.15604
  894.52  2.1656
  895.48  2.17156
  896.44  2.17424
  897.4  2.17393
  898.36  2.17088
  899.32  2.16522
  900.28  2.15701
  901.24  2.14621
  902.2  2.13266
  903.16  2.11616
  904.12  2.09634
  905.08  2.07289
  906.04  2.04552
  907  2.01384
  907.96  1.97776
  908.92  1.93704
  909.88  1.89191
  910.84  1.84262
  911.8  1.78974
  912.76  1.73391
  913.72  1.67626
  914.68  1.61759
  915.64  1.55928
  916.6  1.5028
  917.56  1.44912
  918.52  1.3996
  919.48  1.35508
  920.44  1.31654
  921.4  1.28401
  922.36  1.25761
  923.32  1.23673
  924.28  1.22083
  925.24  1.20811
  926.2  1.1975
  927.16  1.18692
  928.12  1.17479
  929.08  1.15875
  930.04  1.13774
  931  1.10934
  931.96  1.07326
  932.92  1.03101
  933.88  0.981004
  934.84  0.9258
  935.8  0.867803
  936.76  0.810023
  937.72  0.754194
  938.68  0.705494
  939.64  0.668001
  940.6  0.644548
  941.56  0.635944
  942.52  0.645513
  943.48  0.670596
  944.44  0.713888
  945.4  0.771175
  946.36  0.838001
  947.32  0.90484
  948.28  0.968137
  949.24  1.01462
  950.2  1.04148
  951.16  1.04057
  952.12  1.00606
  953.08  0.932082
  954.04  0.82127
  955  0.674852
  955.96  0.49931
  956.92  0.318245
  957.88  0.139156
  958.84  -0.0294166
  959.8  -0.14637
  960.76  -0.208219
  961.72  -0.192308
  962.68  -0.067154
  963.64  0.15086
  964.6  0.466272
  965.56  0.880007
  966.52  1.36667
  967.48  1.85947
  968.44  2.3289
  969.4  2.74543
  970.36  2.99583
  971.32  3.05243
  972.28  2.86209
  973.24  2.36524
  974.2  1.56339
  975.16  0.445436
  976.12  -0.968623
  977.08  -2.4961
  978.04  -4.0953
  979  -5.55425
  979.96  -6.68164
  980.92  -7.27183
  981.88  -7.14807
  982.84  -6.00368
  983.8  -3.76577
  984.76  -0.396117
  985.72  4.04588
  986.68  9.37635
  987.64  15.2469
  988.6  20.8934
  989.56  26.0892
  990.52  29.5186
  991.48  30.5241
  992.44  28.2913
  993.4  21.753
  994.36  10.6558
  995.32  -5.40904
  996.28  -25.3781
  997.24  -49.4437
  998.2  -74.4913
  999.16  -98.4448
  1000.12  -118.783
  1001.08  -129.5
  1002.04  -127.903
  1003  -109.106
  1003.96  -69.5803
  1004.92  -5.76299
  1005.88  81.3887
  1006.84  189.398
  1007.8  313.523
  1008.76  440.433
  1009.72  558.659
  1010.68  645.033
  1011.64  676.521
  1012.6  629.412
  1013.56  475.234
  1014.52  193.161
  1015.48  -231.593
  1016.44  -797.746
  1017.4  -1486.9
  1018.36  -2257.58
  1019.32  -3033.7
  1020.28  -3699.76
  1021.24  -4127.09
  1022.2  -4130.94
  1023.16  -3530.42
  1024.12  -2130.64
  1025.08  231.112
  1026.04  3649.64
  1027  8130.34
  1027.96  13489.1
  1028.92  19334.8
  1029.88  25030.4
  1030.84  29584.2
  1031.8  31733.1
  1032.76  29897.3
  1033.72  22260.7
  1034.68  7037.5
  1035.64  -17390.4
  1036.6  -51983
  1037.56  -96598.4
  1038.52  -149341
  1039.48  -205927
  1040.44  -258896
  1041.4  -296972
  1042.36  -304739
  1043.32  -262708
  1044.28  -148102
  1045.24  63082
  1046.2  392552
  1047.16  854583
  1048.12  1.44836e+06
  1049.08  2.14704e+06
  1050.04  2.88658e+06
  1051  3.54978e+06
  1051.96  3.95296e+06
  1052.92  3.83252e+06
  1053.88  2.83871e+06
  1054.84  542651
  1055.8  -3.53718e+06
  1056.76  -9.87309e+06
  1057.72  -1.88204e+07
  1058.68  -3.04428e+07
  1059.64  -4.42536e+07
  1060.6  -5.88554e+07
  1061.56  -7.14657e+07
  1062.52  -7.73363e+07
  1063.48  -6.91033e+07
  1064.44  -3.61567e+07
  1065.4  3.57839e+07
  1066.36  1.64557e+08
  1067.32  3.70356e+08
  1068.28  6.72542e+08
  1069.24  1.08306e+09
  1070.2  1.59432e+09
  1071.16  2.15838e+09
  1072.12  2.65263e+09
  1073.08  2.82521e+09
  1074.04  2.21042e+09
  1075  -842.629
