                         0                         0
                        -1                         0
                         1                         0
                         0                        -1
                         0                         1
       -0.7071067811865475                         0
        0.7071067811865476                         0
                        -1                        -1
                         1                        -1
                        -1                         1
                         1                         1
                         0       -0.7071067811865475
                         0        0.7071067811865476
       -0.9238795325112867                         0
       -0.3826834323650897                         0
        0.3826834323650898                         0
        0.9238795325112867                         0
       -0.7071067811865475                        -1
        0.7071067811865476                        -1
       -0.7071067811865475                         1
        0.7071067811865476                         1
                        -1       -0.7071067811865475
                         1       -0.7071067811865475
                        -1        0.7071067811865476
                         1        0.7071067811865476
                         0       -0.9238795325112867
                         0       -0.3826834323650897
                         0        0.3826834323650898
                         0        0.9238795325112867
