-1  1  -1  1  -1  1  -1
-0.996  1  -0.996  0.984032  -0.964192  0.936638  -0.901591
-0.992  1  -0.992  0.968128  -0.928766  0.874544  -0.806329
-0.988  1  -0.988  0.952288  -0.893721  0.813705  -0.71416
-0.984  1  -0.984  0.936512  -0.859056  0.754109  -0.625032
-0.98  1  -0.98  0.9208  -0.824768  0.695745  -0.538893
-0.976  1  -0.976  0.905152  -0.790857  0.6386  -0.455691
-0.972  1  -0.972  0.889568  -0.75732  0.582662  -0.375376
-0.968  1  -0.968  0.874048  -0.724157  0.52792  -0.297896
-0.964  1  -0.964  0.858592  -0.691365  0.47436  -0.223202
-0.96  1  -0.96  0.8432  -0.658944  0.421972  -0.151243
-0.956  1  -0.956  0.827872  -0.626891  0.370744  -0.0819714
-0.952  1  -0.952  0.812608  -0.595206  0.320664  -0.0153377
-0.948  1  -0.948  0.797408  -0.563886  0.271719  0.0487063
-0.944  1  -0.944  0.782272  -0.53293  0.223899  0.110208
-0.94  1  -0.94  0.7672  -0.502336  0.177192  0.169216
-0.936  1  -0.936  0.752192  -0.472103  0.131586  0.225775
-0.932  1  -0.932  0.737248  -0.44223  0.0870692  0.279933
-0.928  1  -0.928  0.722368  -0.412715  0.0436311  0.331736
-0.924  1  -0.924  0.707552  -0.383556  0.00125967  0.381228
-0.92  1  -0.92  0.6928  -0.354752  -0.0400563  0.428456
-0.916  1  -0.916  0.678112  -0.326301  -0.0803282  0.473463
-0.912  1  -0.912  0.663488  -0.298202  -0.119567  0.516293
-0.908  1  -0.908  0.648928  -0.270453  -0.157785  0.556991
-0.904  1  -0.904  0.634432  -0.243053  -0.194992  0.595599
-0.9  1  -0.9  0.62  -0.216  -0.2312  0.63216
-0.896  1  -0.896  0.605632  -0.189293  -0.26642  0.666717
-0.892  1  -0.892  0.591328  -0.162929  -0.300662  0.699311
-0.888  1  -0.888  0.577088  -0.136908  -0.333939  0.729984
-0.884  1  -0.884  0.562912  -0.111228  -0.36626  0.758776
-0.88  1  -0.88  0.5488  -0.085888  -0.397637  0.785729
-0.876  1  -0.876  0.534752  -0.0608855  -0.428081  0.810883
-0.872  1  -0.872  0.520768  -0.0362194  -0.457601  0.834276
-0.868  1  -0.868  0.506848  -0.0118881  -0.48621  0.855949
-0.864  1  -0.864  0.492992  0.0121098  -0.513918  0.87594
-0.86  1  -0.86  0.4792  0.035776  -0.540735  0.894288
-0.856  1  -0.856  0.465472  0.0591119  -0.566672  0.91103
-0.852  1  -0.852  0.451808  0.0821192  -0.591739  0.926204
-0.848  1  -0.848  0.438208  0.104799  -0.615947  0.939848
-0.844  1  -0.844  0.424672  0.127154  -0.639307  0.951997
-0.84  1  -0.84  0.4112  0.149184  -0.661829  0.962689
-0.836  1  -0.836  0.397792  0.170892  -0.683523  0.971959
-0.832  1  -0.832  0.384448  0.192279  -0.704399  0.979842
-0.828  1  -0.828  0.371168  0.213346  -0.724469  0.986374
-0.824  1  -0.824  0.357952  0.234095  -0.743741  0.99159
-0.82  1  -0.82  0.3448  0.254528  -0.762226  0.995523
-0.816  1  -0.816  0.331712  0.274646  -0.779934  0.998207
-0.812  1  -0.812  0.318688  0.294451  -0.796876  0.999676
-0.808  1  -0.808  0.305728  0.313944  -0.813061  0.999963
-0.804  1  -0.804  0.292832  0.333126  -0.828499  0.9991
-0.8  1  -0.8  0.28  0.352  -0.8432  0.99712
-0.796  1  -0.796  0.267232  0.370567  -0.857174  0.994055
-0.792  1  -0.792  0.254528  0.388828  -0.870431  0.989935
-0.788  1  -0.788  0.241888  0.406785  -0.88298  0.984793
-0.784  1  -0.784  0.229312  0.424439  -0.894832  0.978658
-0.78  1  -0.78  0.2168  0.441792  -0.905996  0.971561
-0.776  1  -0.776  0.204352  0.458846  -0.916481  0.963532
-0.772  1  -0.772  0.191968  0.475601  -0.926297  0.954601
-0.768  1  -0.768  0.179648  0.492061  -0.935453  0.944795
-0.764  1  -0.764  0.167392  0.508225  -0.94396  0.934146
-0.76  1  -0.76  0.1552  0.524096  -0.951826  0.922679
-0.756  1  -0.756  0.143072  0.539675  -0.959061  0.910425
-0.752  1  -0.752  0.131008  0.554964  -0.965674  0.897409
-0.748  1  -0.748  0.119008  0.569964  -0.971674  0.883661
-0.744  1  -0.744  0.107072  0.584677  -0.977071  0.869205
-0.74  1  -0.74  0.0952  0.599104  -0.981874  0.854069
-0.736  1  -0.736  0.083392  0.613247  -0.986092  0.83828
-0.732  1  -0.732  0.071648  0.627107  -0.989733  0.821862
-0.728  1  -0.728  0.059968  0.640687  -0.992808  0.804841
-0.724  1  -0.724  0.048352  0.653986  -0.995324  0.787243
-0.72  1  -0.72  0.0368  0.667008  -0.997292  0.769092
-0.716  1  -0.716  0.025312  0.679753  -0.998719  0.750412
-0.712  1  -0.712  0.013888  0.692223  -0.999614  0.731227
-0.708  1  -0.708  0.002528  0.70442  -0.999987  0.711562
-0.704  1  -0.704  -0.008768  0.716345  -0.999846  0.691438
-0.7  1  -0.7  -0.02  0.728  -0.9992  0.67088
-0.696  1  -0.696  -0.031168  0.739386  -0.998057  0.64991
-0.692  1  -0.692  -0.042272  0.750504  -0.996426  0.628549
-0.688  1  -0.688  -0.053312  0.761357  -0.994316  0.606821
-0.684  1  -0.684  -0.064288  0.771946  -0.991734  0.584746
-0.68  1  -0.68  -0.0752  0.782272  -0.98869  0.562346
-0.676  1  -0.676  -0.086048  0.792337  -0.985191  0.539642
-0.672  1  -0.672  -0.096832  0.802142  -0.981247  0.516654
-0.668  1  -0.668  -0.107552  0.811689  -0.976865  0.493402
-0.664  1  -0.664  -0.118208  0.82098  -0.972054  0.469907
-0.66  1  -0.66  -0.1288  0.830016  -0.966821  0.446188
-0.656  1  -0.656  -0.139328  0.838798  -0.961175  0.422264
-0.652  1  -0.652  -0.149792  0.847329  -0.955125  0.398154
-0.648  1  -0.648  -0.160192  0.855609  -0.948677  0.373877
-0.644  1  -0.644  -0.170528  0.86364  -0.94184  0.34945
-0.64  1  -0.64  -0.1808  0.871424  -0.934623  0.324893
-0.636  1  -0.636  -0.191008  0.878962  -0.927032  0.300222
-0.632  1  -0.632  -0.201152  0.886256  -0.919076  0.275456
-0.628  1  -0.628  -0.211232  0.893307  -0.910762  0.25061
-0.624  1  -0.624  -0.221248  0.900118  -0.902099  0.225702
-0.62  1  -0.62  -0.2312  0.906688  -0.893093  0.200747
-0.616  1  -0.616  -0.241088  0.91302  -0.883753  0.175763
-0.612  1  -0.612  -0.250912  0.919116  -0.874086  0.150765
-0.608  1  -0.608  -0.260672  0.924977  -0.8641  0.125769
-0.604  1  -0.604  -0.270368  0.930605  -0.853802  0.100789
-0.6  1  -0.6  -0.28  0.936  -0.8432  0.07584
-0.596  1  -0.596  -0.289568  0.941165  -0.832301  0.0509374
-0.592  1  -0.592  -0.299072  0.946101  -0.821112  0.0260952
-0.588  1  -0.588  -0.308512  0.95081  -0.809641  0.00132734
-0.584  1  -0.584  -0.317888  0.955293  -0.797894  -0.0233525
-0.58  1  -0.58  -0.3272  0.959552  -0.78588  -0.0479308
-0.576  1  -0.576  -0.336448  0.963588  -0.773605  -0.0723946
-0.572  1  -0.572  -0.345632  0.967403  -0.761077  -0.0967309
-0.568  1  -0.568  -0.354752  0.970998  -0.748302  -0.120927
-0.564  1  -0.564  -0.363808  0.974375  -0.735287  -0.144971
-0.56  1  -0.56  -0.3728  0.977536  -0.72204  -0.168851
-0.556  1  -0.556  -0.381728  0.980482  -0.708567  -0.192555
-0.552  1  -0.552  -0.390592  0.983214  -0.694876  -0.216071
-0.548  1  -0.548  -0.399392  0.985734  -0.680972  -0.239388
-0.544  1  -0.544  -0.408128  0.988043  -0.666863  -0.262496
-0.54  1  -0.54  -0.4168  0.990144  -0.652556  -0.285384
-0.536  1  -0.536  -0.425408  0.992037  -0.638056  -0.308041
-0.532  1  -0.532  -0.433952  0.993725  -0.623371  -0.330458
-0.528  1  -0.528  -0.442432  0.995208  -0.608508  -0.352624
-0.524  1  -0.524  -0.450848  0.996489  -0.593472  -0.37453
-0.52  1  -0.52  -0.4592  0.997568  -0.578271  -0.396166
-0.516  1  -0.516  -0.467488  0.998448  -0.56291  -0.417525
-0.512  1  -0.512  -0.475712  0.999129  -0.547396  -0.438595
-0.508  1  -0.508  -0.483872  0.999614  -0.531736  -0.45937
-0.504  1  -0.504  -0.491968  0.999904  -0.515935  -0.479841
-0.5  1  -0.5  -0.5  1  -0.5  -0.5
-0.496  1  -0.496  -0.507968  0.999904  -0.483937  -0.519839
-0.492  1  -0.492  -0.515872  0.999618  -0.467752  -0.53935
-0.488  1  -0.488  -0.523712  0.999143  -0.451451  -0.558526
-0.484  1  -0.484  -0.531488  0.99848  -0.435041  -0.577361
-0.48  1  -0.48  -0.5392  0.997632  -0.418527  -0.595846
-0.476  1  -0.476  -0.546848  0.996599  -0.401915  -0.613977
-0.472  1  -0.472  -0.554432  0.995384  -0.38521  -0.631745
-0.468  1  -0.468  -0.561952  0.993987  -0.36842  -0.649146
-0.464  1  -0.464  -0.569408  0.992411  -0.351549  -0.666173
-0.46  1  -0.46  -0.5768  0.990656  -0.334604  -0.682821
-0.456  1  -0.456  -0.584128  0.988725  -0.317589  -0.699084
-0.452  1  -0.452  -0.591392  0.986618  -0.300511  -0.714956
-0.448  1  -0.448  -0.598592  0.984338  -0.283375  -0.730434
-0.444  1  -0.444  -0.605728  0.981886  -0.266187  -0.745512
-0.44  1  -0.44  -0.6128  0.979264  -0.248952  -0.760186
-0.436  1  -0.436  -0.619808  0.976473  -0.231676  -0.774451
-0.432  1  -0.432  -0.626752  0.973514  -0.214364  -0.788303
-0.428  1  -0.428  -0.633632  0.970389  -0.197021  -0.801739
-0.424  1  -0.424  -0.640448  0.9671  -0.179653  -0.814754
-0.42  1  -0.42  -0.6472  0.963648  -0.162264  -0.827346
-0.416  1  -0.416  -0.653888  0.960035  -0.144861  -0.83951
-0.412  1  -0.412  -0.660512  0.956262  -0.127448  -0.851245
-0.408  1  -0.408  -0.667072  0.952331  -0.11003  -0.862546
-0.404  1  -0.404  -0.673568  0.948243  -0.0926123  -0.873412
-0.4  1  -0.4  -0.68  0.944  -0.0752  -0.88384
-0.396  1  -0.396  -0.686368  0.939603  -0.0577979  -0.893827
-0.392  1  -0.392  -0.692672  0.935055  -0.040411  -0.903373
-0.388  1  -0.388  -0.698912  0.930356  -0.023044  -0.912474
-0.384  1  -0.384  -0.705088  0.925508  -0.00570182  -0.921129
-0.38  1  -0.38  -0.7112  0.920512  0.0116109  -0.929336
-0.376  1  -0.376  -0.717248  0.91537  0.0288894  -0.937095
-0.372  1  -0.372  -0.723232  0.910085  0.0461291  -0.944405
-0.368  1  -0.368  -0.729152  0.904656  0.0633253  -0.951263
-0.364  1  -0.364  -0.735008  0.899086  0.0804735  -0.957671
-0.36  1  -0.36  -0.7408  0.893376  0.0975693  -0.963626
-0.356  1  -0.356  -0.746528  0.887528  0.114608  -0.969129
-0.352  1  -0.352  -0.752192  0.881543  0.131586  -0.974179
-0.348  1  -0.348  -0.757792  0.875423  0.148497  -0.978777
-0.344  1  -0.344  -0.763328  0.86917  0.165339  -0.982923
-0.34  1  -0.34  -0.7688  0.862784  0.182107  -0.986617
-0.336  1  -0.336  -0.774208  0.856268  0.198796  -0.989859
-0.332  1  -0.332  -0.779552  0.849623  0.215403  -0.99265
-0.328  1  -0.328  -0.784832  0.84285  0.231923  -0.994991
-0.324  1  -0.324  -0.790048  0.835951  0.248352  -0.996883
-0.32  1  -0.32  -0.7952  0.828928  0.264686  -0.998327
-0.316  1  -0.316  -0.800288  0.821782  0.280922  -0.999325
-0.312  1  -0.312  -0.805312  0.814515  0.297055  -0.999877
-0.308  1  -0.308  -0.810272  0.807128  0.313081  -0.999986
-0.304  1  -0.304  -0.815168  0.799622  0.328998  -0.999653
-0.3  1  -0.3  -0.82  0.792  0.3448  -0.99888
-0.296  1  -0.296  -0.824768  0.784263  0.360485  -0.997669
-0.292  1  -0.292  -0.829472  0.776412  0.376048  -0.996023
-0.288  1  -0.288  -0.834112  0.768449  0.391486  -0.993944
-0.284  1  -0.284  -0.838688  0.760375  0.406795  -0.991434
-0.28  1  -0.28  -0.8432  0.752192  0.421972  -0.988497
-0.276  1  -0.276  -0.847648  0.743902  0.437014  -0.985134
-0.272  1  -0.272  -0.852032  0.735505  0.451917  -0.981348
-0.268  1  -0.268  -0.856352  0.727005  0.466677  -0.977144
-0.264  1  -0.264  -0.860608  0.718401  0.481292  -0.972523
-0.26  1  -0.26  -0.8648  0.709696  0.495758  -0.96749
-0.256  1  -0.256  -0.868928  0.700891  0.510072  -0.962048
-0.252  1  -0.252  -0.872992  0.691988  0.52423  -0.9562
-0.248  1  -0.248  -0.876992  0.682988  0.53823  -0.94995
-0.244  1  -0.244  -0.880928  0.673893  0.552068  -0.943302
-0.24  1  -0.24  -0.8848  0.664704  0.565742  -0.93626
-0.236  1  -0.236  -0.888608  0.655423  0.579248  -0.928828
-0.232  1  -0.232  -0.892352  0.646051  0.592584  -0.92101
-0.228  1  -0.228  -0.896032  0.636591  0.605747  -0.912811
-0.224  1  -0.224  -0.899648  0.627042  0.618733  -0.904235
-0.22  1  -0.22  -0.9032  0.617408  0.63154  -0.895286
-0.216  1  -0.216  -0.906688  0.607689  0.644166  -0.885969
-0.212  1  -0.212  -0.910112  0.597887  0.656608  -0.876289
-0.208  1  -0.208  -0.913472  0.588004  0.668862  -0.866251
-0.204  1  -0.204  -0.916768  0.578041  0.680927  -0.85586
-0.2  1  -0.2  -0.92  0.568  0.6928  -0.84512
-0.196  1  -0.196  -0.923168  0.557882  0.704478  -0.834037
-0.192  1  -0.192  -0.926272  0.547688  0.71596  -0.822617
-0.188  1  -0.188  -0.929312  0.537421  0.727242  -0.810864
-0.184  1  -0.184  -0.932288  0.527082  0.738322  -0.798784
-0.18  1  -0.18  -0.9352  0.516672  0.749198  -0.786383
-0.176  1  -0.176  -0.938048  0.506193  0.759868  -0.773666
-0.172  1  -0.172  -0.940832  0.495646  0.77033  -0.76064
-0.168  1  -0.168  -0.943552  0.485033  0.780581  -0.747309
-0.164  1  -0.164  -0.946208  0.474356  0.790619  -0.733679
-0.16  1  -0.16  -0.9488  0.463616  0.800443  -0.719758
-0.156  1  -0.156  -0.951328  0.452814  0.81005  -0.70555
-0.152  1  -0.152  -0.953792  0.441953  0.819438  -0.691062
-0.148  1  -0.148  -0.956192  0.431033  0.828606  -0.6763
-0.144  1  -0.144  -0.958528  0.420056  0.837552  -0.661271
-0.14  1  -0.14  -0.9608  0.409024  0.846273  -0.645981
-0.136  1  -0.136  -0.963008  0.397938  0.854769  -0.630435
-0.132  1  -0.132  -0.965152  0.3868  0.863037  -0.614642
-0.128  1  -0.128  -0.967232  0.375611  0.871075  -0.598607
-0.124  1  -0.124  -0.969248  0.364374  0.878883  -0.582337
-0.12  1  -0.12  -0.9712  0.353088  0.886459  -0.565838
-0.116  1  -0.116  -0.973088  0.341756  0.893801  -0.549118
-0.112  1  -0.112  -0.974912  0.33038  0.900907  -0.532183
-0.108  1  -0.108  -0.976672  0.318961  0.907776  -0.515041
-0.104  1  -0.104  -0.978368  0.307501  0.914408  -0.497697
-0.1  1  -0.1  -0.98  0.296  0.9208  -0.48016
-0.096  1  -0.096  -0.981568  0.284461  0.926951  -0.462436
-0.092  1  -0.092  -0.983072  0.272885  0.932861  -0.444532
-0.088  1  -0.088  -0.984512  0.261274  0.938528  -0.426455
-0.084  1  -0.084  -0.985888  0.249629  0.94395  -0.408213
-0.08  1  -0.08  -0.9872  0.237952  0.949128  -0.389812
-0.076  1  -0.076  -0.988448  0.226244  0.954059  -0.371261
-0.072  1  -0.072  -0.989632  0.214507  0.958743  -0.352566
-0.068  1  -0.068  -0.990752  0.202742  0.963179  -0.333735
-0.064  1  -0.064  -0.991808  0.190951  0.967366  -0.314774
-0.06  1  -0.06  -0.9928  0.179136  0.971304  -0.295692
-0.056  1  -0.056  -0.993728  0.167298  0.974991  -0.276496
-0.052  1  -0.052  -0.994592  0.155438  0.978426  -0.257194
-0.048  1  -0.048  -0.995392  0.143558  0.98161  -0.237792
-0.044  1  -0.044  -0.996128  0.131659  0.984542  -0.218299
-0.04  1  -0.04  -0.9968  0.119744  0.98722  -0.198722
-0.036  1  -0.036  -0.997408  0.107813  0.989645  -0.179068
-0.032  1  -0.032  -0.997952  0.0958689  0.991816  -0.159345
-0.028  1  -0.028  -0.998432  0.0839122  0.993733  -0.139561
-0.024  1  -0.024  -0.998848  0.0719447  0.995395  -0.119724
-0.02  1  -0.02  -0.9992  0.059968  0.996801  -0.0998401
-0.016  1  -0.016  -0.999488  0.0479836  0.997953  -0.0799181
-0.012  1  -0.012  -0.999712  0.0359931  0.998848  -0.0599654
-0.008  1  -0.008  -0.999872  0.023998  0.999488  -0.0399898
-0.004  1  -0.004  -0.999968  0.0119997  0.999872  -0.0199987
0  1  0  -1  -0  1  0
0.004  1  0.004  -0.999968  -0.0119997  0.999872  0.0199987
0.008  1  0.008  -0.999872  -0.023998  0.999488  0.0399898
0.012  1  0.012  -0.999712  -0.0359931  0.998848  0.0599654
0.016  1  0.016  -0.999488  -0.0479836  0.997953  0.0799181
0.02  1  0.02  -0.9992  -0.059968  0.996801  0.0998401
0.024  1  0.024  -0.998848  -0.0719447  0.995395  0.119724
0.028  1  0.028  -0.998432  -0.0839122  0.993733  0.139561
0.032  1  0.032  -0.997952  -0.0958689  0.991816  0.159345
0.036  1  0.036  -0.997408  -0.107813  0.989645  0.179068
0.04  1  0.04  -0.9968  -0.119744  0.98722  0.198722
0.044  1  0.044  -0.996128  -0.131659  0.984542  0.218299
0.048  1  0.048  -0.995392  -0.143558  0.98161  0.237792
0.052  1  0.052  -0.994592  -0.155438  0.978426  0.257194
0.056  1  0.056  -0.993728  -0.167298  0.974991  0.276496
0.06  1  0.06  -0.9928  -0.179136  0.971304  0.295692
0.064  1  0.064  -0.991808  -0.190951  0.967366  0.314774
0.068  1  0.068  -0.990752  -0.202742  0.963179  0.333735
0.072  1  0.072  -0.989632  -0.214507  0.958743  0.352566
0.076  1  0.076  -0.988448  -0.226244  0.954059  0.371261
0.08  1  0.08  -0.9872  -0.237952  0.949128  0.389812
0.084  1  0.084  -0.985888  -0.249629  0.94395  0.408213
0.088  1  0.088  -0.984512  -0.261274  0.938528  0.426455
0.092  1  0.092  -0.983072  -0.272885  0.932861  0.444532
0.096  1  0.096  -0.981568  -0.284461  0.926951  0.462436
0.1  1  0.1  -0.98  -0.296  0.9208  0.48016
0.104  1  0.104  -0.978368  -0.307501  0.914408  0.497697
0.108  1  0.108  -0.976672  -0.318961  0.907776  0.515041
0.112  1  0.112  -0.974912  -0.33038  0.900907  0.532183
0.116  1  0.116  -0.973088  -0.341756  0.893801  0.549118
0.12  1  0.12  -0.9712  -0.353088  0.886459  0.565838
0.124  1  0.124  -0.969248  -0.364374  0.878883  0.582337
0.128  1  0.128  -0.967232  -0.375611  0.871075  0.598607
0.132  1  0.132  -0.965152  -0.3868  0.863037  0.614642
0.136  1  0.136  -0.963008  -0.397938  0.854769  0.630435
0.14  1  0.14  -0.9608  -0.409024  0.846273  0.645981
0.144  1  0.144  -0.958528  -0.420056  0.837552  0.661271
0.148  1  0.148  -0.956192  -0.431033  0.828606  0.6763
0.152  1  0.152  -0.953792  -0.441953  0.819438  0.691062
0.156  1  0.156  -0.951328  -0.452814  0.81005  0.70555
0.16  1  0.16  -0.9488  -0.463616  0.800443  0.719758
0.164  1  0.164  -0.946208  -0.474356  0.790619  0.733679
0.168  1  0.168  -0.943552  -0.485033  0.780581  0.747309
0.172  1  0.172  -0.940832  -0.495646  0.77033  0.76064
0.176  1  0.176  -0.938048  -0.506193  0.759868  0.773666
0.18  1  0.18  -0.9352  -0.516672  0.749198  0.786383
0.184  1  0.184  -0.932288  -0.527082  0.738322  0.798784
0.188  1  0.188  -0.929312  -0.537421  0.727242  0.810864
0.192  1  0.192  -0.926272  -0.547688  0.71596  0.822617
0.196  1  0.196  -0.923168  -0.557882  0.704478  0.834037
0.2  1  0.2  -0.92  -0.568  0.6928  0.84512
0.204  1  0.204  -0.916768  -0.578041  0.680927  0.85586
0.208  1  0.208  -0.913472  -0.588004  0.668862  0.866251
0.212  1  0.212  -0.910112  -0.597887  0.656608  0.876289
0.216  1  0.216  -0.906688  -0.607689  0.644166  0.885969
0.22  1  0.22  -0.9032  -0.617408  0.63154  0.895286
0.224  1  0.224  -0.899648  -0.627042  0.618733  0.904235
0.228  1  0.228  -0.896032  -0.636591  0.605747  0.912811
0.232  1  0.232  -0.892352  -0.646051  0.592584  0.92101
0.236  1  0.236  -0.888608  -0.655423  0.579248  0.928828
0.24  1  0.24  -0.8848  -0.664704  0.565742  0.93626
0.244  1  0.244  -0.880928  -0.673893  0.552068  0.943302
0.248  1  0.248  -0.876992  -0.682988  0.53823  0.94995
0.252  1  0.252  -0.872992  -0.691988  0.52423  0.9562
0.256  1  0.256  -0.868928  -0.700891  0.510072  0.962048
0.26  1  0.26  -0.8648  -0.709696  0.495758  0.96749
0.264  1  0.264  -0.860608  -0.718401  0.481292  0.972523
0.268  1  0.268  -0.856352  -0.727005  0.466677  0.977144
0.272  1  0.272  -0.852032  -0.735505  0.451917  0.981348
0.276  1  0.276  -0.847648  -0.743902  0.437014  0.985134
0.28  1  0.28  -0.8432  -0.752192  0.421972  0.988497
0.284  1  0.284  -0.838688  -0.760375  0.406795  0.991434
0.288  1  0.288  -0.834112  -0.768449  0.391486  0.993944
0.292  1  0.292  -0.829472  -0.776412  0.376048  0.996023
0.296  1  0.296  -0.824768  -0.784263  0.360485  0.997669
0.3  1  0.3  -0.82  -0.792  0.3448  0.99888
0.304  1  0.304  -0.815168  -0.799622  0.328998  0.999653
0.308  1  0.308  -0.810272  -0.807128  0.313081  0.999986
0.312  1  0.312  -0.805312  -0.814515  0.297055  0.999877
0.316  1  0.316  -0.800288  -0.821782  0.280922  0.999325
0.32  1  0.32  -0.7952  -0.828928  0.264686  0.998327
0.324  1  0.324  -0.790048  -0.835951  0.248352  0.996883
0.328  1  0.328  -0.784832  -0.84285  0.231923  0.994991
0.332  1  0.332  -0.779552  -0.849623  0.215403  0.99265
0.336  1  0.336  -0.774208  -0.856268  0.198796  0.989859
0.34  1  0.34  -0.7688  -0.862784  0.182107  0.986617
0.344  1  0.344  -0.763328  -0.86917  0.165339  0.982923
0.348  1  0.348  -0.757792  -0.875423  0.148497  0.978777
0.352  1  0.352  -0.752192  -0.881543  0.131586  0.974179
0.356  1  0.356  -0.746528  -0.887528  0.114608  0.969129
0.36  1  0.36  -0.7408  -0.893376  0.0975693  0.963626
0.364  1  0.364  -0.735008  -0.899086  0.0804735  0.957671
0.368  1  0.368  -0.729152  -0.904656  0.0633253  0.951263
0.372  1  0.372  -0.723232  -0.910085  0.0461291  0.944405
0.376  1  0.376  -0.717248  -0.91537  0.0288894  0.937095
0.38  1  0.38  -0.7112  -0.920512  0.0116109  0.929336
0.384  1  0.384  -0.705088  -0.925508  -0.00570182  0.921129
0.388  1  0.388  -0.698912  -0.930356  -0.023044  0.912474
0.392  1  0.392  -0.692672  -0.935055  -0.040411  0.903373
0.396  1  0.396  -0.686368  -0.939603  -0.0577979  0.893827
0.4  1  0.4  -0.68  -0.944  -0.0752  0.88384
0.404  1  0.404  -0.673568  -0.948243  -0.0926123  0.873412
0.408  1  0.408  -0.667072  -0.952331  -0.11003  0.862546
0.412  1  0.412  -0.660512  -0.956262  -0.127448  0.851245
0.416  1  0.416  -0.653888  -0.960035  -0.144861  0.83951
0.42  1  0.42  -0.6472  -0.963648  -0.162264  0.827346
0.424  1  0.424  -0.640448  -0.9671  -0.179653  0.814754
0.428  1  0.428  -0.633632  -0.970389  -0.197021  0.801739
0.432  1  0.432  -0.626752  -0.973514  -0.214364  0.788303
0.436  1  0.436  -0.619808  -0.976473  -0.231676  0.774451
0.44  1  0.44  -0.6128  -0.979264  -0.248952  0.760186
0.444  1  0.444  -0.605728  -0.981886  -0.266187  0.745512
0.448  1  0.448  -0.598592  -0.984338  -0.283375  0.730434
0.452  1  0.452  -0.591392  -0.986618  -0.300511  0.714956
0.456  1  0.456  -0.584128  -0.988725  -0.317589  0.699084
0.46  1  0.46  -0.5768  -0.990656  -0.334604  0.682821
0.464  1  0.464  -0.569408  -0.992411  -0.351549  0.666173
0.468  1  0.468  -0.561952  -0.993987  -0.36842  0.649146
0.472  1  0.472  -0.554432  -0.995384  -0.38521  0.631745
0.476  1  0.476  -0.546848  -0.996599  -0.401915  0.613977
0.48  1  0.48  -0.5392  -0.997632  -0.418527  0.595846
0.484  1  0.484  -0.531488  -0.99848  -0.435041  0.577361
0.488  1  0.488  -0.523712  -0.999143  -0.451451  0.558526
0.492  1  0.492  -0.515872  -0.999618  -0.467752  0.53935
0.496  1  0.496  -0.507968  -0.999904  -0.483937  0.519839
0.5  1  0.5  -0.5  -1  -0.5  0.5
0.504  1  0.504  -0.491968  -0.999904  -0.515935  0.479841
0.508  1  0.508  -0.483872  -0.999614  -0.531736  0.45937
0.512  1  0.512  -0.475712  -0.999129  -0.547396  0.438595
0.516  1  0.516  -0.467488  -0.998448  -0.56291  0.417525
0.52  1  0.52  -0.4592  -0.997568  -0.578271  0.396166
0.524  1  0.524  -0.450848  -0.996489  -0.593472  0.37453
0.528  1  0.528  -0.442432  -0.995208  -0.608508  0.352624
0.532  1  0.532  -0.433952  -0.993725  -0.623371  0.330458
0.536  1  0.536  -0.425408  -0.992037  -0.638056  0.308041
0.54  1  0.54  -0.4168  -0.990144  -0.652556  0.285384
0.544  1  0.544  -0.408128  -0.988043  -0.666863  0.262496
0.548  1  0.548  -0.399392  -0.985734  -0.680972  0.239388
0.552  1  0.552  -0.390592  -0.983214  -0.694876  0.216071
0.556  1  0.556  -0.381728  -0.980482  -0.708567  0.192555
0.56  1  0.56  -0.3728  -0.977536  -0.72204  0.168851
0.564  1  0.564  -0.363808  -0.974375  -0.735287  0.144971
0.568  1  0.568  -0.354752  -0.970998  -0.748302  0.120927
0.572  1  0.572  -0.345632  -0.967403  -0.761077  0.0967309
0.576  1  0.576  -0.336448  -0.963588  -0.773605  0.0723946
0.58  1  0.58  -0.3272  -0.959552  -0.78588  0.0479308
0.584  1  0.584  -0.317888  -0.955293  -0.797894  0.0233525
0.588  1  0.588  -0.308512  -0.95081  -0.809641  -0.00132734
0.592  1  0.592  -0.299072  -0.946101  -0.821112  -0.0260952
0.596  1  0.596  -0.289568  -0.941165  -0.832301  -0.0509374
0.6  1  0.6  -0.28  -0.936  -0.8432  -0.07584
0.604  1  0.604  -0.270368  -0.930605  -0.853802  -0.100789
0.608  1  0.608  -0.260672  -0.924977  -0.8641  -0.125769
0.612  1  0.612  -0.250912  -0.919116  -0.874086  -0.150765
0.616  1  0.616  -0.241088  -0.91302  -0.883753  -0.175763
0.62  1  0.62  -0.2312  -0.906688  -0.893093  -0.200747
0.624  1  0.624  -0.221248  -0.900118  -0.902099  -0.225702
0.628  1  0.628  -0.211232  -0.893307  -0.910762  -0.25061
0.632  1  0.632  -0.201152  -0.886256  -0.919076  -0.275456
0.636  1  0.636  -0.191008  -0.878962  -0.927032  -0.300222
0.64  1  0.64  -0.1808  -0.871424  -0.934623  -0.324893
0.644  1  0.644  -0.170528  -0.86364  -0.94184  -0.34945
0.648  1  0.648  -0.160192  -0.855609  -0.948677  -0.373877
0.652  1  0.652  -0.149792  -0.847329  -0.955125  -0.398154
0.656  1  0.656  -0.139328  -0.838798  -0.961175  -0.422264
0.66  1  0.66  -0.1288  -0.830016  -0.966821  -0.446188
0.664  1  0.664  -0.118208  -0.82098  -0.972054  -0.469907
0.668  1  0.668  -0.107552  -0.811689  -0.976865  -0.493402
0.672  1  0.672  -0.096832  -0.802142  -0.981247  -0.516654
0.676  1  0.676  -0.086048  -0.792337  -0.985191  -0.539642
0.68  1  0.68  -0.0752  -0.782272  -0.98869  -0.562346
0.684  1  0.684  -0.064288  -0.771946  -0.991734  -0.584746
0.688  1  0.688  -0.053312  -0.761357  -0.994316  -0.606821
0.692  1  0.692  -0.042272  -0.750504  -0.996426  -0.628549
0.696  1  0.696  -0.031168  -0.739386  -0.998057  -0.64991
0.7  1  0.7  -0.02  -0.728  -0.9992  -0.67088
0.704  1  0.704  -0.008768  -0.716345  -0.999846  -0.691438
0.708  1  0.708  0.002528  -0.70442  -0.999987  -0.711562
0.712  1  0.712  0.013888  -0.692223  -0.999614  -0.731227
0.716  1  0.716  0.025312  -0.679753  -0.998719  -0.750412
0.72  1  0.72  0.0368  -0.667008  -0.997292  -0.769092
0.724  1  0.724  0.048352  -0.653986  -0.995324  -0.787243
0.728  1  0.728  0.059968  -0.640687  -0.992808  -0.804841
0.732  1  0.732  0.071648  -0.627107  -0.989733  -0.821862
0.736  1  0.736  0.083392  -0.613247  -0.986092  -0.83828
0.74  1  0.74  0.0952  -0.599104  -0.981874  -0.854069
0.744  1  0.744  0.107072  -0.584677  -0.977071  -0.869205
0.748  1  0.748  0.119008  -0.569964  -0.971674  -0.883661
0.752  1  0.752  0.131008  -0.554964  -0.965674  -0.897409
0.756  1  0.756  0.143072  -0.539675  -0.959061  -0.910425
0.76  1  0.76  0.1552  -0.524096  -0.951826  -0.922679
0.764  1  0.764  0.167392  -0.508225  -0.94396  -0.934146
0.768  1  0.768  0.179648  -0.492061  -0.935453  -0.944795
0.772  1  0.772  0.191968  -0.475601  -0.926297  -0.954601
0.776  1  0.776  0.204352  -0.458846  -0.916481  -0.963532
0.78  1  0.78  0.2168  -0.441792  -0.905996  -0.971561
0.784  1  0.784  0.229312  -0.424439  -0.894832  -0.978658
0.788  1  0.788  0.241888  -0.406785  -0.88298  -0.984793
0.792  1  0.792  0.254528  -0.388828  -0.870431  -0.989935
0.796  1  0.796  0.267232  -0.370567  -0.857174  -0.994055
0.8  1  0.8  0.28  -0.352  -0.8432  -0.99712
0.804  1  0.804  0.292832  -0.333126  -0.828499  -0.9991
0.808  1  0.808  0.305728  -0.313944  -0.813061  -0.999963
0.812  1  0.812  0.318688  -0.294451  -0.796876  -0.999676
0.816  1  0.816  0.331712  -0.274646  -0.779934  -0.998207
0.82  1  0.82  0.3448  -0.254528  -0.762226  -0.995523
0.824  1  0.824  0.357952  -0.234095  -0.743741  -0.99159
0.828  1  0.828  0.371168  -0.213346  -0.724469  -0.986374
0.832  1  0.832  0.384448  -0.192279  -0.704399  -0.979842
0.836  1  0.836  0.397792  -0.170892  -0.683523  -0.971959
0.84  1  0.84  0.4112  -0.149184  -0.661829  -0.962689
0.844  1  0.844  0.424672  -0.127154  -0.639307  -0.951997
0.848  1  0.848  0.438208  -0.104799  -0.615947  -0.939848
0.852  1  0.852  0.451808  -0.0821192  -0.591739  -0.926204
0.856  1  0.856  0.465472  -0.0591119  -0.566672  -0.91103
0.86  1  0.86  0.4792  -0.035776  -0.540735  -0.894288
0.864  1  0.864  0.492992  -0.0121098  -0.513918  -0.87594
0.868  1  0.868  0.506848  0.0118881  -0.48621  -0.855949
0.872  1  0.872  0.520768  0.0362194  -0.457601  -0.834276
0.876  1  0.876  0.534752  0.0608855  -0.428081  -0.810883
0.88  1  0.88  0.5488  0.085888  -0.397637  -0.785729
0.884  1  0.884  0.562912  0.111228  -0.36626  -0.758776
0.888  1  0.888  0.577088  0.136908  -0.333939  -0.729984
0.892  1  0.892  0.591328  0.162929  -0.300662  -0.699311
0.896  1  0.896  0.605632  0.189293  -0.26642  -0.666717
0.9  1  0.9  0.62  0.216  -0.2312  -0.63216
0.904  1  0.904  0.634432  0.243053  -0.194992  -0.595599
0.908  1  0.908  0.648928  0.270453  -0.157785  -0.556991
0.912  1  0.912  0.663488  0.298202  -0.119567  -0.516293
0.916  1  0.916  0.678112  0.326301  -0.0803282  -0.473463
0.92  1  0.92  0.6928  0.354752  -0.0400563  -0.428456
0.924  1  0.924  0.707552  0.383556  0.00125967  -0.381228
0.928  1  0.928  0.722368  0.412715  0.0436311  -0.331736
0.932  1  0.932  0.737248  0.44223  0.0870692  -0.279933
0.936  1  0.936  0.752192  0.472103  0.131586  -0.225775
0.94  1  0.94  0.7672  0.502336  0.177192  -0.169216
0.944  1  0.944  0.782272  0.53293  0.223899  -0.110208
0.948  1  0.948  0.797408  0.563886  0.271719  -0.0487063
0.952  1  0.952  0.812608  0.595206  0.320664  0.0153377
0.956  1  0.956  0.827872  0.626891  0.370744  0.0819714
0.96  1  0.96  0.8432  0.658944  0.421972  0.151243
0.964  1  0.964  0.858592  0.691365  0.47436  0.223202
0.968  1  0.968  0.874048  0.724157  0.52792  0.297896
0.972  1  0.972  0.889568  0.75732  0.582662  0.375376
0.976  1  0.976  0.905152  0.790857  0.6386  0.455691
0.98  1  0.98  0.9208  0.824768  0.695745  0.538893
0.984  1  0.984  0.936512  0.859056  0.754109  0.625032
0.988  1  0.988  0.952288  0.893721  0.813705  0.71416
0.992  1  0.992  0.968128  0.928766  0.874544  0.806329
0.996  1  0.996  0.984032  0.964192  0.936638  0.901591
1  1  1  1  1  1  1
