-1  1  -2  3  -4  5  -6
-0.996  1  -1.992  2.96806  -3.92038  4.84134  -5.72357
-0.992  1  -1.984  2.93626  -3.84153  4.68534  -5.45419
-0.988  1  -1.976  2.90458  -3.76344  4.53199  -5.19176
-0.984  1  -1.968  2.87302  -3.68611  4.38124  -4.93617
-0.98  1  -1.96  2.8416  -3.60954  4.23309  -4.68732
-0.976  1  -1.952  2.8103  -3.53371  4.0875  -4.4451
-0.972  1  -1.944  2.77914  -3.45864  3.94446  -4.20939
-0.968  1  -1.936  2.7481  -3.38431  3.80394  -3.98011
-0.964  1  -1.928  2.71718  -3.31073  3.6659  -3.75713
-0.96  1  -1.92  2.6864  -3.23789  3.53034  -3.54037
-0.956  1  -1.912  2.65574  -3.16578  3.39723  -3.32973
-0.952  1  -1.904  2.62522  -3.09441  3.26654  -3.12509
-0.948  1  -1.896  2.59482  -3.02377  3.13825  -2.92636
-0.944  1  -1.888  2.56454  -2.95386  3.01234  -2.73344
-0.94  1  -1.88  2.5344  -2.88467  2.88878  -2.54624
-0.936  1  -1.872  2.50438  -2.81621  2.76756  -2.36466
-0.932  1  -1.864  2.4745  -2.74846  2.64863  -2.18859
-0.928  1  -1.856  2.44474  -2.68143  2.532  -2.01796
-0.924  1  -1.848  2.4151  -2.61511  2.41762  -1.85266
-0.92  1  -1.84  2.3856  -2.5495  2.30549  -1.69259
-0.916  1  -1.832  2.35622  -2.4846  2.19557  -1.53768
-0.912  1  -1.824  2.32698  -2.4204  2.08784  -1.38782
-0.908  1  -1.816  2.29786  -2.35691  1.98229  -1.24293
-0.904  1  -1.808  2.26886  -2.29411  1.87888  -1.10291
-0.9  1  -1.8  2.24  -2.232  1.7776  -0.96768
-0.896  1  -1.792  2.21126  -2.17059  1.67842  -0.837152
-0.892  1  -1.784  2.18266  -2.10986  1.58133  -0.711237
-0.888  1  -1.776  2.15418  -2.04982  1.4863  -0.589849
-0.884  1  -1.768  2.12582  -1.99046  1.3933  -0.472904
-0.88  1  -1.76  2.0976  -1.93178  1.30233  -0.360317
-0.876  1  -1.752  2.0695  -1.87377  1.21334  -0.252006
-0.872  1  -1.744  2.04154  -1.81644  1.12633  -0.147886
-0.868  1  -1.736  2.0137  -1.75978  1.04128  -0.0478782
-0.864  1  -1.728  1.98598  -1.70378  0.958148  0.0480998
-0.86  1  -1.72  1.9584  -1.64845  0.876931  0.140127
-0.856  1  -1.712  1.93094  -1.59378  0.797601  0.228284
-0.852  1  -1.704  1.90362  -1.53976  0.720138  0.312647
-0.848  1  -1.696  1.87642  -1.4864  0.644521  0.393294
-0.844  1  -1.688  1.84934  -1.43369  0.570729  0.470302
-0.84  1  -1.68  1.8224  -1.38163  0.498742  0.543746
-0.836  1  -1.672  1.79558  -1.33022  0.428538  0.613701
-0.832  1  -1.664  1.7689  -1.27944  0.360097  0.680241
-0.828  1  -1.656  1.74234  -1.22931  0.293399  0.74344
-0.824  1  -1.648  1.7159  -1.17981  0.228423  0.803369
-0.82  1  -1.64  1.6896  -1.13094  0.165148  0.860101
-0.816  1  -1.632  1.66342  -1.08271  0.103555  0.913706
-0.812  1  -1.624  1.63738  -1.0351  0.0436242  0.964253
-0.808  1  -1.616  1.61146  -0.988113  -0.0146656  1.01181
-0.804  1  -1.608  1.58566  -0.941748  -0.0713337  1.05645
-0.8  1  -1.6  1.56  -0.896  -0.1264  1.09824
-0.796  1  -1.592  1.53446  -0.850867  -0.179884  1.13724
-0.792  1  -1.584  1.50906  -0.806345  -0.231806  1.17353
-0.788  1  -1.576  1.48378  -0.762431  -0.282185  1.20715
-0.784  1  -1.568  1.45862  -0.719122  -0.33104  1.23819
-0.78  1  -1.56  1.4336  -0.676416  -0.378391  1.26671
-0.776  1  -1.552  1.4087  -0.634309  -0.424257  1.29276
-0.772  1  -1.544  1.38394  -0.592797  -0.468657  1.3164
-0.768  1  -1.536  1.3593  -0.551879  -0.51161  1.33771
-0.764  1  -1.528  1.33478  -0.51155  -0.553136  1.35674
-0.76  1  -1.52  1.3104  -0.471808  -0.593252  1.37355
-0.756  1  -1.512  1.28614  -0.43265  -0.631978  1.3882
-0.752  1  -1.504  1.26202  -0.394072  -0.669332  1.40075
-0.748  1  -1.496  1.23802  -0.356072  -0.705332  1.41125
-0.744  1  -1.488  1.21414  -0.318646  -0.739998  1.41976
-0.74  1  -1.48  1.1904  -0.281792  -0.773348  1.42635
-0.736  1  -1.472  1.16678  -0.245506  -0.805399  1.43105
-0.732  1  -1.464  1.1433  -0.209785  -0.83617  1.43394
-0.728  1  -1.456  1.11994  -0.174627  -0.865679  1.43506
-0.724  1  -1.448  1.0967  -0.140027  -0.893944  1.43446
-0.72  1  -1.44  1.0736  -0.105984  -0.920983  1.4322
-0.716  1  -1.432  1.05062  -0.0724936  -0.946813  1.42833
-0.712  1  -1.424  1.02778  -0.039553  -0.971452  1.4229
-0.708  1  -1.416  1.00506  -0.0071593  -0.994918  1.41596
-0.704  1  -1.408  0.982464  0.0246907  -1.01723  1.40757
-0.7  1  -1.4  0.96  0.056  -1.0384  1.39776
-0.696  1  -1.392  0.937664  0.0867717  -1.05845  1.38659
-0.692  1  -1.384  0.915456  0.117009  -1.0774  1.37411
-0.688  1  -1.376  0.893376  0.146715  -1.09526  1.36036
-0.684  1  -1.368  0.871424  0.175892  -1.11204  1.34538
-0.68  1  -1.36  0.8496  0.204544  -1.12778  1.32924
-0.676  1  -1.352  0.827904  0.232674  -1.14248  1.31196
-0.672  1  -1.344  0.806336  0.260284  -1.15616  1.29359
-0.668  1  -1.336  0.784896  0.287379  -1.16883  1.27418
-0.664  1  -1.328  0.763584  0.31396  -1.18052  1.25377
-0.66  1  -1.32  0.7424  0.340032  -1.19124  1.23241
-0.656  1  -1.312  0.721344  0.365597  -1.20101  1.21012
-0.652  1  -1.304  0.700416  0.390658  -1.20983  1.18697
-0.648  1  -1.296  0.679616  0.415218  -1.21774  1.16297
-0.644  1  -1.288  0.658944  0.43928  -1.22474  1.13818
-0.64  1  -1.28  0.6384  0.462848  -1.23085  1.11263
-0.636  1  -1.272  0.617984  0.485924  -1.23608  1.08637
-0.632  1  -1.264  0.597696  0.508512  -1.24046  1.05942
-0.628  1  -1.256  0.577536  0.530615  -1.24399  1.03183
-0.624  1  -1.248  0.557504  0.552235  -1.24669  1.00364
-0.62  1  -1.24  0.5376  0.573376  -1.24859  0.974871
-0.616  1  -1.232  0.517824  0.594041  -1.24968  0.945568
-0.612  1  -1.224  0.498176  0.614233  -1.25  0.915763
-0.608  1  -1.216  0.478656  0.633954  -1.24954  0.885492
-0.604  1  -1.208  0.459264  0.653209  -1.24834  0.854786
-0.6  1  -1.2  0.44  0.672  -1.2464  0.82368
-0.596  1  -1.192  0.420864  0.69033  -1.24374  0.792205
-0.592  1  -1.184  0.401856  0.708202  -1.24037  0.760393
-0.588  1  -1.176  0.382976  0.72562  -1.23631  0.728275
-0.584  1  -1.168  0.364224  0.742586  -1.23156  0.695881
-0.58  1  -1.16  0.3456  0.759104  -1.22616  0.663242
-0.576  1  -1.152  0.327104  0.775176  -1.22011  0.630387
-0.572  1  -1.144  0.308736  0.790806  -1.21342  0.597344
-0.568  1  -1.136  0.290496  0.805997  -1.20611  0.564142
-0.564  1  -1.128  0.272384  0.820751  -1.19819  0.530809
-0.56  1  -1.12  0.2544  0.835072  -1.18968  0.49737
-0.556  1  -1.112  0.236544  0.848963  -1.18059  0.463854
-0.552  1  -1.104  0.218816  0.862427  -1.17094  0.430286
-0.548  1  -1.096  0.201216  0.875467  -1.16073  0.396691
-0.544  1  -1.088  0.183744  0.888087  -1.14998  0.363094
-0.54  1  -1.08  0.1664  0.900288  -1.13871  0.32952
-0.536  1  -1.072  0.149184  0.912075  -1.12693  0.295992
-0.532  1  -1.064  0.132096  0.92345  -1.11465  0.262534
-0.528  1  -1.056  0.115136  0.934416  -1.10188  0.229169
-0.524  1  -1.048  0.098304  0.944977  -1.08864  0.195918
-0.52  1  -1.04  0.0816  0.955136  -1.07494  0.162803
-0.516  1  -1.032  0.065024  0.964895  -1.0608  0.129846
-0.512  1  -1.024  0.048576  0.974258  -1.04622  0.0970674
-0.508  1  -1.016  0.032256  0.983228  -1.03122  0.0644871
-0.504  1  -1.008  0.016064  0.991807  -1.01581  0.0321249
-0.5  1  -1  0  1  -1  0
-0.496  1  -0.992  -0.015936  1.00781  -0.98381  -0.0318689
-0.492  1  -0.984  -0.031744  1.01524  -0.967248  -0.0634638
-0.488  1  -0.976  -0.047424  1.02229  -0.950327  -0.0947667
-0.484  1  -0.968  -0.062976  1.02896  -0.933058  -0.125761
-0.48  1  -0.96  -0.0784  1.03526  -0.915453  -0.156429
-0.476  1  -0.952  -0.093696  1.0412  -0.897525  -0.186755
-0.472  1  -0.944  -0.108864  1.04677  -0.879285  -0.216723
-0.468  1  -0.936  -0.123904  1.05197  -0.860744  -0.246318
-0.464  1  -0.928  -0.138816  1.05682  -0.841914  -0.275525
-0.46  1  -0.92  -0.1536  1.06131  -0.822807  -0.30433
-0.456  1  -0.912  -0.168256  1.06545  -0.803434  -0.332718
-0.452  1  -0.904  -0.182784  1.06924  -0.783806  -0.360676
-0.448  1  -0.896  -0.197184  1.07268  -0.763934  -0.388192
-0.444  1  -0.888  -0.211456  1.07577  -0.74383  -0.415252
-0.44  1  -0.88  -0.2256  1.07853  -0.723505  -0.441844
-0.436  1  -0.872  -0.239616  1.08095  -0.702968  -0.467957
-0.432  1  -0.864  -0.253504  1.08303  -0.682232  -0.493579
-0.428  1  -0.856  -0.267264  1.08478  -0.661306  -0.5187
-0.424  1  -0.848  -0.280896  1.0862  -0.640201  -0.543309
-0.42  1  -0.84  -0.2944  1.0873  -0.618929  -0.567396
-0.416  1  -0.832  -0.307776  1.08807  -0.597498  -0.590951
-0.412  1  -0.824  -0.321024  1.08852  -0.57592  -0.613966
-0.408  1  -0.816  -0.334144  1.08866  -0.554204  -0.636431
-0.404  1  -0.808  -0.347136  1.08849  -0.532361  -0.658339
-0.4  1  -0.8  -0.36  1.088  -0.5104  -0.67968
-0.396  1  -0.792  -0.372736  1.08721  -0.488332  -0.700448
-0.392  1  -0.784  -0.385344  1.08611  -0.466166  -0.720636
-0.388  1  -0.776  -0.397824  1.08471  -0.443912  -0.740236
-0.384  1  -0.768  -0.410176  1.08302  -0.42158  -0.759242
-0.38  1  -0.76  -0.4224  1.08102  -0.399178  -0.777649
-0.376  1  -0.752  -0.434496  1.07874  -0.376717  -0.79545
-0.372  1  -0.744  -0.446464  1.07617  -0.354206  -0.81264
-0.368  1  -0.736  -0.458304  1.07331  -0.331653  -0.829215
-0.364  1  -0.728  -0.470016  1.07017  -0.309069  -0.845169
-0.36  1  -0.72  -0.4816  1.06675  -0.286461  -0.8605
-0.356  1  -0.712  -0.493056  1.06306  -0.26384  -0.875202
-0.352  1  -0.704  -0.504384  1.05909  -0.241213  -0.889273
-0.348  1  -0.696  -0.515584  1.05485  -0.218589  -0.902708
-0.344  1  -0.688  -0.526656  1.05034  -0.195977  -0.915507
-0.34  1  -0.68  -0.5376  1.04557  -0.173386  -0.927665
-0.336  1  -0.672  -0.548416  1.04054  -0.150824  -0.939182
-0.332  1  -0.664  -0.559104  1.03525  -0.128299  -0.950055
-0.328  1  -0.656  -0.569664  1.0297  -0.105819  -0.960282
-0.324  1  -0.648  -0.580096  1.0239  -0.0833926  -0.969864
-0.32  1  -0.64  -0.5904  1.01786  -0.0610278  -0.978798
-0.316  1  -0.632  -0.600576  1.01156  -0.0387325  -0.987085
-0.312  1  -0.624  -0.610624  1.00503  -0.0165143  -0.994724
-0.308  1  -0.616  -0.620544  0.998255  0.00561886  -1.00172
-0.304  1  -0.608  -0.630336  0.991244  0.0276595  -1.00806
-0.3  1  -0.6  -0.64  0.984  0.0496  -1.01376
-0.296  1  -0.592  -0.649536  0.976525  0.071433  -1.01881
-0.292  1  -0.584  -0.658944  0.968823  0.0931512  -1.02322
-0.288  1  -0.576  -0.668224  0.960897  0.114747  -1.02699
-0.284  1  -0.568  -0.677376  0.95275  0.136214  -1.03012
-0.28  1  -0.56  -0.6864  0.944384  0.157545  -1.03261
-0.276  1  -0.552  -0.695296  0.935803  0.178733  -1.03446
-0.272  1  -0.544  -0.704064  0.927011  0.19977  -1.03569
-0.268  1  -0.536  -0.712704  0.918009  0.220651  -1.03628
-0.264  1  -0.528  -0.721216  0.908802  0.241369  -1.03624
-0.26  1  -0.52  -0.7296  0.899392  0.261916  -1.03559
-0.256  1  -0.512  -0.737856  0.889782  0.282287  -1.03431
-0.252  1  -0.504  -0.745984  0.879976  0.302476  -1.03242
-0.248  1  -0.496  -0.753984  0.869976  0.322476  -1.02992
-0.244  1  -0.488  -0.761856  0.859786  0.342281  -1.02682
-0.24  1  -0.48  -0.7696  0.849408  0.361884  -1.02311
-0.236  1  -0.472  -0.777216  0.838846  0.381281  -1.01881
-0.232  1  -0.464  -0.784704  0.828103  0.400464  -1.01392
-0.228  1  -0.456  -0.792064  0.817181  0.419429  -1.00844
-0.224  1  -0.448  -0.799296  0.806085  0.43817  -1.00238
-0.22  1  -0.44  -0.8064  0.794816  0.456681  -0.995756
-0.216  1  -0.432  -0.813376  0.783378  0.474957  -0.98856
-0.212  1  -0.424  -0.820224  0.771775  0.492991  -0.980803
-0.208  1  -0.416  -0.826944  0.760009  0.51078  -0.972493
-0.204  1  -0.408  -0.833536  0.748083  0.528318  -0.963637
-0.2  1  -0.4  -0.84  0.736  0.5456  -0.95424
-0.196  1  -0.392  -0.846336  0.723764  0.562621  -0.944311
-0.192  1  -0.384  -0.852544  0.711377  0.579375  -0.933857
-0.188  1  -0.376  -0.858624  0.698843  0.595859  -0.922886
-0.184  1  -0.368  -0.864576  0.686164  0.612068  -0.911405
-0.18  1  -0.36  -0.8704  0.673344  0.627996  -0.899423
-0.176  1  -0.352  -0.876096  0.660386  0.64364  -0.886947
-0.172  1  -0.344  -0.881664  0.647292  0.658995  -0.873987
-0.168  1  -0.336  -0.887104  0.634067  0.674058  -0.86055
-0.164  1  -0.328  -0.892416  0.620712  0.688822  -0.846646
-0.16  1  -0.32  -0.8976  0.607232  0.703286  -0.832283
-0.156  1  -0.312  -0.902656  0.593629  0.717444  -0.817471
-0.152  1  -0.304  -0.907584  0.579906  0.731293  -0.802219
-0.148  1  -0.296  -0.912384  0.566066  0.744829  -0.786535
-0.144  1  -0.288  -0.917056  0.552112  0.758048  -0.77043
-0.14  1  -0.28  -0.9216  0.538048  0.770947  -0.753913
-0.136  1  -0.272  -0.926016  0.523876  0.783522  -0.736994
-0.132  1  -0.264  -0.930304  0.5096  0.79577  -0.719683
-0.128  1  -0.256  -0.934464  0.495223  0.807687  -0.701991
-0.124  1  -0.248  -0.938496  0.480747  0.819271  -0.683926
-0.12  1  -0.24  -0.9424  0.466176  0.830518  -0.6655
-0.116  1  -0.232  -0.946176  0.451513  0.841425  -0.646723
-0.112  1  -0.224  -0.949824  0.436761  0.85199  -0.627606
-0.108  1  -0.216  -0.953344  0.421922  0.862209  -0.608159
-0.104  1  -0.208  -0.956736  0.407001  0.87208  -0.588394
-0.1  1  -0.2  -0.96  0.392  0.8816  -0.56832
-0.096  1  -0.192  -0.963136  0.376922  0.890767  -0.547949
-0.092  1  -0.184  -0.966144  0.36177  0.899578  -0.527293
-0.088  1  -0.176  -0.969024  0.346548  0.908032  -0.506362
-0.084  1  -0.168  -0.971776  0.331258  0.916125  -0.485167
-0.08  1  -0.16  -0.9744  0.315904  0.923855  -0.463721
-0.076  1  -0.152  -0.976896  0.300488  0.931222  -0.442034
-0.072  1  -0.144  -0.979264  0.285014  0.938222  -0.420118
-0.068  1  -0.136  -0.981504  0.269485  0.944854  -0.397985
-0.064  1  -0.128  -0.983616  0.253903  0.951116  -0.375646
-0.06  1  -0.12  -0.9856  0.238272  0.957007  -0.353113
-0.056  1  -0.112  -0.987456  0.222595  0.962525  -0.330398
-0.052  1  -0.104  -0.989184  0.206875  0.967669  -0.307513
-0.048  1  -0.096  -0.990784  0.191115  0.972437  -0.284469
-0.044  1  -0.088  -0.992256  0.175319  0.976828  -0.261279
-0.04  1  -0.08  -0.9936  0.159488  0.980841  -0.237955
-0.036  1  -0.072  -0.994816  0.143627  0.984475  -0.214509
-0.032  1  -0.064  -0.995904  0.127738  0.987729  -0.190952
-0.028  1  -0.056  -0.996864  0.111824  0.990602  -0.167298
-0.024  1  -0.048  -0.997696  0.0958894  0.993093  -0.143558
-0.02  1  -0.04  -0.9984  0.079936  0.995203  -0.119744
-0.016  1  -0.032  -0.998976  0.0639672  0.996929  -0.095869
-0.012  1  -0.024  -0.999424  0.0479862  0.998272  -0.0719447
-0.008  1  -0.016  -0.999744  0.0319959  0.999232  -0.0479836
-0.004  1  -0.008  -0.999936  0.0159995  0.999808  -0.023998
0  1  0  -1  -0  1  0
0.004  1  0.008  -0.999936  -0.0159995  0.999808  0.023998
0.008  1  0.016  -0.999744  -0.0319959  0.999232  0.0479836
0.012  1  0.024  -0.999424  -0.0479862  0.998272  0.0719447
0.016  1  0.032  -0.998976  -0.0639672  0.996929  0.095869
0.02  1  0.04  -0.9984  -0.079936  0.995203  0.119744
0.024  1  0.048  -0.997696  -0.0958894  0.993093  0.143558
0.028  1  0.056  -0.996864  -0.111824  0.990602  0.167298
0.032  1  0.064  -0.995904  -0.127738  0.987729  0.190952
0.036  1  0.072  -0.994816  -0.143627  0.984475  0.214509
0.04  1  0.08  -0.9936  -0.159488  0.980841  0.237955
0.044  1  0.088  -0.992256  -0.175319  0.976828  0.261279
0.048  1  0.096  -0.990784  -0.191115  0.972437  0.284469
0.052  1  0.104  -0.989184  -0.206875  0.967669  0.307513
0.056  1  0.112  -0.987456  -0.222595  0.962525  0.330398
0.06  1  0.12  -0.9856  -0.238272  0.957007  0.353113
0.064  1  0.128  -0.983616  -0.253903  0.951116  0.375646
0.068  1  0.136  -0.981504  -0.269485  0.944854  0.397985
0.072  1  0.144  -0.979264  -0.285014  0.938222  0.420118
0.076  1  0.152  -0.976896  -0.300488  0.931222  0.442034
0.08  1  0.16  -0.9744  -0.315904  0.923855  0.463721
0.084  1  0.168  -0.971776  -0.331258  0.916125  0.485167
0.088  1  0.176  -0.969024  -0.346548  0.908032  0.506362
0.092  1  0.184  -0.966144  -0.36177  0.899578  0.527293
0.096  1  0.192  -0.963136  -0.376922  0.890767  0.547949
0.1  1  0.2  -0.96  -0.392  0.8816  0.56832
0.104  1  0.208  -0.956736  -0.407001  0.87208  0.588394
0.108  1  0.216  -0.953344  -0.421922  0.862209  0.608159
0.112  1  0.224  -0.949824  -0.436761  0.85199  0.627606
0.116  1  0.232  -0.946176  -0.451513  0.841425  0.646723
0.12  1  0.24  -0.9424  -0.466176  0.830518  0.6655
0.124  1  0.248  -0.938496  -0.480747  0.819271  0.683926
0.128  1  0.256  -0.934464  -0.495223  0.807687  0.701991
0.132  1  0.264  -0.930304  -0.5096  0.79577  0.719683
0.136  1  0.272  -0.926016  -0.523876  0.783522  0.736994
0.14  1  0.28  -0.9216  -0.538048  0.770947  0.753913
0.144  1  0.288  -0.917056  -0.552112  0.758048  0.77043
0.148  1  0.296  -0.912384  -0.566066  0.744829  0.786535
0.152  1  0.304  -0.907584  -0.579906  0.731293  0.802219
0.156  1  0.312  -0.902656  -0.593629  0.717444  0.817471
0.16  1  0.32  -0.8976  -0.607232  0.703286  0.832283
0.164  1  0.328  -0.892416  -0.620712  0.688822  0.846646
0.168  1  0.336  -0.887104  -0.634067  0.674058  0.86055
0.172  1  0.344  -0.881664  -0.647292  0.658995  0.873987
0.176  1  0.352  -0.876096  -0.660386  0.64364  0.886947
0.18  1  0.36  -0.8704  -0.673344  0.627996  0.899423
0.184  1  0.368  -0.864576  -0.686164  0.612068  0.911405
0.188  1  0.376  -0.858624  -0.698843  0.595859  0.922886
0.192  1  0.384  -0.852544  -0.711377  0.579375  0.933857
0.196  1  0.392  -0.846336  -0.723764  0.562621  0.944311
0.2  1  0.4  -0.84  -0.736  0.5456  0.95424
0.204  1  0.408  -0.833536  -0.748083  0.528318  0.963637
0.208  1  0.416  -0.826944  -0.760009  0.51078  0.972493
0.212  1  0.424  -0.820224  -0.771775  0.492991  0.980803
0.216  1  0.432  -0.813376  -0.783378  0.474957  0.98856
0.22  1  0.44  -0.8064  -0.794816  0.456681  0.995756
0.224  1  0.448  -0.799296  -0.806085  0.43817  1.00238
0.228  1  0.456  -0.792064  -0.817181  0.419429  1.00844
0.232  1  0.464  -0.784704  -0.828103  0.400464  1.01392
0.236  1  0.472  -0.777216  -0.838846  0.381281  1.01881
0.24  1  0.48  -0.7696  -0.849408  0.361884  1.02311
0.244  1  0.488  -0.761856  -0.859786  0.342281  1.02682
0.248  1  0.496  -0.753984  -0.869976  0.322476  1.02992
0.252  1  0.504  -0.745984  -0.879976  0.302476  1.03242
0.256  1  0.512  -0.737856  -0.889782  0.282287  1.03431
0.26  1  0.52  -0.7296  -0.899392  0.261916  1.03559
0.264  1  0.528  -0.721216  -0.908802  0.241369  1.03624
0.268  1  0.536  -0.712704  -0.918009  0.220651  1.03628
0.272  1  0.544  -0.704064  -0.927011  0.19977  1.03569
0.276  1  0.552  -0.695296  -0.935803  0.178733  1.03446
0.28  1  0.56  -0.6864  -0.944384  0.157545  1.03261
0.284  1  0.568  -0.677376  -0.95275  0.136214  1.03012
0.288  1  0.576  -0.668224  -0.960897  0.114747  1.02699
0.292  1  0.584  -0.658944  -0.968823  0.0931512  1.02322
0.296  1  0.592  -0.649536  -0.976525  0.071433  1.01881
0.3  1  0.6  -0.64  -0.984  0.0496  1.01376
0.304  1  0.608  -0.630336  -0.991244  0.0276595  1.00806
0.308  1  0.616  -0.620544  -0.998255  0.00561886  1.00172
0.312  1  0.624  -0.610624  -1.00503  -0.0165143  0.994724
0.316  1  0.632  -0.600576  -1.01156  -0.0387325  0.987085
0.32  1  0.64  -0.5904  -1.01786  -0.0610278  0.978798
0.324  1  0.648  -0.580096  -1.0239  -0.0833926  0.969864
0.328  1  0.656  -0.569664  -1.0297  -0.105819  0.960282
0.332  1  0.664  -0.559104  -1.03525  -0.128299  0.950055
0.336  1  0.672  -0.548416  -1.04054  -0.150824  0.939182
0.34  1  0.68  -0.5376  -1.04557  -0.173386  0.927665
0.344  1  0.688  -0.526656  -1.05034  -0.195977  0.915507
0.348  1  0.696  -0.515584  -1.05485  -0.218589  0.902708
0.352  1  0.704  -0.504384  -1.05909  -0.241213  0.889273
0.356  1  0.712  -0.493056  -1.06306  -0.26384  0.875202
0.36  1  0.72  -0.4816  -1.06675  -0.286461  0.8605
0.364  1  0.728  -0.470016  -1.07017  -0.309069  0.845169
0.368  1  0.736  -0.458304  -1.07331  -0.331653  0.829215
0.372  1  0.744  -0.446464  -1.07617  -0.354206  0.81264
0.376  1  0.752  -0.434496  -1.07874  -0.376717  0.79545
0.38  1  0.76  -0.4224  -1.08102  -0.399178  0.777649
0.384  1  0.768  -0.410176  -1.08302  -0.42158  0.759242
0.388  1  0.776  -0.397824  -1.08471  -0.443912  0.740236
0.392  1  0.784  -0.385344  -1.08611  -0.466166  0.720636
0.396  1  0.792  -0.372736  -1.08721  -0.488332  0.700448
0.4  1  0.8  -0.36  -1.088  -0.5104  0.67968
0.404  1  0.808  -0.347136  -1.08849  -0.532361  0.658339
0.408  1  0.816  -0.334144  -1.08866  -0.554204  0.636431
0.412  1  0.824  -0.321024  -1.08852  -0.57592  0.613966
0.416  1  0.832  -0.307776  -1.08807  -0.597498  0.590951
0.42  1  0.84  -0.2944  -1.0873  -0.618929  0.567396
0.424  1  0.848  -0.280896  -1.0862  -0.640201  0.543309
0.428  1  0.856  -0.267264  -1.08478  -0.661306  0.5187
0.432  1  0.864  -0.253504  -1.08303  -0.682232  0.493579
0.436  1  0.872  -0.239616  -1.08095  -0.702968  0.467957
0.44  1  0.88  -0.2256  -1.07853  -0.723505  0.441844
0.444  1  0.888  -0.211456  -1.07577  -0.74383  0.415252
0.448  1  0.896  -0.197184  -1.07268  -0.763934  0.388192
0.452  1  0.904  -0.182784  -1.06924  -0.783806  0.360676
0.456  1  0.912  -0.168256  -1.06545  -0.803434  0.332718
0.46  1  0.92  -0.1536  -1.06131  -0.822807  0.30433
0.464  1  0.928  -0.138816  -1.05682  -0.841914  0.275525
0.468  1  0.936  -0.123904  -1.05197  -0.860744  0.246318
0.472  1  0.944  -0.108864  -1.04677  -0.879285  0.216723
0.476  1  0.952  -0.093696  -1.0412  -0.897525  0.186755
0.48  1  0.96  -0.0784  -1.03526  -0.915453  0.156429
0.484  1  0.968  -0.062976  -1.02896  -0.933058  0.125761
0.488  1  0.976  -0.047424  -1.02229  -0.950327  0.0947667
0.492  1  0.984  -0.031744  -1.01524  -0.967248  0.0634638
0.496  1  0.992  -0.015936  -1.00781  -0.98381  0.0318689
0.5  1  1  0  -1  -1  0
0.504  1  1.008  0.016064  -0.991807  -1.01581  -0.0321249
0.508  1  1.016  0.032256  -0.983228  -1.03122  -0.0644871
0.512  1  1.024  0.048576  -0.974258  -1.04622  -0.0970674
0.516  1  1.032  0.065024  -0.964895  -1.0608  -0.129846
0.52  1  1.04  0.0816  -0.955136  -1.07494  -0.162803
0.524  1  1.048  0.098304  -0.944977  -1.08864  -0.195918
0.528  1  1.056  0.115136  -0.934416  -1.10188  -0.229169
0.532  1  1.064  0.132096  -0.92345  -1.11465  -0.262534
0.536  1  1.072  0.149184  -0.912075  -1.12693  -0.295992
0.54  1  1.08  0.1664  -0.900288  -1.13871  -0.32952
0.544  1  1.088  0.183744  -0.888087  -1.14998  -0.363094
0.548  1  1.096  0.201216  -0.875467  -1.16073  -0.396691
0.552  1  1.104  0.218816  -0.862427  -1.17094  -0.430286
0.556  1  1.112  0.236544  -0.848963  -1.18059  -0.463854
0.56  1  1.12  0.2544  -0.835072  -1.18968  -0.49737
0.564  1  1.128  0.272384  -0.820751  -1.19819  -0.530809
0.568  1  1.136  0.290496  -0.805997  -1.20611  -0.564142
0.572  1  1.144  0.308736  -0.790806  -1.21342  -0.597344
0.576  1  1.152  0.327104  -0.775176  -1.22011  -0.630387
0.58  1  1.16  0.3456  -0.759104  -1.22616  -0.663242
0.584  1  1.168  0.364224  -0.742586  -1.23156  -0.695881
0.588  1  1.176  0.382976  -0.72562  -1.23631  -0.728275
0.592  1  1.184  0.401856  -0.708202  -1.24037  -0.760393
0.596  1  1.192  0.420864  -0.69033  -1.24374  -0.792205
0.6  1  1.2  0.44  -0.672  -1.2464  -0.82368
0.604  1  1.208  0.459264  -0.653209  -1.24834  -0.854786
0.608  1  1.216  0.478656  -0.633954  -1.24954  -0.885492
0.612  1  1.224  0.498176  -0.614233  -1.25  -0.915763
0.616  1  1.232  0.517824  -0.594041  -1.24968  -0.945568
0.62  1  1.24  0.5376  -0.573376  -1.24859  -0.974871
0.624  1  1.248  0.557504  -0.552235  -1.24669  -1.00364
0.628  1  1.256  0.577536  -0.530615  -1.24399  -1.03183
0.632  1  1.264  0.597696  -0.508512  -1.24046  -1.05942
0.636  1  1.272  0.617984  -0.485924  -1.23608  -1.08637
0.64  1  1.28  0.6384  -0.462848  -1.23085  -1.11263
0.644  1  1.288  0.658944  -0.43928  -1.22474  -1.13818
0.648  1  1.296  0.679616  -0.415218  -1.21774  -1.16297
0.652  1  1.304  0.700416  -0.390658  -1.20983  -1.18697
0.656  1  1.312  0.721344  -0.365597  -1.20101  -1.21012
0.66  1  1.32  0.7424  -0.340032  -1.19124  -1.23241
0.664  1  1.328  0.763584  -0.31396  -1.18052  -1.25377
0.668  1  1.336  0.784896  -0.287379  -1.16883  -1.27418
0.672  1  1.344  0.806336  -0.260284  -1.15616  -1.29359
0.676  1  1.352  0.827904  -0.232674  -1.14248  -1.31196
0.68  1  1.36  0.8496  -0.204544  -1.12778  -1.32924
0.684  1  1.368  0.871424  -0.175892  -1.11204  -1.34538
0.688  1  1.376  0.893376  -0.146715  -1.09526  -1.36036
0.692  1  1.384  0.915456  -0.117009  -1.0774  -1.37411
0.696  1  1.392  0.937664  -0.0867717  -1.05845  -1.38659
0.7  1  1.4  0.96  -0.056  -1.0384  -1.39776
0.704  1  1.408  0.982464  -0.0246907  -1.01723  -1.40757
0.708  1  1.416  1.00506  0.0071593  -0.994918  -1.41596
0.712  1  1.424  1.02778  0.039553  -0.971452  -1.4229
0.716  1  1.432  1.05062  0.0724936  -0.946813  -1.42833
0.72  1  1.44  1.0736  0.105984  -0.920983  -1.4322
0.724  1  1.448  1.0967  0.140027  -0.893944  -1.43446
0.728  1  1.456  1.11994  0.174627  -0.865679  -1.43506
0.732  1  1.464  1.1433  0.209785  -0.83617  -1.43394
0.736  1  1.472  1.16678  0.245506  -0.805399  -1.43105
0.74  1  1.48  1.1904  0.281792  -0.773348  -1.42635
0.744  1  1.488  1.21414  0.318646  -0.739998  -1.41976
0.748  1  1.496  1.23802  0.356072  -0.705332  -1.41125
0.752  1  1.504  1.26202  0.394072  -0.669332  -1.40075
0.756  1  1.512  1.28614  0.43265  -0.631978  -1.3882
0.76  1  1.52  1.3104  0.471808  -0.593252  -1.37355
0.764  1  1.528  1.33478  0.51155  -0.553136  -1.35674
0.768  1  1.536  1.3593  0.551879  -0.51161  -1.33771
0.772  1  1.544  1.38394  0.592797  -0.468657  -1.3164
0.776  1  1.552  1.4087  0.634309  -0.424257  -1.29276
0.78  1  1.56  1.4336  0.676416  -0.378391  -1.26671
0.784  1  1.568  1.45862  0.719122  -0.33104  -1.23819
0.788  1  1.576  1.48378  0.762431  -0.282185  -1.20715
0.792  1  1.584  1.50906  0.806345  -0.231806  -1.17353
0.796  1  1.592  1.53446  0.850867  -0.179884  -1.13724
0.8  1  1.6  1.56  0.896  -0.1264  -1.09824
0.804  1  1.608  1.58566  0.941748  -0.0713337  -1.05645
0.808  1  1.616  1.61146  0.988113  -0.0146656  -1.01181
0.812  1  1.624  1.63738  1.0351  0.0436242  -0.964253
0.816  1  1.632  1.66342  1.08271  0.103555  -0.913706
0.82  1  1.64  1.6896  1.13094  0.165148  -0.860101
0.824  1  1.648  1.7159  1.17981  0.228423  -0.803369
0.828  1  1.656  1.74234  1.22931  0.293399  -0.74344
0.832  1  1.664  1.7689  1.27944  0.360097  -0.680241
0.836  1  1.672  1.79558  1.33022  0.428538  -0.613701
0.84  1  1.68  1.8224  1.38163  0.498742  -0.543746
0.844  1  1.688  1.84934  1.43369  0.570729  -0.470302
0.848  1  1.696  1.87642  1.4864  0.644521  -0.393294
0.852  1  1.704  1.90362  1.53976  0.720138  -0.312647
0.856  1  1.712  1.93094  1.59378  0.797601  -0.228284
0.86  1  1.72  1.9584  1.64845  0.876931  -0.140127
0.864  1  1.728  1.98598  1.70378  0.958148  -0.0480998
0.868  1  1.736  2.0137  1.75978  1.04128  0.0478782
0.872  1  1.744  2.04154  1.81644  1.12633  0.147886
0.876  1  1.752  2.0695  1.87377  1.21334  0.252006
0.88  1  1.76  2.0976  1.93178  1.30233  0.360317
0.884  1  1.768  2.12582  1.99046  1.3933  0.472904
0.888  1  1.776  2.15418  2.04982  1.4863  0.589849
0.892  1  1.784  2.18266  2.10986  1.58133  0.711237
0.896  1  1.792  2.21126  2.17059  1.67842  0.837152
0.9  1  1.8  2.24  2.232  1.7776  0.96768
0.904  1  1.808  2.26886  2.29411  1.87888  1.10291
0.908  1  1.816  2.29786  2.35691  1.98229  1.24293
0.912  1  1.824  2.32698  2.4204  2.08784  1.38782
0.916  1  1.832  2.35622  2.4846  2.19557  1.53768
0.92  1  1.84  2.3856  2.5495  2.30549  1.69259
0.924  1  1.848  2.4151  2.61511  2.41762  1.85266
0.928  1  1.856  2.44474  2.68143  2.532  2.01796
0.932  1  1.864  2.4745  2.74846  2.64863  2.18859
0.936  1  1.872  2.50438  2.81621  2.76756  2.36466
0.94  1  1.88  2.5344  2.88467  2.88878  2.54624
0.944  1  1.888  2.56454  2.95386  3.01234  2.73344
0.948  1  1.896  2.59482  3.02377  3.13825  2.92636
0.952  1  1.904  2.62522  3.09441  3.26654  3.12509
0.956  1  1.912  2.65574  3.16578  3.39723  3.32973
0.96  1  1.92  2.6864  3.23789  3.53034  3.54037
0.964  1  1.928  2.71718  3.31073  3.6659  3.75713
0.968  1  1.936  2.7481  3.38431  3.80394  3.98011
0.972  1  1.944  2.77914  3.45864  3.94446  4.20939
0.976  1  1.952  2.8103  3.53371  4.0875  4.4451
0.98  1  1.96  2.8416  3.60954  4.23309  4.68732
0.984  1  1.968  2.87302  3.68611  4.38124  4.93617
0.988  1  1.976  2.90458  3.76344  4.53199  5.19176
0.992  1  1.984  2.93626  3.84153  4.68534  5.45419
0.996  1  1.992  2.96806  3.92038  4.84134  5.72357
1  1  2  3  4  5  6
