-1  1  -1  1  -1  1  -1
-0.996  1  -0.992  0.976064  -0.952319  0.920956  -0.882226
-0.992  1  -0.984  0.952256  -0.905276  0.843811  -0.768846
-0.988  1  -0.976  0.928576  -0.858866  0.768544  -0.659776
-0.984  1  -0.968  0.905024  -0.813087  0.695132  -0.554932
-0.98  1  -0.96  0.8816  -0.767936  0.623555  -0.454231
-0.976  1  -0.952  0.858304  -0.723409  0.553791  -0.357591
-0.972  1  -0.944  0.835136  -0.679504  0.485821  -0.264931
-0.968  1  -0.936  0.812096  -0.636218  0.419622  -0.17617
-0.964  1  -0.928  0.789184  -0.593547  0.355174  -0.091229
-0.96  1  -0.92  0.7664  -0.551488  0.292457  -0.0100294
-0.956  1  -0.912  0.743744  -0.510039  0.23145  0.0675068
-0.952  1  -0.904  0.721216  -0.469195  0.172132  0.141456
-0.948  1  -0.896  0.698816  -0.428955  0.114483  0.211895
-0.944  1  -0.888  0.676544  -0.389315  0.0584829  0.278899
-0.94  1  -0.88  0.6544  -0.350272  0.00411136  0.342543
-0.936  1  -0.872  0.632384  -0.311823  -0.0486516  0.402899
-0.932  1  -0.864  0.610496  -0.273965  -0.0998261  0.46004
-0.928  1  -0.856  0.588736  -0.236694  -0.149432  0.51404
-0.924  1  -0.848  0.567104  -0.200008  -0.197489  0.564968
-0.92  1  -0.84  0.5456  -0.163904  -0.244017  0.612895
-0.916  1  -0.832  0.524224  -0.128378  -0.289035  0.65789
-0.912  1  -0.824  0.502976  -0.0934282  -0.332563  0.700023
-0.908  1  -0.816  0.481856  -0.0590505  -0.37462  0.739361
-0.904  1  -0.808  0.460864  -0.0252421  -0.415226  0.775971
-0.9  1  -0.8  0.44  0.008  -0.4544  0.80992
-0.896  1  -0.792  0.419264  0.0406789  -0.492161  0.841273
-0.892  1  -0.784  0.398656  0.0727977  -0.528527  0.870095
-0.888  1  -0.776  0.378176  0.104359  -0.563518  0.896449
-0.884  1  -0.768  0.357824  0.135367  -0.597153  0.9204
-0.88  1  -0.76  0.3376  0.165824  -0.62945  0.942008
-0.876  1  -0.752  0.317504  0.195733  -0.660428  0.961337
-0.872  1  -0.744  0.297536  0.225097  -0.690106  0.978447
-0.868  1  -0.736  0.277696  0.25392  -0.718501  0.993397
-0.864  1  -0.728  0.257984  0.282204  -0.745632  1.00625
-0.86  1  -0.72  0.2384  0.309952  -0.771517  1.01706
-0.856  1  -0.712  0.218944  0.337168  -0.796175  1.02588
-0.852  1  -0.704  0.199616  0.363854  -0.819624  1.03278
-0.848  1  -0.696  0.180416  0.390014  -0.841881  1.03781
-0.844  1  -0.688  0.161344  0.415651  -0.862963  1.04103
-0.84  1  -0.68  0.1424  0.440768  -0.88289  1.04249
-0.836  1  -0.672  0.123584  0.465368  -0.901679  1.04224
-0.832  1  -0.664  0.104896  0.489453  -0.919346  1.04034
-0.828  1  -0.656  0.086336  0.513028  -0.93591  1.03684
-0.824  1  -0.648  0.067904  0.536094  -0.951387  1.03179
-0.82  1  -0.64  0.0496  0.558656  -0.965796  1.02525
-0.816  1  -0.632  0.031424  0.580716  -0.979153  1.01726
-0.812  1  -0.624  0.013376  0.602277  -0.991474  1.00788
-0.808  1  -0.616  -0.004544  0.623343  -1.00278  0.997147
-0.804  1  -0.608  -0.022336  0.643916  -1.01308  0.985119
-0.8  1  -0.6  -0.04  0.664  -1.0224  0.97184
-0.796  1  -0.592  -0.057536  0.683597  -1.03075  0.957358
-0.792  1  -0.584  -0.074944  0.702711  -1.03815  0.941719
-0.788  1  -0.576  -0.092224  0.721345  -1.04462  0.924969
-0.784  1  -0.568  -0.109376  0.739502  -1.05016  0.907153
-0.78  1  -0.56  -0.1264  0.757184  -1.05481  0.888315
-0.776  1  -0.552  -0.143296  0.774395  -1.05857  0.868498
-0.772  1  -0.544  -0.160064  0.791139  -1.06145  0.847747
-0.768  1  -0.536  -0.176704  0.807417  -1.06349  0.826102
-0.764  1  -0.528  -0.193216  0.823234  -1.06469  0.803606
-0.76  1  -0.52  -0.2096  0.838592  -1.06506  0.780299
-0.756  1  -0.512  -0.225856  0.853494  -1.06463  0.756222
-0.752  1  -0.504  -0.241984  0.867944  -1.0634  0.731415
-0.748  1  -0.496  -0.257984  0.881944  -1.0614  0.705917
-0.744  1  -0.488  -0.273856  0.895498  -1.05864  0.679765
-0.74  1  -0.48  -0.2896  0.908608  -1.05514  0.652999
-0.736  1  -0.472  -0.305216  0.921278  -1.05091  0.625654
-0.732  1  -0.464  -0.320704  0.933511  -1.04596  0.597768
-0.728  1  -0.456  -0.336064  0.945309  -1.04031  0.569377
-0.724  1  -0.448  -0.351296  0.956677  -1.03397  0.540514
-0.72  1  -0.44  -0.3664  0.967616  -1.02697  0.511217
-0.716  1  -0.432  -0.381376  0.97813  -1.01931  0.481517
-0.712  1  -0.424  -0.396224  0.988223  -1.01101  0.451449
-0.708  1  -0.416  -0.410944  0.997897  -1.00208  0.421045
-0.704  1  -0.408  -0.425536  1.00715  -0.992538  0.390339
-0.7  1  -0.4  -0.44  1.016  -0.9824  0.35936
-0.696  1  -0.392  -0.454336  1.02444  -0.971679  0.328141
-0.692  1  -0.384  -0.468544  1.03246  -0.960387  0.296711
-0.688  1  -0.376  -0.482624  1.04009  -0.948541  0.265101
-0.684  1  -0.368  -0.496576  1.04732  -0.936152  0.23334
-0.68  1  -0.36  -0.5104  1.05414  -0.923236  0.201457
-0.676  1  -0.352  -0.524096  1.06058  -0.909805  0.169479
-0.672  1  -0.344  -0.537664  1.06662  -0.895874  0.137434
-0.668  1  -0.336  -0.551104  1.07227  -0.881455  0.105349
-0.664  1  -0.328  -0.564416  1.07754  -0.866563  0.0732513
-0.66  1  -0.32  -0.5776  1.08243  -0.85121  0.0411655
-0.656  1  -0.312  -0.590656  1.08694  -0.83541  0.00911746
-0.652  1  -0.304  -0.603584  1.09107  -0.819176  -0.0228682
-0.648  1  -0.296  -0.616384  1.09483  -0.80252  -0.0547672
-0.644  1  -0.288  -0.629056  1.09822  -0.785457  -0.0865559
-0.64  1  -0.28  -0.6416  1.10125  -0.767997  -0.118211
-0.636  1  -0.272  -0.654016  1.10391  -0.750155  -0.149711
-0.632  1  -0.264  -0.666304  1.10621  -0.731943  -0.181032
-0.628  1  -0.256  -0.678464  1.10815  -0.713373  -0.212154
-0.624  1  -0.248  -0.690496  1.10974  -0.694458  -0.243055
-0.62  1  -0.24  -0.7024  1.11098  -0.67521  -0.273715
-0.616  1  -0.232  -0.714176  1.11186  -0.655641  -0.304115
-0.612  1  -0.224  -0.725824  1.11241  -0.635764  -0.334233
-0.608  1  -0.216  -0.737344  1.11261  -0.61559  -0.364053
-0.604  1  -0.208  -0.748736  1.11247  -0.595131  -0.393554
-0.6  1  -0.2  -0.76  1.112  -0.5744  -0.42272
-0.596  1  -0.192  -0.771136  1.11119  -0.553407  -0.451533
-0.592  1  -0.184  -0.782144  1.11006  -0.532165  -0.479975
-0.588  1  -0.176  -0.793024  1.1086  -0.510685  -0.50803
-0.584  1  -0.168  -0.803776  1.10681  -0.488979  -0.535683
-0.58  1  -0.16  -0.8144  1.1047  -0.467057  -0.562918
-0.576  1  -0.152  -0.824896  1.10228  -0.444931  -0.58972
-0.572  1  -0.144  -0.835264  1.09954  -0.422612  -0.616074
-0.568  1  -0.136  -0.845504  1.09649  -0.400112  -0.641966
-0.564  1  -0.128  -0.855616  1.09313  -0.37744  -0.667382
-0.56  1  -0.12  -0.8656  1.08947  -0.354609  -0.69231
-0.556  1  -0.112  -0.875456  1.08551  -0.331628  -0.716737
-0.552  1  -0.104  -0.885184  1.08124  -0.308508  -0.74065
-0.548  1  -0.096  -0.894784  1.07668  -0.285261  -0.764037
-0.544  1  -0.088  -0.904256  1.07183  -0.261896  -0.786888
-0.54  1  -0.08  -0.9136  1.06669  -0.238423  -0.809191
-0.536  1  -0.072  -0.922816  1.06126  -0.214853  -0.830936
-0.532  1  -0.064  -0.931904  1.05555  -0.191197  -0.852112
-0.528  1  -0.056  -0.940864  1.04955  -0.167463  -0.872711
-0.524  1  -0.048  -0.949696  1.04328  -0.143663  -0.892723
-0.52  1  -0.04  -0.9584  1.03674  -0.119805  -0.912138
-0.516  1  -0.032  -0.966976  1.02992  -0.0959006  -0.93095
-0.512  1  -0.024  -0.975424  1.02283  -0.0719582  -0.949149
-0.508  1  -0.016  -0.983744  1.01548  -0.0479876  -0.966728
-0.504  1  -0.008  -0.991936  1.00787  -0.0239985  -0.983681
-0.5  1  0  -1  1  0  -1
-0.496  1  0.008  -1.00794  0.991873  0.0239985  -1.01568
-0.492  1  0.016  -1.01574  0.983492  0.0479878  -1.03071
-0.488  1  0.024  -1.02342  0.974862  0.0719589  -1.04509
-0.484  1  0.032  -1.03098  0.965985  0.0959027  -1.05882
-0.48  1  0.04  -1.0384  0.956864  0.119811  -1.07188
-0.476  1  0.048  -1.0457  0.947503  0.143674  -1.08428
-0.472  1  0.056  -1.05286  0.937904  0.167483  -1.09601
-0.468  1  0.064  -1.0599  0.92807  0.19123  -1.10706
-0.464  1  0.072  -1.06682  0.918005  0.214907  -1.11744
-0.46  1  0.08  -1.0736  0.907712  0.238505  -1.12714
-0.456  1  0.088  -1.08026  0.897193  0.262016  -1.13615
-0.452  1  0.096  -1.08678  0.886453  0.285431  -1.14448
-0.448  1  0.104  -1.09318  0.875493  0.308742  -1.15213
-0.444  1  0.112  -1.09946  0.864317  0.331943  -1.15908
-0.44  1  0.12  -1.1056  0.852928  0.355023  -1.16535
-0.436  1  0.128  -1.11162  0.841329  0.377977  -1.17093
-0.432  1  0.136  -1.1175  0.829523  0.400796  -1.17581
-0.428  1  0.144  -1.12326  0.817514  0.423472  -1.18001
-0.424  1  0.152  -1.1289  0.805304  0.445998  -1.18351
-0.42  1  0.16  -1.1344  0.792896  0.468367  -1.18632
-0.416  1  0.168  -1.13978  0.780294  0.490572  -1.18845
-0.412  1  0.176  -1.14502  0.7675  0.512604  -1.18989
-0.408  1  0.184  -1.15014  0.754518  0.534458  -1.19064
-0.404  1  0.192  -1.15514  0.74135  0.556125  -1.1907
-0.4  1  0.2  -1.16  0.728  0.5776  -1.19008
-0.396  1  0.208  -1.16474  0.714471  0.598875  -1.18878
-0.392  1  0.216  -1.16934  0.700766  0.619944  -1.1868
-0.388  1  0.224  -1.17382  0.686887  0.640799  -1.18415
-0.384  1  0.232  -1.17818  0.672839  0.661436  -1.18082
-0.38  1  0.24  -1.1824  0.658624  0.681846  -1.17683
-0.376  1  0.248  -1.1865  0.644245  0.702024  -1.17217
-0.372  1  0.256  -1.19046  0.629705  0.721963  -1.16685
-0.368  1  0.264  -1.1943  0.615008  0.741658  -1.16087
-0.364  1  0.272  -1.19802  0.600156  0.761103  -1.15424
-0.36  1  0.28  -1.2016  0.585152  0.780291  -1.14696
-0.356  1  0.288  -1.20506  0.57  0.799216  -1.13904
-0.352  1  0.296  -1.20838  0.554702  0.817874  -1.13049
-0.348  1  0.304  -1.21158  0.539262  0.836257  -1.1213
-0.344  1  0.312  -1.21466  0.523683  0.854362  -1.11148
-0.34  1  0.32  -1.2176  0.507968  0.872182  -1.10105
-0.336  1  0.328  -1.22042  0.49212  0.889712  -1.09001
-0.332  1  0.336  -1.2231  0.476141  0.906946  -1.07835
-0.328  1  0.344  -1.22566  0.460036  0.923881  -1.0661
-0.324  1  0.352  -1.2281  0.443806  0.94051  -1.05326
-0.32  1  0.36  -1.2304  0.427456  0.956828  -1.03983
-0.316  1  0.368  -1.23258  0.410988  0.972832  -1.02582
-0.312  1  0.376  -1.23462  0.394405  0.988515  -1.01124
-0.308  1  0.384  -1.23654  0.377711  1.00387  -0.996097
-0.304  1  0.392  -1.23834  0.360908  1.0189  -0.980402
-0.3  1  0.4  -1.24  0.344  1.0336  -0.96416
-0.296  1  0.408  -1.24154  0.326989  1.04796  -0.947381
-0.292  1  0.416  -1.24294  0.309879  1.06197  -0.930072
-0.288  1  0.424  -1.24422  0.292673  1.07564  -0.912244
-0.284  1  0.432  -1.24538  0.275374  1.08896  -0.893905
-0.28  1  0.44  -1.2464  0.257984  1.10193  -0.875064
-0.276  1  0.448  -1.2473  0.240507  1.11454  -0.855731
-0.272  1  0.456  -1.24806  0.222947  1.12678  -0.835916
-0.268  1  0.464  -1.2487  0.205305  1.13866  -0.815627
-0.264  1  0.472  -1.24922  0.187586  1.15017  -0.794876
-0.26  1  0.48  -1.2496  0.169792  1.16131  -0.773672
-0.256  1  0.488  -1.24986  0.151926  1.17207  -0.752026
-0.252  1  0.496  -1.24998  0.133992  1.18245  -0.729948
-0.248  1  0.504  -1.24998  0.115992  1.19245  -0.707448
-0.244  1  0.512  -1.24986  0.0979297  1.20207  -0.684538
-0.24  1  0.52  -1.2496  0.079808  1.21129  -0.661228
-0.236  1  0.528  -1.24922  0.06163  1.22013  -0.63753
-0.232  1  0.536  -1.2487  0.0433987  1.22857  -0.613454
-0.228  1  0.544  -1.24806  0.0251172  1.23661  -0.589012
-0.224  1  0.552  -1.2473  0.00678861  1.24425  -0.564215
-0.22  1  0.56  -1.2464  -0.011584  1.2515  -0.539075
-0.216  1  0.568  -1.24538  -0.0299976  1.25833  -0.513603
-0.212  1  0.576  -1.24422  -0.048449  1.26477  -0.487812
-0.208  1  0.584  -1.24294  -0.0669353  1.27079  -0.461713
-0.204  1  0.592  -1.24154  -0.0854533  1.2764  -0.435318
-0.2  1  0.6  -1.24  -0.104  1.2816  -0.40864
-0.196  1  0.608  -1.23834  -0.122572  1.28638  -0.38169
-0.192  1  0.616  -1.23654  -0.141167  1.29075  -0.354482
-0.188  1  0.624  -1.23462  -0.159781  1.2947  -0.327026
-0.184  1  0.632  -1.23258  -0.178412  1.29823  -0.299337
-0.18  1  0.64  -1.2304  -0.197056  1.30134  -0.271426
-0.176  1  0.648  -1.2281  -0.21571  1.30403  -0.243307
-0.172  1  0.656  -1.22566  -0.234372  1.30629  -0.214991
-0.168  1  0.664  -1.2231  -0.253037  1.30812  -0.186493
-0.164  1  0.672  -1.22042  -0.271704  1.30953  -0.157824
-0.16  1  0.68  -1.2176  -0.290368  1.31052  -0.128998
-0.156  1  0.688  -1.21466  -0.309027  1.31107  -0.100027
-0.152  1  0.696  -1.21158  -0.327678  1.3112  -0.0709258
-0.148  1  0.704  -1.20838  -0.346318  1.31089  -0.0417064
-0.144  1  0.712  -1.20506  -0.364944  1.31016  -0.0123822
-0.14  1  0.72  -1.2016  -0.383552  1.30899  0.0170335
-0.136  1  0.728  -1.19802  -0.40214  1.3074  0.0465274
-0.132  1  0.736  -1.1943  -0.420704  1.30537  0.0760861
-0.128  1  0.744  -1.19046  -0.439241  1.30291  0.105696
-0.124  1  0.752  -1.1865  -0.457749  1.30002  0.135345
-0.12  1  0.76  -1.1824  -0.476224  1.29669  0.165017
-0.116  1  0.768  -1.17818  -0.494663  1.29294  0.194702
-0.112  1  0.776  -1.17382  -0.513063  1.28875  0.224383
-0.108  1  0.784  -1.16934  -0.531422  1.28413  0.254049
-0.104  1  0.792  -1.16474  -0.549735  1.27908  0.283686
-0.1  1  0.8  -1.16  -0.568  1.2736  0.31328
-0.096  1  0.808  -1.15514  -0.586214  1.26769  0.342818
-0.092  1  0.816  -1.15014  -0.604374  1.26135  0.372285
-0.088  1  0.824  -1.14502  -0.622476  1.25458  0.40167
-0.084  1  0.832  -1.13978  -0.640518  1.24738  0.430957
-0.08  1  0.84  -1.1344  -0.658496  1.23976  0.460135
-0.076  1  0.848  -1.1289  -0.676408  1.23171  0.489188
-0.072  1  0.856  -1.12326  -0.69425  1.22324  0.518104
-0.068  1  0.864  -1.1175  -0.712019  1.21434  0.546869
-0.064  1  0.872  -1.11162  -0.729713  1.20502  0.575471
-0.06  1  0.88  -1.1056  -0.747328  1.19528  0.603894
-0.056  1  0.888  -1.09946  -0.764861  1.18512  0.632127
-0.052  1  0.896  -1.09318  -0.782309  1.17454  0.660156
-0.048  1  0.904  -1.08678  -0.799669  1.16355  0.687968
-0.044  1  0.912  -1.08026  -0.816937  1.15215  0.715549
-0.04  1  0.92  -1.0736  -0.834112  1.14033  0.742886
-0.036  1  0.928  -1.06682  -0.851189  1.1281  0.769966
-0.032  1  0.936  -1.0599  -0.868166  1.11547  0.796776
-0.028  1  0.944  -1.05286  -0.88504  1.10243  0.823304
-0.024  1  0.952  -1.0457  -0.901807  1.08898  0.849535
-0.02  1  0.96  -1.0384  -0.918464  1.07514  0.875458
-0.016  1  0.968  -1.03098  -0.935009  1.0609  0.90106
-0.012  1  0.976  -1.02342  -0.951438  1.04626  0.926328
-0.008  1  0.984  -1.01574  -0.967748  1.03123  0.951248
-0.004  1  0.992  -1.00794  -0.983937  1.01581  0.97581
0  1  1  -1  -1  1  1
0.004  1  1.008  -0.991936  -1.01594  0.983809  1.02381
0.008  1  1.016  -0.983744  -1.03174  0.967236  1.04722
0.012  1  1.024  -0.975424  -1.04741  0.950286  1.07022
0.016  1  1.032  -0.966976  -1.06294  0.932962  1.0928
0.02  1  1.04  -0.9584  -1.07834  0.915267  1.11495
0.024  1  1.048  -0.949696  -1.09359  0.897204  1.13665
0.028  1  1.056  -0.940864  -1.10869  0.878777  1.1579
0.032  1  1.064  -0.931904  -1.12364  0.859991  1.17868
0.036  1  1.072  -0.922816  -1.13844  0.840848  1.19898
0.04  1  1.08  -0.9136  -1.15309  0.821353  1.2188
0.044  1  1.088  -0.904256  -1.16757  0.801509  1.23811
0.048  1  1.096  -0.894784  -1.1819  0.781322  1.25691
0.052  1  1.104  -0.885184  -1.19606  0.760794  1.27518
0.056  1  1.112  -0.875456  -1.21005  0.73993  1.29292
0.06  1  1.12  -0.8656  -1.22387  0.718735  1.31012
0.064  1  1.128  -0.855616  -1.23752  0.697214  1.32676
0.068  1  1.136  -0.845504  -1.25099  0.67537  1.34284
0.072  1  1.144  -0.835264  -1.26428  0.653208  1.35834
0.076  1  1.152  -0.824896  -1.27738  0.630734  1.37326
0.08  1  1.16  -0.8144  -1.2903  0.607951  1.38758
0.084  1  1.168  -0.803776  -1.30303  0.584866  1.40129
0.088  1  1.176  -0.793024  -1.31557  0.561483  1.41439
0.092  1  1.184  -0.782144  -1.32791  0.537808  1.42687
0.096  1  1.192  -0.771136  -1.34006  0.513845  1.43872
0.1  1  1.2  -0.76  -1.352  0.4896  1.44992
0.104  1  1.208  -0.748736  -1.36374  0.465079  1.46047
0.108  1  1.216  -0.737344  -1.37527  0.440286  1.47037
0.112  1  1.224  -0.725824  -1.38658  0.415229  1.4796
0.116  1  1.232  -0.714176  -1.39769  0.389912  1.48815
0.12  1  1.24  -0.7024  -1.40858  0.364342  1.49602
0.124  1  1.248  -0.690496  -1.41924  0.338524  1.5032
0.128  1  1.256  -0.678464  -1.42969  0.312464  1.50968
0.132  1  1.264  -0.666304  -1.4399  0.286169  1.51545
0.136  1  1.272  -0.654016  -1.44989  0.259645  1.52052
0.14  1  1.28  -0.6416  -1.45965  0.232899  1.52486
0.144  1  1.288  -0.629056  -1.46917  0.205936  1.52848
0.148  1  1.296  -0.616384  -1.47845  0.178763  1.53136
0.152  1  1.304  -0.603584  -1.48749  0.151387  1.53351
0.156  1  1.312  -0.590656  -1.49628  0.123815  1.53492
0.16  1  1.32  -0.5776  -1.50483  0.0960538  1.53557
0.164  1  1.328  -0.564416  -1.51313  0.0681099  1.53547
0.168  1  1.336  -0.551104  -1.52117  0.0399906  1.53461
0.172  1  1.344  -0.537664  -1.52896  0.011703  1.53298
0.176  1  1.352  -0.524096  -1.53648  -0.0167456  1.53059
0.18  1  1.36  -0.5104  -1.54374  -0.0453478  1.52742
0.184  1  1.368  -0.496576  -1.55074  -0.0740963  1.52347
0.188  1  1.376  -0.482624  -1.55747  -0.102983  1.51874
0.192  1  1.384  -0.468544  -1.56392  -0.132002  1.51323
0.196  1  1.392  -0.454336  -1.5701  -0.161143  1.50693
0.2  1  1.4  -0.44  -1.576  -0.1904  1.49984
0.204  1  1.408  -0.425536  -1.58162  -0.219764  1.49195
0.208  1  1.416  -0.410944  -1.58695  -0.249228  1.48327
0.212  1  1.424  -0.396224  -1.592  -0.278784  1.47379
0.216  1  1.432  -0.381376  -1.59675  -0.308422  1.46352
0.22  1  1.44  -0.3664  -1.60122  -0.338135  1.45244
0.224  1  1.448  -0.351296  -1.60538  -0.367915  1.44055
0.228  1  1.456  -0.336064  -1.60925  -0.397752  1.42787
0.232  1  1.464  -0.320704  -1.61281  -0.427638  1.41438
0.236  1  1.472  -0.305216  -1.61606  -0.457565  1.40009
0.24  1  1.48  -0.2896  -1.61901  -0.487524  1.385
0.244  1  1.488  -0.273856  -1.62164  -0.517505  1.3691
0.248  1  1.496  -0.257984  -1.62396  -0.5475  1.3524
0.252  1  1.504  -0.241984  -1.62596  -0.5775  1.3349
0.256  1  1.512  -0.225856  -1.62764  -0.607495  1.3166
0.26  1  1.52  -0.2096  -1.62899  -0.637476  1.2975
0.264  1  1.528  -0.193216  -1.63002  -0.667434  1.27761
0.268  1  1.536  -0.176704  -1.63071  -0.697358  1.25693
0.272  1  1.544  -0.160064  -1.63107  -0.727241  1.23546
0.276  1  1.552  -0.143296  -1.6311  -0.757071  1.2132
0.28  1  1.56  -0.1264  -1.63078  -0.786839  1.19015
0.284  1  1.568  -0.109376  -1.63013  -0.816535  1.16633
0.288  1  1.576  -0.092224  -1.62912  -0.84615  1.14174
0.292  1  1.584  -0.074944  -1.62777  -0.875672  1.11637
0.296  1  1.592  -0.057536  -1.62606  -0.905092  1.09025
0.3  1  1.6  -0.04  -1.624  -0.9344  1.06336
0.304  1  1.608  -0.022336  -1.62158  -0.963585  1.03572
0.308  1  1.616  -0.004544  -1.6188  -0.992636  1.00734
0.312  1  1.624  0.013376  -1.61565  -1.02154  0.97821
0.316  1  1.632  0.031424  -1.61214  -1.0503  0.948353
0.32  1  1.64  0.0496  -1.60826  -1.07888  0.91777
0.324  1  1.648  0.067904  -1.604  -1.10729  0.886471
0.328  1  1.656  0.086336  -1.59936  -1.13552  0.854463
0.332  1  1.664  0.104896  -1.59435  -1.16354  0.821756
0.336  1  1.672  0.123584  -1.58895  -1.19136  0.788358
0.34  1  1.68  0.1424  -1.58317  -1.21895  0.754279
0.344  1  1.688  0.161344  -1.577  -1.24632  0.719529
0.348  1  1.696  0.180416  -1.57043  -1.27344  0.684119
0.352  1  1.704  0.199616  -1.56347  -1.3003  0.64806
0.356  1  1.712  0.218944  -1.55611  -1.3269  0.611362
0.36  1  1.72  0.2384  -1.54835  -1.35321  0.574038
0.364  1  1.728  0.257984  -1.54019  -1.37924  0.5361
0.368  1  1.736  0.277696  -1.53162  -1.40497  0.497561
0.372  1  1.744  0.297536  -1.52263  -1.43038  0.458434
0.376  1  1.752  0.317504  -1.51324  -1.45546  0.418732
0.38  1  1.76  0.3376  -1.50342  -1.4802  0.37847
0.384  1  1.768  0.357824  -1.49319  -1.50459  0.337662
0.388  1  1.776  0.378176  -1.48254  -1.52862  0.296324
0.392  1  1.784  0.398656  -1.47145  -1.55228  0.25447
0.396  1  1.792  0.419264  -1.45994  -1.57554  0.212116
0.4  1  1.8  0.44  -1.448  -1.5984  0.16928
0.404  1  1.808  0.460864  -1.43562  -1.62085  0.125978
0.408  1  1.816  0.481856  -1.42281  -1.64287  0.0822274
0.412  1  1.824  0.502976  -1.40955  -1.66444  0.0380464
0.416  1  1.832  0.524224  -1.39585  -1.68557  -0.00654658
0.42  1  1.84  0.5456  -1.3817  -1.70622  -0.0515327
0.424  1  1.848  0.567104  -1.3671  -1.7264  -0.0968924
0.428  1  1.856  0.588736  -1.35204  -1.74608  -0.142606
0.432  1  1.864  0.610496  -1.33653  -1.76526  -0.188652
0.436  1  1.872  0.632384  -1.32056  -1.78391  -0.235011
0.44  1  1.88  0.6544  -1.30413  -1.80203  -0.281661
0.444  1  1.888  0.676544  -1.28723  -1.8196  -0.328579
0.448  1  1.896  0.698816  -1.26986  -1.83661  -0.375743
0.452  1  1.904  0.721216  -1.25202  -1.85304  -0.42313
0.456  1  1.912  0.743744  -1.23371  -1.86888  -0.470716
0.46  1  1.92  0.7664  -1.21491  -1.88412  -0.518478
0.464  1  1.928  0.789184  -1.19564  -1.89874  -0.566389
0.468  1  1.936  0.812096  -1.17588  -1.91272  -0.614426
0.472  1  1.944  0.835136  -1.15563  -1.92605  -0.662562
0.476  1  1.952  0.858304  -1.13489  -1.93872  -0.71077
0.48  1  1.96  0.8816  -1.11366  -1.95072  -0.759025
0.484  1  1.968  0.905024  -1.09194  -1.96202  -0.807297
0.488  1  1.976  0.928576  -1.06971  -1.97261  -0.85556
0.492  1  1.984  0.952256  -1.04698  -1.98248  -0.903785
0.496  1  1.992  0.976064  -1.02374  -1.99162  -0.951941
0.5  1  2  1  -1  -2  -1
0.504  1  2.008  1.02406  -0.975743  -2.00761  -1.04793
0.508  1  2.016  1.04826  -0.950972  -2.01444  -1.0957
0.512  1  2.024  1.07258  -0.925682  -2.02047  -1.14328
0.516  1  2.032  1.09702  -0.899871  -2.02569  -1.19064
0.52  1  2.04  1.1216  -0.873536  -2.03008  -1.23774
0.524  1  2.048  1.1463  -0.846673  -2.03362  -1.28456
0.528  1  2.056  1.17114  -0.81928  -2.0363  -1.33105
0.532  1  2.064  1.1961  -0.791354  -2.0381  -1.37718
0.536  1  2.072  1.22118  -0.762891  -2.039  -1.42292
0.54  1  2.08  1.2464  -0.733888  -2.039  -1.46823
0.544  1  2.088  1.27174  -0.704343  -2.03807  -1.51308
0.548  1  2.096  1.29722  -0.674251  -2.0362  -1.55742
0.552  1  2.104  1.32282  -0.643611  -2.03336  -1.60122
0.556  1  2.112  1.34854  -0.612419  -2.02955  -1.64444
0.56  1  2.12  1.3744  -0.580672  -2.02475  -1.68705
0.564  1  2.128  1.40038  -0.548367  -2.01894  -1.729
0.568  1  2.136  1.4265  -0.515501  -2.0121  -1.77025
0.572  1  2.144  1.45274  -0.48207  -2.00422  -1.81076
0.576  1  2.152  1.4791  -0.448072  -1.99528  -1.85049
0.58  1  2.16  1.5056  -0.413504  -1.98526  -1.8894
0.584  1  2.168  1.53222  -0.378362  -1.97415  -1.92745
0.588  1  2.176  1.55898  -0.342644  -1.96193  -1.96458
0.592  1  2.184  1.58586  -0.306346  -1.94857  -2.00076
0.596  1  2.192  1.61286  -0.269466  -1.93407  -2.03594
0.6  1  2.2  1.64  -0.232  -1.9184  -2.07008
0.604  1  2.208  1.66726  -0.193945  -1.90155  -2.10313
0.608  1  2.216  1.69466  -0.155298  -1.8835  -2.13504
0.612  1  2.224  1.72218  -0.116057  -1.86423  -2.16576
0.616  1  2.232  1.74982  -0.0762168  -1.84372  -2.19525
0.62  1  2.24  1.7776  -0.035776  -1.82196  -2.22346
0.624  1  2.248  1.8055  0.00526899  -1.79893  -2.25033
0.628  1  2.256  1.83354  0.0469212  -1.7746  -2.27582
0.632  1  2.264  1.8617  0.0891837  -1.74897  -2.29988
0.636  1  2.272  1.88998  0.13206  -1.722  -2.32245
0.64  1  2.28  1.9184  0.175552  -1.69369  -2.34348
0.644  1  2.288  1.94694  0.219664  -1.66402  -2.36292
0.648  1  2.296  1.97562  0.264398  -1.63296  -2.38071
0.652  1  2.304  2.00442  0.309758  -1.60049  -2.3968
0.656  1  2.312  2.03334  0.355747  -1.5666  -2.41113
0.66  1  2.32  2.0624  0.402368  -1.53127  -2.42365
0.664  1  2.328  2.09158  0.449624  -1.49448  -2.4343
0.668  1  2.336  2.1209  0.497517  -1.45621  -2.44302
0.672  1  2.344  2.15034  0.546052  -1.41644  -2.44975
0.676  1  2.352  2.1799  0.59523  -1.37515  -2.45444
0.68  1  2.36  2.2096  0.645056  -1.33232  -2.45702
0.684  1  2.368  2.23942  0.695532  -1.28794  -2.45743
0.688  1  2.376  2.26938  0.746661  -1.24197  -2.45561
0.692  1  2.384  2.29946  0.798447  -1.19441  -2.4515
0.696  1  2.392  2.32966  0.850892  -1.14522  -2.44504
0.7  1  2.4  2.36  0.904  -1.0944  -2.43616
0.704  1  2.408  2.39046  0.957773  -1.04192  -2.4248
0.708  1  2.416  2.42106  1.01222  -0.987759  -2.41088
0.712  1  2.424  2.45178  1.06733  -0.931899  -2.39435
0.716  1  2.432  2.48262  1.12312  -0.87432  -2.37514
0.72  1  2.44  2.5136  1.17958  -0.814999  -2.35318
0.724  1  2.448  2.5447  1.23673  -0.753917  -2.3284
0.728  1  2.456  2.57594  1.29456  -0.691053  -2.30074
0.732  1  2.464  2.6073  1.35308  -0.626385  -2.27011
0.736  1  2.472  2.63878  1.41229  -0.559893  -2.23645
0.74  1  2.48  2.6704  1.47219  -0.491556  -2.19969
0.744  1  2.488  2.70214  1.53279  -0.421352  -2.15976
0.748  1  2.496  2.73402  1.59409  -0.34926  -2.11658
0.752  1  2.504  2.76602  1.65609  -0.27526  -2.07008
0.756  1  2.512  2.79814  1.71879  -0.199328  -2.02018
0.76  1  2.52  2.8304  1.78221  -0.121444  -1.9668
0.764  1  2.528  2.86278  1.84633  -0.0415857  -1.90988
0.768  1  2.536  2.8953  1.91117  0.0402683  -1.84932
0.772  1  2.544  2.92794  1.97673  0.12414  -1.78506
0.776  1  2.552  2.9607  2.04301  0.210052  -1.71701
0.78  1  2.56  2.9936  2.11002  0.298025  -1.6451
0.784  1  2.568  3.02662  2.17775  0.388082  -1.56923
0.788  1  2.576  3.05978  2.24621  0.480246  -1.48934
0.792  1  2.584  3.09306  2.3154  0.574539  -1.40533
0.796  1  2.592  3.12646  2.38533  0.670982  -1.31713
0.8  1  2.6  3.16  2.456  0.7696  -1.22464
0.804  1  2.608  3.19366  2.52741  0.870414  -1.12779
0.808  1  2.616  3.22746  2.59957  0.973447  -1.02648
0.812  1  2.624  3.26138  2.67247  1.07872  -0.920629
0.816  1  2.632  3.29542  2.74613  1.18626  -0.81015
0.82  1  2.64  3.3296  2.82054  1.29609  -0.694953
0.824  1  2.648  3.3639  2.89571  1.40823  -0.574947
0.828  1  2.656  3.39834  2.97164  1.52271  -0.450041
0.832  1  2.664  3.4329  3.04834  1.63954  -0.320144
0.836  1  2.672  3.46758  3.1258  1.75875  -0.185163
0.84  1  2.68  3.5024  3.20403  1.88037  -0.0450041
0.844  1  2.688  3.53734  3.28304  2.00442  0.100427
0.848  1  2.696  3.57242  3.36282  2.13092  0.251227
0.852  1  2.704  3.60762  3.44338  2.2599  0.407491
0.856  1  2.712  3.64294  3.52472  2.39138  0.569317
0.86  1  2.72  3.6784  3.60685  2.52538  0.736803
0.864  1  2.728  3.71398  3.68976  2.66193  0.910049
0.868  1  2.736  3.7497  3.77347  2.80105  1.08915
0.872  1  2.744  3.78554  3.85797  2.94277  1.27422
0.876  1  2.752  3.8215  3.94328  3.08711  1.46535
0.88  1  2.76  3.8576  4.02938  3.2341  1.66264
0.884  1  2.768  3.89382  4.11628  3.38376  1.86621
0.888  1  2.776  3.93018  4.20399  3.53611  2.07615
0.892  1  2.784  3.96666  4.29251  3.69119  2.29257
0.896  1  2.792  4.00326  4.38185  3.84901  2.51558
0.9  1  2.8  4.04  4.472  4.0096  2.74528
0.904  1  2.808  4.07686  4.56297  4.17299  2.98179
0.908  1  2.816  4.11386  4.65476  4.33919  3.22521
0.912  1  2.824  4.15098  4.74738  4.50825  3.47566
0.916  1  2.832  4.18822  4.84083  4.68017  3.73324
0.92  1  2.84  4.2256  4.9351  4.85499  3.99808
0.924  1  2.848  4.2631  5.03022  5.03274  4.27028
0.928  1  2.856  4.30074  5.12617  5.21343  4.54996
0.932  1  2.864  4.3385  5.22296  5.39709  4.83723
0.936  1  2.872  4.37638  5.32059  5.58376  5.13221
0.94  1  2.88  4.4144  5.41907  5.77346  5.43502
0.944  1  2.888  4.45254  5.5184  5.9662  5.74578
0.948  1  2.896  4.49082  5.61859  6.16203  6.06461
0.952  1  2.904  4.52922  5.71963  6.36095  6.39163
0.956  1  2.912  4.56774  5.82153  6.56301  6.72696
0.96  1  2.92  4.6064  5.92429  6.76823  7.07072
0.964  1  2.928  4.64518  6.02791  6.97664  7.42304
0.968  1  2.936  4.6841  6.13241  7.18825  7.78404
0.972  1  2.944  4.72314  6.23778  7.4031  8.15385
0.976  1  2.952  4.7623  6.34402  7.62122  8.5326
0.98  1  2.96  4.8016  6.45114  7.84263  8.92041
0.984  1  2.968  4.84102  6.55914  8.06735  9.31742
0.988  1  2.976  4.88058  6.66802  8.29543  9.72375
0.992  1  2.984  4.92026  6.77779  8.52688  10.1395
0.996  1  2.992  4.96006  6.88845  8.76172  10.5649
1  1  3  5  7  9  11
