-1  1
-0.996  1.11674
-0.992  1.20479
-0.988  1.26681
-0.984  1.30527
-0.98  1.32254
-0.976  1.32081
-0.972  1.30216
-0.968  1.26853
-0.964  1.22177
-0.96  1.16356
-0.956  1.0955
-0.952  1.01909
-0.948  1.09057
-0.944  1.20204
-0.94  1.30543
-0.936  1.40069
-0.932  1.48782
-0.928  1.56682
-0.924  1.63775
-0.92  1.70065
-0.916  1.75564
-0.912  1.80283
-0.908  1.84234
-0.904  1.87434
-0.9  1.89899
-0.896  1.91648
-0.892  1.92701
-0.888  1.93079
-0.884  1.92805
-0.88  1.91903
-0.876  1.90395
-0.872  1.88309
-0.868  1.85668
-0.864  1.825
-0.86  1.78832
-0.856  1.74689
-0.852  1.70101
-0.848  1.65094
-0.844  1.59696
-0.84  1.53934
-0.836  1.47837
-0.832  1.41431
-0.828  1.34745
-0.824  1.27804
-0.82  1.20636
-0.816  1.13268
-0.812  1.05724
-0.808  1.02196
-0.804  1.10701
-0.8  1.1898
-0.796  1.27016
-0.792  1.34793
-0.788  1.42295
-0.784  1.49508
-0.78  1.56421
-0.776  1.6302
-0.772  1.69295
-0.768  1.75237
-0.764  1.80837
-0.76  1.86088
-0.756  1.90983
-0.752  1.95517
-0.748  1.99684
-0.744  2.03482
-0.74  2.06908
-0.736  2.09959
-0.732  2.12634
-0.728  2.14933
-0.724  2.16857
-0.72  2.18407
-0.716  2.19585
-0.712  2.20393
-0.708  2.20835
-0.704  2.20915
-0.7  2.20637
-0.696  2.20006
-0.692  2.19029
-0.688  2.17712
-0.684  2.1606
-0.68  2.14083
-0.676  2.11786
-0.672  2.09179
-0.668  2.0627
-0.664  2.03068
-0.66  1.99582
-0.656  1.95822
-0.652  1.91797
-0.648  1.87519
-0.644  1.82997
-0.64  1.78241
-0.636  1.73264
-0.632  1.68076
-0.628  1.62688
-0.624  1.57111
-0.62  1.51358
-0.616  1.45439
-0.612  1.39367
-0.608  1.33152
-0.604  1.26808
-0.6  1.20345
-0.596  1.13776
-0.592  1.07112
-0.588  1.00364
-0.584  1.06719
-0.58  1.13713
-0.576  1.2059
-0.572  1.27338
-0.568  1.33949
-0.564  1.40412
-0.56  1.4672
-0.556  1.52863
-0.552  1.58833
-0.548  1.64623
-0.544  1.70225
-0.54  1.75632
-0.536  1.80837
-0.532  1.85833
-0.528  1.90616
-0.524  1.95178
-0.52  1.99515
-0.516  2.03623
-0.512  2.07495
-0.508  2.1113
-0.504  2.14522
-0.5  2.17668
-0.496  2.20566
-0.492  2.23212
-0.488  2.25605
-0.484  2.27743
-0.48  2.29624
-0.476  2.31248
-0.472  2.32613
-0.468  2.33719
-0.464  2.34566
-0.46  2.35154
-0.456  2.35484
-0.452  2.35557
-0.448  2.35375
-0.444  2.34939
-0.44  2.3425
-0.436  2.33312
-0.432  2.32126
-0.428  2.30696
-0.424  2.29025
-0.42  2.27116
-0.416  2.24974
-0.412  2.22601
-0.408  2.20002
-0.404  2.17182
-0.4  2.14146
-0.396  2.10899
-0.392  2.07445
-0.388  2.0379
-0.384  1.9994
-0.38  1.959
-0.376  1.91677
-0.372  1.87277
-0.368  1.82707
-0.364  1.77972
-0.36  1.73079
-0.356  1.68036
-0.352  1.62849
-0.348  1.57525
-0.344  1.52072
-0.34  1.46496
-0.336  1.40806
-0.332  1.35009
-0.328  1.29111
-0.324  1.23122
-0.32  1.17048
-0.316  1.10898
-0.312  1.04678
-0.308  1.01633
-0.304  1.08013
-0.3  1.14317
-0.296  1.2054
-0.292  1.26674
-0.288  1.32711
-0.284  1.38645
-0.28  1.44468
-0.276  1.50175
-0.272  1.55759
-0.268  1.61213
-0.264  1.66532
-0.26  1.71709
-0.256  1.76738
-0.252  1.81615
-0.248  1.86333
-0.244  1.90888
-0.24  1.95275
-0.236  1.99488
-0.232  2.03524
-0.228  2.07378
-0.224  2.11046
-0.22  2.14524
-0.216  2.17808
-0.212  2.20895
-0.208  2.23783
-0.204  2.26467
-0.2  2.28945
-0.196  2.31215
-0.192  2.33275
-0.188  2.35122
-0.184  2.36755
-0.18  2.38173
-0.176  2.39373
-0.172  2.40356
-0.168  2.4112
-0.164  2.41665
-0.16  2.41991
-0.156  2.42097
-0.152  2.41984
-0.148  2.41652
-0.144  2.41103
-0.14  2.40336
-0.136  2.39353
-0.132  2.38156
-0.128  2.36747
-0.124  2.35126
-0.12  2.33296
-0.116  2.3126
-0.112  2.29021
-0.108  2.2658
-0.104  2.23941
-0.1  2.21106
-0.096  2.18081
-0.092  2.14867
-0.088  2.1147
-0.084  2.07892
-0.08  2.04138
-0.076  2.00213
-0.072  1.9612
-0.068  1.91865
-0.064  1.87453
-0.06  1.82889
-0.056  1.78177
-0.052  1.73323
-0.048  1.68334
-0.044  1.63213
-0.04  1.57968
-0.036  1.52603
-0.032  1.47126
-0.028  1.41542
-0.024  1.35858
-0.02  1.30079
-0.016  1.24212
-0.012  1.18264
-0.008  1.12242
-0.004  1.06152
0  1
0.004  1.06152
0.008  1.12242
0.012  1.18264
0.016  1.24212
0.02  1.30079
0.024  1.35858
0.028  1.41542
0.032  1.47126
0.036  1.52603
0.04  1.57968
0.044  1.63213
0.048  1.68334
0.052  1.73323
0.056  1.78177
0.06  1.82889
0.064  1.87453
0.068  1.91865
0.072  1.9612
0.076  2.00213
0.08  2.04138
0.084  2.07892
0.088  2.1147
0.092  2.14867
0.096  2.18081
0.1  2.21106
0.104  2.23941
0.108  2.2658
0.112  2.29021
0.116  2.3126
0.12  2.33296
0.124  2.35126
0.128  2.36747
0.132  2.38156
0.136  2.39353
0.14  2.40336
0.144  2.41103
0.148  2.41652
0.152  2.41984
0.156  2.42097
0.16  2.41991
0.164  2.41665
0.168  2.4112
0.172  2.40356
0.176  2.39373
0.18  2.38173
0.184  2.36755
0.188  2.35122
0.192  2.33275
0.196  2.31215
0.2  2.28945
0.204  2.26467
0.208  2.23783
0.212  2.20895
0.216  2.17808
0.22  2.14524
0.224  2.11046
0.228  2.07378
0.232  2.03524
0.236  1.99488
0.24  1.95275
0.244  1.90888
0.248  1.86333
0.252  1.81615
0.256  1.76738
0.26  1.71709
0.264  1.66532
0.268  1.61213
0.272  1.55759
0.276  1.50175
0.28  1.44468
0.284  1.38645
0.288  1.32711
0.292  1.26674
0.296  1.2054
0.3  1.14317
0.304  1.08013
0.308  1.01633
0.312  1.04678
0.316  1.10898
0.32  1.17048
0.324  1.23122
0.328  1.29111
0.332  1.35009
0.336  1.40806
0.34  1.46496
0.344  1.52072
0.348  1.57525
0.352  1.62849
0.356  1.68036
0.36  1.73079
0.364  1.77972
0.368  1.82707
0.372  1.87277
0.376  1.91677
0.38  1.959
0.384  1.9994
0.388  2.0379
0.392  2.07445
0.396  2.10899
0.4  2.14146
0.404  2.17182
0.408  2.20002
0.412  2.22601
0.416  2.24974
0.42  2.27116
0.424  2.29025
0.428  2.30696
0.432  2.32126
0.436  2.33312
0.44  2.3425
0.444  2.34939
0.448  2.35375
0.452  2.35557
0.456  2.35484
0.46  2.35154
0.464  2.34566
0.468  2.33719
0.472  2.32613
0.476  2.31248
0.48  2.29624
0.484  2.27743
0.488  2.25605
0.492  2.23212
0.496  2.20566
0.5  2.17668
0.504  2.14522
0.508  2.1113
0.512  2.07495
0.516  2.03623
0.52  1.99515
0.524  1.95178
0.528  1.90616
0.532  1.85833
0.536  1.80837
0.54  1.75632
0.544  1.70225
0.548  1.64623
0.552  1.58833
0.556  1.52863
0.56  1.4672
0.564  1.40412
0.568  1.33949
0.572  1.27338
0.576  1.2059
0.58  1.13713
0.584  1.06719
0.588  1.00364
0.592  1.07112
0.596  1.13776
0.6  1.20345
0.604  1.26808
0.608  1.33152
0.612  1.39367
0.616  1.45439
0.62  1.51358
0.624  1.57111
0.628  1.62688
0.632  1.68076
0.636  1.73264
0.64  1.78241
0.644  1.82997
0.648  1.87519
0.652  1.91797
0.656  1.95822
0.66  1.99582
0.664  2.03068
0.668  2.0627
0.672  2.09179
0.676  2.11786
0.68  2.14083
0.684  2.1606
0.688  2.17712
0.692  2.19029
0.696  2.20006
0.7  2.20637
0.704  2.20915
0.708  2.20835
0.712  2.20393
0.716  2.19585
0.72  2.18407
0.724  2.16857
0.728  2.14933
0.732  2.12634
0.736  2.09959
0.74  2.06908
0.744  2.03482
0.748  1.99684
0.752  1.95517
0.756  1.90983
0.76  1.86088
0.764  1.80837
0.768  1.75237
0.772  1.69295
0.776  1.6302
0.78  1.56421
0.784  1.49508
0.788  1.42295
0.792  1.34793
0.796  1.27016
0.8  1.1898
0.804  1.10701
0.808  1.02196
0.812  1.05724
0.816  1.13268
0.82  1.20636
0.824  1.27804
0.828  1.34745
0.832  1.41431
0.836  1.47837
0.84  1.53934
0.844  1.59696
0.848  1.65094
0.852  1.70101
0.856  1.74689
0.86  1.78832
0.864  1.825
0.868  1.85668
0.872  1.88309
0.876  1.90395
0.88  1.91903
0.884  1.92805
0.888  1.93079
0.892  1.92701
0.896  1.91648
0.9  1.89899
0.904  1.87434
0.908  1.84234
0.912  1.80283
0.916  1.75564
0.92  1.70065
0.924  1.63775
0.928  1.56682
0.932  1.48782
0.936  1.40069
0.94  1.30543
0.944  1.20204
0.948  1.09057
0.952  1.01909
0.956  1.0955
0.96  1.16356
0.964  1.22177
0.968  1.26853
0.972  1.30216
0.976  1.32081
0.98  1.32254
0.984  1.30527
0.988  1.26681
0.992  1.20479
0.996  1.11674
1  1
