-1  2.32161
-0.996  1.70562
-0.992  1.16312
-0.988  1.17265
-0.984  1.3901
-0.98  1.56377
-0.976  1.69755
-0.972  1.79512
-0.968  1.85995
-0.964  1.8953
-0.96  1.90423
-0.956  1.88961
-0.952  1.85413
-0.948  1.80033
-0.944  1.73054
-0.94  1.64697
-0.936  1.55166
-0.932  1.44652
-0.928  1.3333
-0.924  1.21364
-0.92  1.08904
-0.916  1.03238
-0.912  1.1358
-0.908  1.23353
-0.904  1.32522
-0.9  1.41059
-0.896  1.4894
-0.892  1.56146
-0.888  1.62662
-0.884  1.6848
-0.88  1.73592
-0.876  1.77996
-0.872  1.81695
-0.868  1.84691
-0.864  1.86993
-0.86  1.8861
-0.856  1.89555
-0.852  1.89844
-0.848  1.89491
-0.844  1.88517
-0.84  1.86942
-0.836  1.84787
-0.832  1.82076
-0.828  1.78833
-0.824  1.75083
-0.82  1.70853
-0.816  1.66169
-0.812  1.61059
-0.808  1.55551
-0.804  1.49673
-0.8  1.43453
-0.796  1.3692
-0.792  1.30103
-0.788  1.2303
-0.784  1.1573
-0.78  1.0823
-0.776  1.0056
-0.772  1.06596
-0.768  1.135
-0.764  1.20176
-0.76  1.26609
-0.756  1.32787
-0.752  1.38698
-0.748  1.44331
-0.744  1.49675
-0.74  1.54722
-0.736  1.59463
-0.732  1.6389
-0.728  1.67998
-0.724  1.71781
-0.72  1.75235
-0.716  1.78354
-0.712  1.81138
-0.708  1.83583
-0.704  1.85688
-0.7  1.87453
-0.696  1.88877
-0.692  1.89963
-0.688  1.90711
-0.684  1.91124
-0.68  1.91206
-0.676  1.90958
-0.672  1.90387
-0.668  1.89497
-0.664  1.88293
-0.66  1.86781
-0.656  1.84968
-0.652  1.82861
-0.648  1.80468
-0.644  1.77795
-0.64  1.74853
-0.636  1.71648
-0.632  1.68191
-0.628  1.6449
-0.624  1.60556
-0.62  1.56399
-0.616  1.52028
-0.612  1.47454
-0.608  1.42689
-0.604  1.37742
-0.6  1.32626
-0.596  1.2735
-0.592  1.21927
-0.588  1.16368
-0.584  1.10685
-0.58  1.04888
-0.576  1.00991
-0.572  1.06749
-0.568  1.1238
-0.564  1.17877
-0.56  1.23231
-0.556  1.28434
-0.552  1.33479
-0.548  1.38358
-0.544  1.43064
-0.54  1.47592
-0.536  1.51934
-0.532  1.56085
-0.528  1.6004
-0.524  1.63793
-0.52  1.67341
-0.516  1.70678
-0.512  1.73801
-0.508  1.76706
-0.504  1.7939
-0.5  1.81851
-0.496  1.84085
-0.492  1.86092
-0.488  1.87869
-0.484  1.89415
-0.48  1.90729
-0.476  1.9181
-0.472  1.92659
-0.468  1.93275
-0.464  1.93659
-0.46  1.93811
-0.456  1.93733
-0.452  1.93427
-0.448  1.92893
-0.444  1.92135
-0.44  1.91154
-0.436  1.89953
-0.432  1.88536
-0.428  1.86904
-0.424  1.85063
-0.42  1.83015
-0.416  1.80765
-0.412  1.78318
-0.408  1.75677
-0.404  1.72847
-0.4  1.69834
-0.396  1.66642
-0.392  1.63277
-0.388  1.59745
-0.384  1.56052
-0.38  1.52203
-0.376  1.48204
-0.372  1.44063
-0.368  1.39785
-0.364  1.35376
-0.36  1.30844
-0.356  1.26196
-0.352  1.21437
-0.348  1.16577
-0.344  1.1162
-0.34  1.06575
-0.336  1.01449
-0.332  1.03817
-0.328  1.09042
-0.324  1.1417
-0.32  1.19196
-0.316  1.24112
-0.312  1.28913
-0.308  1.33593
-0.304  1.38144
-0.3  1.42563
-0.296  1.46843
-0.292  1.50979
-0.288  1.54967
-0.284  1.58801
-0.28  1.62477
-0.276  1.6599
-0.272  1.69337
-0.268  1.72513
-0.264  1.75515
-0.26  1.7834
-0.256  1.80984
-0.252  1.83444
-0.248  1.85718
-0.244  1.87804
-0.24  1.89699
-0.236  1.91401
-0.232  1.92909
-0.228  1.94222
-0.224  1.95338
-0.22  1.96256
-0.216  1.96976
-0.212  1.97497
-0.208  1.97819
-0.204  1.97943
-0.2  1.97868
-0.196  1.97596
-0.192  1.97126
-0.188  1.96462
-0.184  1.95602
-0.18  1.9455
-0.176  1.93307
-0.172  1.91874
-0.168  1.90255
-0.164  1.88452
-0.16  1.86467
-0.156  1.84303
-0.152  1.81964
-0.148  1.79452
-0.144  1.76771
-0.14  1.73926
-0.136  1.70919
-0.132  1.67755
-0.128  1.64438
-0.124  1.60972
-0.12  1.57363
-0.116  1.53615
-0.112  1.49732
-0.108  1.4572
-0.104  1.41584
-0.1  1.3733
-0.096  1.32962
-0.092  1.28486
-0.088  1.23908
-0.084  1.19234
-0.08  1.1447
-0.076  1.09621
-0.072  1.04694
-0.068  1.00326
-0.064  1.0566
-0.06  1.10915
-0.056  1.16084
-0.052  1.2116
-0.048  1.26137
-0.044  1.31009
-0.04  1.35769
-0.036  1.40411
-0.032  1.4493
-0.028  1.4932
-0.024  1.53575
-0.02  1.5769
-0.016  1.6166
-0.012  1.65479
-0.008  1.69143
-0.004  1.72647
0  1.75987
0.004  1.79159
0.008  1.82158
0.012  1.84981
0.016  1.87624
0.02  1.90084
0.024  1.92357
0.028  1.94442
0.032  1.96334
0.036  1.98033
0.04  1.99535
0.044  2.00839
0.048  2.01943
0.052  2.02845
0.056  2.03545
0.06  2.04042
0.064  2.04334
0.068  2.04422
0.072  2.04306
0.076  2.03984
0.08  2.03459
0.084  2.0273
0.088  2.01799
0.092  2.00666
0.096  1.99333
0.1  1.97801
0.104  1.96073
0.108  1.9415
0.112  1.92036
0.116  1.89732
0.12  1.87241
0.124  1.84567
0.128  1.81713
0.132  1.78682
0.136  1.75478
0.14  1.72106
0.144  1.68569
0.148  1.64873
0.152  1.61021
0.156  1.57018
0.16  1.5287
0.164  1.48582
0.168  1.44159
0.172  1.39606
0.176  1.34931
0.18  1.30138
0.184  1.25234
0.188  1.20224
0.192  1.15116
0.196  1.09916
0.2  1.0463
0.204  1.00812
0.208  1.06745
0.212  1.12599
0.216  1.18366
0.22  1.24037
0.224  1.29605
0.228  1.35061
0.232  1.40397
0.236  1.45605
0.24  1.50677
0.244  1.55606
0.248  1.60385
0.252  1.65005
0.256  1.6946
0.26  1.73742
0.264  1.77846
0.268  1.81764
0.272  1.85491
0.276  1.8902
0.28  1.92345
0.284  1.95461
0.288  1.98362
0.292  2.01045
0.296  2.03503
0.3  2.05732
0.304  2.07729
0.308  2.09489
0.312  2.1101
0.316  2.12287
0.32  2.13319
0.324  2.14102
0.328  2.14634
0.332  2.14915
0.336  2.14942
0.34  2.14714
0.344  2.14231
0.348  2.13492
0.352  2.12498
0.356  2.11248
0.36  2.09745
0.364  2.07989
0.368  2.05982
0.372  2.03725
0.376  2.01222
0.38  1.98475
0.384  1.95487
0.388  1.92262
0.392  1.88805
0.396  1.85118
0.4  1.81208
0.404  1.7708
0.408  1.72738
0.412  1.68189
0.416  1.6344
0.42  1.58496
0.424  1.53366
0.428  1.48056
0.432  1.42574
0.436  1.36928
0.44  1.31127
0.444  1.25179
0.448  1.19093
0.452  1.12879
0.456  1.06547
0.46  1.00106
0.464  1.07311
0.468  1.14663
0.472  1.21918
0.476  1.29063
0.48  1.36084
0.484  1.42968
0.488  1.49699
0.492  1.56265
0.496  1.6265
0.5  1.68843
0.504  1.74829
0.508  1.80594
0.512  1.86126
0.516  1.91412
0.52  1.96439
0.524  2.01194
0.528  2.05667
0.532  2.09845
0.536  2.13716
0.54  2.17271
0.544  2.20499
0.548  2.2339
0.552  2.25934
0.556  2.28123
0.56  2.29948
0.564  2.31402
0.568  2.32478
0.572  2.3317
0.576  2.33471
0.58  2.33377
0.584  2.32884
0.588  2.31988
0.592  2.30686
0.596  2.28977
0.6  2.26861
0.604  2.24336
0.608  2.21403
0.612  2.18065
0.616  2.14325
0.62  2.10185
0.624  2.05651
0.628  2.00727
0.632  1.95422
0.636  1.89743
0.64  1.83698
0.644  1.77297
0.648  1.70551
0.652  1.63473
0.656  1.56075
0.66  1.48371
0.664  1.40377
0.668  1.32108
0.672  1.23583
0.676  1.1482
0.68  1.05838
0.684  1.03968
0.688  1.14897
0.692  1.2574
0.696  1.36464
0.7  1.47035
0.704  1.57419
0.708  1.6758
0.712  1.77483
0.716  1.8709
0.72  1.96367
0.724  2.05274
0.728  2.13776
0.732  2.21835
0.736  2.29413
0.74  2.36473
0.744  2.42978
0.748  2.48893
0.752  2.54179
0.756  2.58803
0.76  2.6273
0.764  2.65926
0.768  2.68359
0.772  2.69998
0.776  2.70813
0.78  2.70777
0.784  2.69864
0.788  2.68052
0.792  2.65318
0.796  2.61645
0.8  2.57017
0.804  2.51424
0.808  2.44855
0.812  2.37306
0.816  2.28778
0.82  2.19273
0.824  2.08802
0.828  1.97376
0.832  1.85017
0.836  1.71749
0.84  1.57604
0.844  1.4262
0.848  1.26842
0.852  1.10325
0.856  1.08432
0.86  1.29932
0.864  1.5157
0.868  1.73215
0.872  1.94726
0.876  2.15946
0.88  2.36707
0.884  2.56825
0.888  2.76103
0.892  2.94325
0.896  3.11263
0.9  3.26668
0.904  3.40276
0.908  3.51801
0.912  3.60939
0.916  3.67367
0.92  3.70739
0.924  3.70685
0.928  3.66815
0.932  3.58714
0.936  3.45939
0.94  3.28024
0.944  3.04474
0.948  2.74766
0.952  2.38346
0.956  1.94633
0.96  1.43009
0.964  1.2156
0.968  2.07811
0.972  3.05032
0.976  4.14025
0.98  5.35633
0.984  6.70739
0.988  8.2027
0.992  9.85199
0.996  11.6654
1  13.6536
