-1  2.48943
-0.996  1.84808
-0.992  1.28024
-0.988  1.13171
-0.984  1.38492
-0.98  1.59194
-0.976  1.75666
-0.972  1.88276
-0.968  1.97371
-0.964  2.03279
-0.96  2.06309
-0.956  2.06751
-0.952  2.0488
-0.948  2.0095
-0.944  1.95205
-0.94  1.87869
-0.936  1.79152
-0.932  1.69254
-0.928  1.58356
-0.924  1.46629
-0.92  1.34233
-0.916  1.21314
-0.912  1.08008
-0.908  1.04646
-0.904  1.15687
-0.9  1.26202
-0.896  1.36151
-0.892  1.45501
-0.888  1.54222
-0.884  1.62291
-0.88  1.69689
-0.876  1.76401
-0.872  1.82417
-0.868  1.87731
-0.864  1.92338
-0.86  1.9624
-0.856  1.99439
-0.852  2.01942
-0.848  2.03757
-0.844  2.04896
-0.84  2.05371
-0.836  2.05199
-0.832  2.04396
-0.828  2.02982
-0.824  2.00977
-0.82  1.98401
-0.816  1.9528
-0.812  1.91635
-0.808  1.87493
-0.804  1.82878
-0.8  1.77818
-0.796  1.72338
-0.792  1.66465
-0.788  1.60228
-0.784  1.53654
-0.78  1.46771
-0.776  1.39605
-0.772  1.32186
-0.768  1.2454
-0.764  1.16695
-0.76  1.08678
-0.756  1.00515
-0.752  1.06981
-0.748  1.14247
-0.744  1.21311
-0.74  1.2816
-0.736  1.34777
-0.732  1.41152
-0.728  1.47271
-0.724  1.53124
-0.72  1.587
-0.716  1.63989
-0.712  1.68983
-0.708  1.73674
-0.704  1.78055
-0.7  1.82119
-0.696  1.85862
-0.692  1.89279
-0.688  1.92366
-0.684  1.9512
-0.68  1.9754
-0.676  1.99622
-0.672  2.01368
-0.668  2.02776
-0.664  2.03847
-0.66  2.04584
-0.656  2.04987
-0.652  2.05059
-0.648  2.04804
-0.644  2.04225
-0.64  2.03327
-0.636  2.02115
-0.632  2.00594
-0.628  1.9877
-0.624  1.9665
-0.62  1.94241
-0.616  1.91549
-0.612  1.88583
-0.608  1.85351
-0.604  1.81862
-0.6  1.78123
-0.596  1.74145
-0.592  1.69937
-0.588  1.65508
-0.584  1.60869
-0.58  1.5603
-0.576  1.51001
-0.572  1.45792
-0.568  1.40416
-0.564  1.34882
-0.56  1.29201
-0.556  1.23386
-0.552  1.17446
-0.548  1.11393
-0.544  1.05239
-0.54  1.00955
-0.536  1.06855
-0.532  1.12647
-0.528  1.18322
-0.524  1.23873
-0.52  1.2929
-0.516  1.34567
-0.512  1.39697
-0.508  1.44671
-0.504  1.49484
-0.5  1.54129
-0.496  1.586
-0.492  1.62891
-0.488  1.66997
-0.484  1.70913
-0.48  1.74633
-0.476  1.78153
-0.472  1.8147
-0.468  1.84578
-0.464  1.87476
-0.46  1.90159
-0.456  1.92624
-0.452  1.9487
-0.448  1.96894
-0.444  1.98695
-0.44  2.00269
-0.436  2.01618
-0.432  2.02739
-0.428  2.03632
-0.424  2.04298
-0.42  2.04735
-0.416  2.04945
-0.412  2.04927
-0.408  2.04685
-0.404  2.04217
-0.4  2.03527
-0.396  2.02616
-0.392  2.01487
-0.388  2.00141
-0.384  1.98582
-0.38  1.96812
-0.376  1.94836
-0.372  1.92656
-0.368  1.90276
-0.364  1.877
-0.36  1.84933
-0.356  1.81979
-0.352  1.78842
-0.348  1.75528
-0.344  1.72042
-0.34  1.68389
-0.336  1.64574
-0.332  1.60604
-0.328  1.56483
-0.324  1.52219
-0.32  1.47816
-0.316  1.43282
-0.312  1.38623
-0.308  1.33845
-0.304  1.28955
-0.3  1.23959
-0.296  1.18866
-0.292  1.1368
-0.288  1.0841
-0.284  1.03063
-0.28  1.02289
-0.276  1.07518
-0.272  1.12666
-0.268  1.17727
-0.264  1.22693
-0.26  1.2756
-0.256  1.32322
-0.252  1.36973
-0.248  1.41507
-0.244  1.45919
-0.24  1.50205
-0.236  1.54358
-0.232  1.58375
-0.228  1.6225
-0.224  1.6598
-0.22  1.6956
-0.216  1.72985
-0.212  1.76253
-0.208  1.79359
-0.204  1.823
-0.2  1.85073
-0.196  1.87674
-0.192  1.90101
-0.188  1.92352
-0.184  1.94423
-0.18  1.96312
-0.176  1.98018
-0.172  1.9954
-0.168  2.00874
-0.164  2.0202
-0.16  2.02978
-0.156  2.03745
-0.152  2.04322
-0.148  2.04707
-0.144  2.04902
-0.14  2.04905
-0.136  2.04717
-0.132  2.04339
-0.128  2.03771
-0.124  2.03014
-0.12  2.02069
-0.116  2.00938
-0.112  1.99622
-0.108  1.98123
-0.104  1.96442
-0.1  1.94582
-0.096  1.92546
-0.092  1.90336
-0.088  1.87954
-0.084  1.85404
-0.08  1.82688
-0.076  1.79811
-0.072  1.76775
-0.068  1.73585
-0.064  1.70244
-0.06  1.66755
-0.056  1.63125
-0.052  1.59355
-0.048  1.55452
-0.044  1.5142
-0.04  1.47264
-0.036  1.42988
-0.032  1.38597
-0.028  1.34097
-0.024  1.29494
-0.02  1.24792
-0.016  1.19997
-0.012  1.15114
-0.008  1.1015
-0.004  1.0511
0  1
0.004  1.0511
0.008  1.1015
0.012  1.15114
0.016  1.19997
0.02  1.24792
0.024  1.29494
0.028  1.34097
0.032  1.38597
0.036  1.42988
0.04  1.47264
0.044  1.5142
0.048  1.55452
0.052  1.59355
0.056  1.63125
0.06  1.66755
0.064  1.70244
0.068  1.73585
0.072  1.76775
0.076  1.79811
0.08  1.82688
0.084  1.85404
0.088  1.87954
0.092  1.90336
0.096  1.92546
0.1  1.94582
0.104  1.96442
0.108  1.98123
0.112  1.99622
0.116  2.00938
0.12  2.02069
0.124  2.03014
0.128  2.03771
0.132  2.04339
0.136  2.04717
0.14  2.04905
0.144  2.04902
0.148  2.04707
0.152  2.04322
0.156  2.03745
0.16  2.02978
0.164  2.0202
0.168  2.00874
0.172  1.9954
0.176  1.98018
0.18  1.96312
0.184  1.94423
0.188  1.92352
0.192  1.90101
0.196  1.87674
0.2  1.85073
0.204  1.823
0.208  1.79359
0.212  1.76253
0.216  1.72985
0.22  1.6956
0.224  1.6598
0.228  1.6225
0.232  1.58375
0.236  1.54358
0.24  1.50205
0.244  1.45919
0.248  1.41507
0.252  1.36973
0.256  1.32322
0.26  1.2756
0.264  1.22693
0.268  1.17727
0.272  1.12666
0.276  1.07518
0.28  1.02289
0.284  1.03063
0.288  1.0841
0.292  1.1368
0.296  1.18866
0.3  1.23959
0.304  1.28955
0.308  1.33845
0.312  1.38623
0.316  1.43282
0.32  1.47816
0.324  1.52219
0.328  1.56483
0.332  1.60604
0.336  1.64574
0.34  1.68389
0.344  1.72042
0.348  1.75528
0.352  1.78842
0.356  1.81979
0.36  1.84933
0.364  1.877
0.368  1.90276
0.372  1.92656
0.376  1.94836
0.38  1.96812
0.384  1.98582
0.388  2.00141
0.392  2.01487
0.396  2.02616
0.4  2.03527
0.404  2.04217
0.408  2.04685
0.412  2.04927
0.416  2.04945
0.42  2.04735
0.424  2.04298
0.428  2.03632
0.432  2.02739
0.436  2.01618
0.44  2.00269
0.444  1.98695
0.448  1.96894
0.452  1.9487
0.456  1.92624
0.46  1.90159
0.464  1.87476
0.468  1.84578
0.472  1.8147
0.476  1.78153
0.48  1.74633
0.484  1.70913
0.488  1.66997
0.492  1.62891
0.496  1.586
0.5  1.54129
0.504  1.49484
0.508  1.44671
0.512  1.39697
0.516  1.34567
0.52  1.2929
0.524  1.23873
0.528  1.18322
0.532  1.12647
0.536  1.06855
0.54  1.00955
0.544  1.05239
0.548  1.11393
0.552  1.17446
0.556  1.23386
0.56  1.29201
0.564  1.34882
0.568  1.40416
0.572  1.45792
0.576  1.51001
0.58  1.5603
0.584  1.60869
0.588  1.65508
0.592  1.69937
0.596  1.74145
0.6  1.78123
0.604  1.81862
0.608  1.85351
0.612  1.88583
0.616  1.91549
0.62  1.94241
0.624  1.9665
0.628  1.9877
0.632  2.00594
0.636  2.02115
0.64  2.03327
0.644  2.04225
0.648  2.04804
0.652  2.05059
0.656  2.04987
0.66  2.04584
0.664  2.03847
0.668  2.02776
0.672  2.01368
0.676  1.99622
0.68  1.9754
0.684  1.9512
0.688  1.92366
0.692  1.89279
0.696  1.85862
0.7  1.82119
0.704  1.78055
0.708  1.73674
0.712  1.68983
0.716  1.63989
0.72  1.587
0.724  1.53124
0.728  1.47271
0.732  1.41152
0.736  1.34777
0.74  1.2816
0.744  1.21311
0.748  1.14247
0.752  1.06981
0.756  1.00515
0.76  1.08678
0.764  1.16695
0.768  1.2454
0.772  1.32186
0.776  1.39605
0.78  1.46771
0.784  1.53654
0.788  1.60228
0.792  1.66465
0.796  1.72338
0.8  1.77818
0.804  1.82878
0.808  1.87493
0.812  1.91635
0.816  1.9528
0.82  1.98401
0.824  2.00977
0.828  2.02982
0.832  2.04396
0.836  2.05199
0.84  2.05371
0.844  2.04896
0.848  2.03757
0.852  2.01942
0.856  1.99439
0.86  1.9624
0.864  1.92338
0.868  1.87731
0.872  1.82417
0.876  1.76401
0.88  1.69689
0.884  1.62291
0.888  1.54222
0.892  1.45501
0.896  1.36151
0.9  1.26202
0.904  1.15687
0.908  1.04646
0.912  1.08008
0.916  1.21314
0.92  1.34233
0.924  1.46629
0.928  1.58356
0.932  1.69254
0.936  1.79152
0.94  1.87869
0.944  1.95205
0.948  2.0095
0.952  2.0488
0.956  2.06751
0.96  2.06309
0.964  2.03279
0.968  1.97371
0.972  1.88276
0.976  1.75666
0.98  1.59194
0.984  1.38492
0.988  1.13171
0.992  1.28024
0.996  1.84808
1  2.48943
