-1  1
-0.996  5.38773
-0.992  9.3131
-0.988  12.8053
-0.984  15.8924
-0.98  18.6008
-0.976  20.9561
-0.972  22.9823
-0.968  24.7027
-0.964  26.139
-0.96  27.3121
-0.956  28.242
-0.952  28.9473
-0.948  29.4461
-0.944  29.7552
-0.94  29.8907
-0.936  29.8678
-0.932  29.701
-0.928  29.4037
-0.924  28.9888
-0.92  28.4685
-0.916  27.8542
-0.912  27.1564
-0.908  26.3855
-0.904  25.5507
-0.9  24.661
-0.896  23.7247
-0.892  22.7495
-0.888  21.7427
-0.884  20.711
-0.88  19.6606
-0.876  18.5975
-0.872  17.5269
-0.868  16.4538
-0.864  15.3828
-0.86  14.3181
-0.856  13.2636
-0.852  12.2226
-0.848  11.1984
-0.844  10.1939
-0.84  9.21163
-0.836  8.25388
-0.832  7.32271
-0.828  6.41991
-0.824  5.54705
-0.82  4.70546
-0.816  3.8963
-0.812  3.12049
-0.808  2.37881
-0.804  1.67183
-0.8  1
-0.796  1.5636
-0.792  2.09239
-0.788  2.58648
-0.784  3.04607
-0.78  3.47147
-0.776  3.86308
-0.772  4.2214
-0.768  4.547
-0.764  4.84053
-0.76  5.10271
-0.756  5.33429
-0.752  5.53611
-0.748  5.70904
-0.744  5.854
-0.74  5.97193
-0.736  6.06383
-0.732  6.1307
-0.728  6.17357
-0.724  6.1935
-0.72  6.19155
-0.716  6.1688
-0.712  6.12631
-0.708  6.06519
-0.704  5.98652
-0.7  5.89137
-0.696  5.78081
-0.692  5.65593
-0.688  5.51776
-0.684  5.36736
-0.68  5.20575
-0.676  5.03394
-0.672  4.85292
-0.668  4.66366
-0.664  4.4671
-0.66  4.26417
-0.656  4.05577
-0.652  3.84277
-0.648  3.62601
-0.644  3.40632
-0.64  3.18448
-0.636  2.96125
-0.632  2.73736
-0.628  2.51351
-0.624  2.29037
-0.62  2.06858
-0.616  1.84874
-0.612  1.63144
-0.608  1.41721
-0.604  1.20657
-0.6  1
-0.596  1.15284
-0.592  1.29982
-0.588  1.4407
-0.584  1.57522
-0.58  1.70317
-0.576  1.82437
-0.572  1.93866
-0.568  2.04589
-0.564  2.14595
-0.56  2.23875
-0.556  2.32421
-0.552  2.4023
-0.548  2.47298
-0.544  2.53624
-0.54  2.59211
-0.536  2.64061
-0.532  2.68178
-0.528  2.71571
-0.524  2.74247
-0.52  2.76216
-0.516  2.77489
-0.512  2.78081
-0.508  2.78004
-0.504  2.77275
-0.5  2.75909
-0.496  2.73926
-0.492  2.71344
-0.488  2.68183
-0.484  2.64464
-0.48  2.60208
-0.476  2.55438
-0.472  2.50176
-0.468  2.44447
-0.464  2.38275
-0.46  2.31684
-0.456  2.24699
-0.452  2.17346
-0.448  2.0965
-0.444  2.01638
-0.44  1.93335
-0.436  1.84767
-0.432  1.7596
-0.428  1.6694
-0.424  1.57734
-0.42  1.48367
-0.416  1.38864
-0.412  1.29251
-0.408  1.19553
-0.404  1.09795
-0.4  1
-0.396  1.06679
-0.392  1.13172
-0.388  1.19468
-0.384  1.25553
-0.38  1.31416
-0.376  1.37045
-0.372  1.4243
-0.368  1.47561
-0.364  1.52428
-0.36  1.57023
-0.356  1.61338
-0.352  1.65366
-0.348  1.69099
-0.344  1.72533
-0.34  1.75661
-0.336  1.7848
-0.332  1.80985
-0.328  1.83174
-0.324  1.85043
-0.32  1.86591
-0.316  1.87817
-0.312  1.88721
-0.308  1.89302
-0.304  1.89562
-0.3  1.89502
-0.296  1.89124
-0.292  1.88431
-0.288  1.87427
-0.284  1.86115
-0.28  1.845
-0.276  1.82587
-0.272  1.80382
-0.268  1.7789
-0.264  1.7512
-0.26  1.72077
-0.256  1.6877
-0.252  1.65207
-0.248  1.61396
-0.244  1.57347
-0.24  1.53068
-0.236  1.48571
-0.232  1.43864
-0.228  1.38958
-0.224  1.33865
-0.22  1.28595
-0.216  1.2316
-0.212  1.17571
-0.208  1.11839
-0.204  1.05979
-0.2  1
-0.196  1.04507
-0.192  1.08889
-0.188  1.13141
-0.184  1.17253
-0.18  1.21221
-0.176  1.25038
-0.172  1.28697
-0.168  1.32193
-0.164  1.35519
-0.16  1.38672
-0.156  1.41646
-0.152  1.44435
-0.148  1.47036
-0.144  1.49444
-0.14  1.51656
-0.136  1.53668
-0.132  1.55477
-0.128  1.5708
-0.124  1.58475
-0.12  1.59658
-0.116  1.60629
-0.112  1.61386
-0.108  1.61927
-0.104  1.62253
-0.1  1.62361
-0.096  1.62253
-0.092  1.61927
-0.088  1.61386
-0.084  1.60629
-0.08  1.59658
-0.076  1.58475
-0.072  1.5708
-0.068  1.55477
-0.064  1.53668
-0.06  1.51656
-0.056  1.49444
-0.052  1.47036
-0.048  1.44435
-0.044  1.41646
-0.04  1.38672
-0.036  1.35519
-0.032  1.32193
-0.028  1.28697
-0.024  1.25038
-0.02  1.21221
-0.016  1.17253
-0.012  1.13141
-0.008  1.08889
-0.004  1.04507
0  1
0.004  1.04507
0.008  1.08889
0.012  1.13141
0.016  1.17253
0.02  1.21221
0.024  1.25038
0.028  1.28697
0.032  1.32193
0.036  1.35519
0.04  1.38672
0.044  1.41646
0.048  1.44435
0.052  1.47036
0.056  1.49444
0.06  1.51656
0.064  1.53668
0.068  1.55477
0.072  1.5708
0.076  1.58475
0.08  1.59658
0.084  1.60629
0.088  1.61386
0.092  1.61927
0.096  1.62253
0.1  1.62361
0.104  1.62253
0.108  1.61927
0.112  1.61386
0.116  1.60629
0.12  1.59658
0.124  1.58475
0.128  1.5708
0.132  1.55477
0.136  1.53668
0.14  1.51656
0.144  1.49444
0.148  1.47036
0.152  1.44435
0.156  1.41646
0.16  1.38672
0.164  1.35519
0.168  1.32193
0.172  1.28697
0.176  1.25038
0.18  1.21221
0.184  1.17253
0.188  1.13141
0.192  1.08889
0.196  1.04507
0.2  1
0.204  1.05979
0.208  1.11839
0.212  1.17571
0.216  1.2316
0.22  1.28595
0.224  1.33865
0.228  1.38958
0.232  1.43864
0.236  1.48571
0.24  1.53068
0.244  1.57347
0.248  1.61396
0.252  1.65207
0.256  1.6877
0.26  1.72077
0.264  1.7512
0.268  1.7789
0.272  1.80382
0.276  1.82587
0.28  1.845
0.284  1.86115
0.288  1.87427
0.292  1.88431
0.296  1.89124
0.3  1.89502
0.304  1.89562
0.308  1.89302
0.312  1.88721
0.316  1.87817
0.32  1.86591
0.324  1.85043
0.328  1.83174
0.332  1.80985
0.336  1.7848
0.34  1.75661
0.344  1.72533
0.348  1.69099
0.352  1.65366
0.356  1.61338
0.36  1.57023
0.364  1.52428
0.368  1.47561
0.372  1.4243
0.376  1.37045
0.38  1.31416
0.384  1.25553
0.388  1.19468
0.392  1.13172
0.396  1.06679
0.4  1
0.404  1.09795
0.408  1.19553
0.412  1.29251
0.416  1.38864
0.42  1.48367
0.424  1.57734
0.428  1.6694
0.432  1.7596
0.436  1.84767
0.44  1.93335
0.444  2.01638
0.448  2.0965
0.452  2.17346
0.456  2.24699
0.46  2.31684
0.464  2.38275
0.468  2.44447
0.472  2.50176
0.476  2.55438
0.48  2.60208
0.484  2.64464
0.488  2.68183
0.492  2.71344
0.496  2.73926
0.5  2.75909
0.504  2.77275
0.508  2.78004
0.512  2.78081
0.516  2.77489
0.52  2.76216
0.524  2.74247
0.528  2.71571
0.532  2.68178
0.536  2.64061
0.54  2.59211
0.544  2.53624
0.548  2.47298
0.552  2.4023
0.556  2.32421
0.56  2.23875
0.564  2.14595
0.568  2.04589
0.572  1.93866
0.576  1.82437
0.58  1.70317
0.584  1.57522
0.588  1.4407
0.592  1.29982
0.596  1.15284
0.6  1
0.604  1.20657
0.608  1.41721
0.612  1.63144
0.616  1.84874
0.62  2.06858
0.624  2.29037
0.628  2.51351
0.632  2.73736
0.636  2.96125
0.64  3.18448
0.644  3.40632
0.648  3.62601
0.652  3.84277
0.656  4.05577
0.66  4.26417
0.664  4.4671
0.668  4.66366
0.672  4.85292
0.676  5.03394
0.68  5.20575
0.684  5.36736
0.688  5.51776
0.692  5.65593
0.696  5.78081
0.7  5.89137
0.704  5.98652
0.708  6.06519
0.712  6.12631
0.716  6.1688
0.72  6.19155
0.724  6.1935
0.728  6.17357
0.732  6.1307
0.736  6.06383
0.74  5.97193
0.744  5.854
0.748  5.70904
0.752  5.53611
0.756  5.33429
0.76  5.10271
0.764  4.84053
0.768  4.547
0.772  4.2214
0.776  3.86308
0.78  3.47147
0.784  3.04607
0.788  2.58648
0.792  2.09239
0.796  1.5636
0.8  1
0.804  1.67183
0.808  2.37881
0.812  3.12049
0.816  3.8963
0.82  4.70546
0.824  5.54705
0.828  6.41991
0.832  7.32271
0.836  8.25388
0.84  9.21163
0.844  10.1939
0.848  11.1984
0.852  12.2226
0.856  13.2636
0.86  14.3181
0.864  15.3828
0.868  16.4538
0.872  17.5269
0.876  18.5975
0.88  19.6606
0.884  20.711
0.888  21.7427
0.892  22.7495
0.896  23.7247
0.9  24.661
0.904  25.5507
0.908  26.3855
0.912  27.1564
0.916  27.8542
0.92  28.4685
0.924  28.9888
0.928  29.4037
0.932  29.701
0.936  29.8678
0.94  29.8907
0.944  29.7552
0.948  29.4461
0.952  28.9473
0.956  28.242
0.96  27.3121
0.964  26.139
0.968  24.7027
0.972  22.9823
0.976  20.9561
0.98  18.6008
0.984  15.8924
0.988  12.8053
0.992  9.3131
0.996  5.38773
1  1
