-1  385.16
-0.996  351.436
-0.992  319.876
-0.988  290.373
-0.984  262.822
-0.98  237.125
-0.976  213.186
-0.972  190.913
-0.968  170.219
-0.964  151.018
-0.96  133.232
-0.956  116.781
-0.952  101.593
-0.948  87.5956
-0.944  74.7216
-0.94  62.9061
-0.936  52.0869
-0.932  42.2049
-0.928  33.2034
-0.924  25.0284
-0.92  17.6284
-0.916  10.9543
-0.912  4.95915
-0.908  2.36666
-0.904  7.0117
-0.9  11.1116
-0.896  14.7045
-0.892  17.8265
-0.888  20.5121
-0.884  22.7938
-0.88  24.7027
-0.876  26.2678
-0.872  27.5169
-0.868  28.4763
-0.864  29.1706
-0.86  29.6233
-0.856  29.8563
-0.852  29.8904
-0.848  29.7452
-0.844  29.4389
-0.84  28.9888
-0.836  28.4111
-0.832  27.7209
-0.828  26.9324
-0.824  26.0587
-0.82  25.1122
-0.816  24.1043
-0.812  23.0457
-0.808  21.9462
-0.804  20.8151
-0.8  19.6606
-0.796  18.4907
-0.792  17.3123
-0.788  16.1321
-0.784  14.956
-0.78  13.7894
-0.776  12.6371
-0.772  11.5037
-0.768  10.3931
-0.764  9.30879
-0.76  8.25388
-0.756  7.23112
-0.752  6.24289
-0.748  5.29123
-0.744  4.37785
-0.74  3.50417
-0.736  2.67135
-0.732  1.88025
-0.728  1.13154
-0.724  1.5088
-0.72  2.09239
-0.716  2.63399
-0.712  3.13387
-0.708  3.59248
-0.704  4.01037
-0.7  4.38825
-0.696  4.72693
-0.692  5.0273
-0.688  5.29038
-0.684  5.51724
-0.68  5.70904
-0.676  5.86699
-0.672  5.99237
-0.668  6.08647
-0.664  6.15067
-0.66  6.18634
-0.656  6.19489
-0.652  6.17774
-0.648  6.13634
-0.644  6.07211
-0.64  5.98652
-0.636  5.88099
-0.632  5.75695
-0.628  5.61582
-0.624  5.45901
-0.62  5.28789
-0.616  5.10383
-0.612  4.90813
-0.608  4.70212
-0.604  4.48706
-0.6  4.26417
-0.596  4.03466
-0.592  3.79969
-0.588  3.56037
-0.584  3.3178
-0.58  3.07299
-0.576  2.82695
-0.572  2.58062
-0.568  2.33491
-0.564  2.09068
-0.56  1.84874
-0.556  1.60987
-0.552  1.37478
-0.548  1.14415
-0.544  1.06182
-0.54  1.22708
-0.536  1.3851
-0.532  1.53554
-0.528  1.67811
-0.524  1.81256
-0.52  1.93866
-0.516  2.05622
-0.512  2.16509
-0.508  2.26516
-0.504  2.35633
-0.5  2.43856
-0.496  2.51183
-0.492  2.57613
-0.488  2.63149
-0.484  2.67799
-0.48  2.71571
-0.476  2.74475
-0.472  2.76526
-0.468  2.77738
-0.464  2.78129
-0.46  2.7772
-0.456  2.76531
-0.452  2.74585
-0.448  2.71908
-0.444  2.68525
-0.44  2.64464
-0.436  2.59754
-0.432  2.54424
-0.428  2.48505
-0.424  2.4203
-0.42  2.3503
-0.416  2.27539
-0.412  2.19589
-0.408  2.11216
-0.404  2.02453
-0.4  1.93335
-0.396  1.83896
-0.392  1.74172
-0.388  1.64197
-0.384  1.54005
-0.38  1.43631
-0.376  1.33108
-0.372  1.2247
-0.368  1.1175
-0.364  1.0098
-0.36  1.06679
-0.356  1.13811
-0.352  1.20702
-0.348  1.27336
-0.344  1.33697
-0.34  1.39769
-0.336  1.4554
-0.332  1.50996
-0.328  1.56127
-0.324  1.6092
-0.32  1.65366
-0.316  1.69456
-0.312  1.73183
-0.308  1.7654
-0.304  1.7952
-0.3  1.82119
-0.296  1.84333
-0.292  1.8616
-0.288  1.87598
-0.284  1.88645
-0.28  1.89302
-0.276  1.8957
-0.272  1.89452
-0.268  1.88949
-0.264  1.88067
-0.26  1.86809
-0.256  1.85182
-0.252  1.83192
-0.248  1.80846
-0.244  1.78152
-0.24  1.7512
-0.236  1.71758
-0.232  1.68078
-0.228  1.64089
-0.224  1.59805
-0.22  1.55236
-0.216  1.50395
-0.212  1.45297
-0.208  1.39955
-0.204  1.34382
-0.2  1.28595
-0.196  1.22607
-0.192  1.16435
-0.188  1.10094
-0.184  1.03601
-0.18  1.02269
-0.176  1.07152
-0.172  1.11879
-0.168  1.16442
-0.164  1.20831
-0.16  1.25038
-0.156  1.29054
-0.152  1.32872
-0.148  1.36484
-0.144  1.39883
-0.14  1.43064
-0.136  1.46019
-0.132  1.48742
-0.128  1.5123
-0.124  1.53476
-0.12  1.55477
-0.116  1.57229
-0.112  1.58728
-0.108  1.59972
-0.104  1.60958
-0.1  1.61684
-0.096  1.62149
-0.092  1.62351
-0.088  1.62292
-0.084  1.6197
-0.08  1.61386
-0.076  1.60542
-0.072  1.59439
-0.068  1.58078
-0.064  1.56464
-0.06  1.54598
-0.056  1.52485
-0.052  1.50129
-0.048  1.47533
-0.044  1.44704
-0.04  1.41646
-0.036  1.38365
-0.032  1.34868
-0.028  1.31161
-0.024  1.27252
-0.02  1.23149
-0.016  1.18858
-0.012  1.14389
-0.008  1.0975
-0.004  1.04951
0  1
0.004  1.04951
0.008  1.0975
0.012  1.14389
0.016  1.18858
0.02  1.23149
0.024  1.27252
0.028  1.31161
0.032  1.34868
0.036  1.38365
0.04  1.41646
0.044  1.44704
0.048  1.47533
0.052  1.50129
0.056  1.52485
0.06  1.54598
0.064  1.56464
0.068  1.58078
0.072  1.59439
0.076  1.60542
0.08  1.61386
0.084  1.6197
0.088  1.62292
0.092  1.62351
0.096  1.62149
0.1  1.61684
0.104  1.60958
0.108  1.59972
0.112  1.58728
0.116  1.57229
0.12  1.55477
0.124  1.53476
0.128  1.5123
0.132  1.48742
0.136  1.46019
0.14  1.43064
0.144  1.39883
0.148  1.36484
0.152  1.32872
0.156  1.29054
0.16  1.25038
0.164  1.20831
0.168  1.16442
0.172  1.11879
0.176  1.07152
0.18  1.02269
0.184  1.03601
0.188  1.10094
0.192  1.16435
0.196  1.22607
0.2  1.28595
0.204  1.34382
0.208  1.39955
0.212  1.45297
0.216  1.50395
0.22  1.55236
0.224  1.59805
0.228  1.64089
0.232  1.68078
0.236  1.71758
0.24  1.7512
0.244  1.78152
0.248  1.80846
0.252  1.83192
0.256  1.85182
0.26  1.86809
0.264  1.88067
0.268  1.88949
0.272  1.89452
0.276  1.8957
0.28  1.89302
0.284  1.88645
0.288  1.87598
0.292  1.8616
0.296  1.84333
0.3  1.82119
0.304  1.7952
0.308  1.7654
0.312  1.73183
0.316  1.69456
0.32  1.65366
0.324  1.6092
0.328  1.56127
0.332  1.50996
0.336  1.4554
0.34  1.39769
0.344  1.33697
0.348  1.27336
0.352  1.20702
0.356  1.13811
0.36  1.06679
0.364  1.0098
0.368  1.1175
0.372  1.2247
0.376  1.33108
0.38  1.43631
0.384  1.54005
0.388  1.64197
0.392  1.74172
0.396  1.83896
0.4  1.93335
0.404  2.02453
0.408  2.11216
0.412  2.19589
0.416  2.27539
0.42  2.3503
0.424  2.4203
0.428  2.48505
0.432  2.54424
0.436  2.59754
0.44  2.64464
0.444  2.68525
0.448  2.71908
0.452  2.74585
0.456  2.76531
0.46  2.7772
0.464  2.78129
0.468  2.77738
0.472  2.76526
0.476  2.74475
0.48  2.71571
0.484  2.67799
0.488  2.63149
0.492  2.57613
0.496  2.51183
0.5  2.43856
0.504  2.35633
0.508  2.26516
0.512  2.16509
0.516  2.05622
0.52  1.93866
0.524  1.81256
0.528  1.67811
0.532  1.53554
0.536  1.3851
0.54  1.22708
0.544  1.06182
0.548  1.14415
0.552  1.37478
0.556  1.60987
0.56  1.84874
0.564  2.09068
0.568  2.33491
0.572  2.58062
0.576  2.82695
0.58  3.07299
0.584  3.3178
0.588  3.56037
0.592  3.79969
0.596  4.03466
0.6  4.26417
0.604  4.48706
0.608  4.70212
0.612  4.90813
0.616  5.10383
0.62  5.28789
0.624  5.45901
0.628  5.61582
0.632  5.75695
0.636  5.88099
0.64  5.98652
0.644  6.07211
0.648  6.13634
0.652  6.17774
0.656  6.19489
0.66  6.18634
0.664  6.15067
0.668  6.08647
0.672  5.99237
0.676  5.86699
0.68  5.70904
0.684  5.51724
0.688  5.29038
0.692  5.0273
0.696  4.72693
0.7  4.38825
0.704  4.01037
0.708  3.59248
0.712  3.13387
0.716  2.63399
0.72  2.09239
0.724  1.5088
0.728  1.13154
0.732  1.88025
0.736  2.67135
0.74  3.50417
0.744  4.37785
0.748  5.29123
0.752  6.24289
0.756  7.23112
0.76  8.25388
0.764  9.30879
0.768  10.3931
0.772  11.5037
0.776  12.6371
0.78  13.7894
0.784  14.956
0.788  16.1321
0.792  17.3123
0.796  18.4907
0.8  19.6606
0.804  20.8151
0.808  21.9462
0.812  23.0457
0.816  24.1043
0.82  25.1122
0.824  26.0587
0.828  26.9324
0.832  27.7209
0.836  28.4111
0.84  28.9888
0.844  29.4389
0.848  29.7452
0.852  29.8904
0.856  29.8563
0.86  29.6233
0.864  29.1706
0.868  28.4763
0.872  27.5169
0.876  26.2678
0.88  24.7027
0.884  22.7938
0.888  20.5121
0.892  17.8265
0.896  14.7045
0.9  11.1116
0.904  7.0117
0.908  2.36666
0.912  4.95915
0.916  10.9543
0.92  17.6284
0.924  25.0284
0.928  33.2034
0.932  42.2049
0.936  52.0869
0.94  62.9061
0.944  74.7216
0.948  87.5956
0.952  101.593
0.956  116.781
0.96  133.232
0.964  151.018
0.968  170.219
0.972  190.913
0.976  213.186
0.98  237.125
0.984  262.822
0.988  290.373
0.992  319.876
0.996  351.436
1  385.16
