-1  2047
-0.996  1912.46
-0.992  1785.17
-0.988  1664.79
-0.984  1551.03
-0.98  1443.58
-0.976  1342.15
-0.972  1246.48
-0.968  1156.29
-0.964  1071.33
-0.96  991.352
-0.956  916.118
-0.952  845.403
-0.948  778.986
-0.944  716.658
-0.94  658.216
-0.936  603.467
-0.932  552.225
-0.928  504.312
-0.924  459.555
-0.92  417.791
-0.916  378.863
-0.912  342.619
-0.908  308.915
-0.904  277.614
-0.9  248.582
-0.896  221.693
-0.892  196.827
-0.888  173.868
-0.884  152.704
-0.88  133.232
-0.876  115.349
-0.872  98.9614
-0.868  83.9759
-0.864  70.3059
-0.86  57.8684
-0.856  46.5842
-0.852  36.3782
-0.848  27.179
-0.844  18.9185
-0.84  11.5323
-0.836  4.95915
-0.832  2.8125
-0.828  7.79654
-0.824  12.1402
-0.82  15.8924
-0.816  19.0993
-0.812  21.8047
-0.808  24.0498
-0.804  25.8734
-0.8  27.3121
-0.796  28.4004
-0.792  29.1706
-0.788  29.6533
-0.784  29.8767
-0.78  29.8678
-0.776  29.6515
-0.772  29.2512
-0.768  28.6886
-0.764  27.984
-0.76  27.1564
-0.756  26.2233
-0.752  25.2009
-0.748  24.1043
-0.744  22.9473
-0.74  21.7427
-0.736  20.5022
-0.732  19.2366
-0.728  17.9557
-0.724  16.6684
-0.72  15.3828
-0.716  14.1063
-0.712  12.8454
-0.708  11.6059
-0.704  10.3931
-0.7  9.21163
-0.696  8.06546
-0.692  6.95809
-0.688  5.89251
-0.684  4.87122
-0.68  3.8963
-0.676  2.9694
-0.672  2.09183
-0.668  1.2645
-0.664  1.45366
-0.66  2.09239
-0.656  2.68115
-0.652  3.22031
-0.648  3.71046
-0.644  4.15237
-0.64  4.547
-0.636  4.89545
-0.632  5.19896
-0.628  5.4589
-0.624  5.67672
-0.62  5.854
-0.616  5.99237
-0.612  6.09353
-0.608  6.15924
-0.604  6.1913
-0.6  6.19155
-0.596  6.16184
-0.592  6.10404
-0.588  6.02003
-0.584  5.91166
-0.58  5.78081
-0.576  5.62932
-0.572  5.45901
-0.568  5.27168
-0.564  5.06907
-0.56  4.85292
-0.556  4.6249
-0.552  4.38664
-0.548  4.13973
-0.544  3.88569
-0.54  3.62601
-0.536  3.3621
-0.532  3.09531
-0.528  2.82695
-0.524  2.55824
-0.52  2.29037
-0.516  2.02444
-0.512  1.76149
-0.508  1.5025
-0.504  1.24839
-0.5  1
-0.496  1.18271
-0.492  1.35692
-0.488  1.52219
-0.484  1.67811
-0.48  1.82437
-0.476  1.96067
-0.472  2.08678
-0.468  2.2025
-0.464  2.30771
-0.46  2.4023
-0.456  2.48622
-0.452  2.55948
-0.448  2.62209
-0.444  2.67413
-0.44  2.71571
-0.436  2.74697
-0.432  2.76808
-0.428  2.77925
-0.424  2.78072
-0.42  2.77275
-0.416  2.75562
-0.412  2.72964
-0.408  2.69516
-0.404  2.65251
-0.4  2.60208
-0.396  2.54424
-0.392  2.47939
-0.388  2.40795
-0.384  2.33034
-0.38  2.24699
-0.376  2.15833
-0.372  2.06482
-0.368  1.96689
-0.364  1.865
-0.36  1.7596
-0.356  1.65113
-0.352  1.54005
-0.348  1.4268
-0.344  1.31181
-0.34  1.19553
-0.336  1.07838
-0.332  1.02693
-0.328  1.10598
-0.324  1.18225
-0.32  1.25553
-0.316  1.32561
-0.312  1.39229
-0.308  1.4554
-0.304  1.51476
-0.3  1.57023
-0.296  1.62167
-0.292  1.66895
-0.288  1.71196
-0.284  1.7506
-0.28  1.7848
-0.276  1.81448
-0.272  1.8396
-0.268  1.8601
-0.264  1.87598
-0.26  1.88721
-0.256  1.8938
-0.252  1.89576
-0.248  1.89313
-0.244  1.88595
-0.24  1.87427
-0.236  1.85816
-0.232  1.8377
-0.228  1.81298
-0.224  1.78411
-0.22  1.7512
-0.216  1.71437
-0.212  1.67375
-0.208  1.6295
-0.204  1.58175
-0.2  1.53068
-0.196  1.47646
-0.192  1.41925
-0.188  1.35924
-0.184  1.29663
-0.18  1.2316
-0.176  1.16435
-0.172  1.0951
-0.168  1.02405
-0.164  1.03615
-0.16  1.08889
-0.156  1.13974
-0.152  1.18858
-0.148  1.2353
-0.144  1.27978
-0.14  1.32193
-0.136  1.36164
-0.132  1.39883
-0.128  1.43342
-0.124  1.46531
-0.12  1.49444
-0.116  1.52075
-0.112  1.54417
-0.108  1.56464
-0.104  1.58213
-0.1  1.59658
-0.096  1.60798
-0.092  1.61629
-0.088  1.62149
-0.084  1.62357
-0.08  1.62253
-0.076  1.61836
-0.072  1.61109
-0.068  1.60072
-0.064  1.58728
-0.06  1.5708
-0.056  1.55132
-0.052  1.52888
-0.048  1.50353
-0.044  1.47533
-0.04  1.44435
-0.036  1.41065
-0.032  1.37432
-0.028  1.33544
-0.024  1.29409
-0.02  1.25038
-0.016  1.20439
-0.012  1.15625
-0.008  1.10606
-0.004  1.05394
0  1
0.004  1.05394
0.008  1.10606
0.012  1.15625
0.016  1.20439
0.02  1.25038
0.024  1.29409
0.028  1.33544
0.032  1.37432
0.036  1.41065
0.04  1.44435
0.044  1.47533
0.048  1.50353
0.052  1.52888
0.056  1.55132
0.06  1.5708
0.064  1.58728
0.068  1.60072
0.072  1.61109
0.076  1.61836
0.08  1.62253
0.084  1.62357
0.088  1.62149
0.092  1.61629
0.096  1.60798
0.1  1.59658
0.104  1.58213
0.108  1.56464
0.112  1.54417
0.116  1.52075
0.12  1.49444
0.124  1.46531
0.128  1.43342
0.132  1.39883
0.136  1.36164
0.14  1.32193
0.144  1.27978
0.148  1.2353
0.152  1.18858
0.156  1.13974
0.16  1.08889
0.164  1.03615
0.168  1.02405
0.172  1.0951
0.176  1.16435
0.18  1.2316
0.184  1.29663
0.188  1.35924
0.192  1.41925
0.196  1.47646
0.2  1.53068
0.204  1.58175
0.208  1.6295
0.212  1.67375
0.216  1.71437
0.22  1.7512
0.224  1.78411
0.228  1.81298
0.232  1.8377
0.236  1.85816
0.24  1.87427
0.244  1.88595
0.248  1.89313
0.252  1.89576
0.256  1.8938
0.26  1.88721
0.264  1.87598
0.268  1.8601
0.272  1.8396
0.276  1.81448
0.28  1.7848
0.284  1.7506
0.288  1.71196
0.292  1.66895
0.296  1.62167
0.3  1.57023
0.304  1.51476
0.308  1.4554
0.312  1.39229
0.316  1.32561
0.32  1.25553
0.324  1.18225
0.328  1.10598
0.332  1.02693
0.336  1.07838
0.34  1.19553
0.344  1.31181
0.348  1.4268
0.352  1.54005
0.356  1.65113
0.36  1.7596
0.364  1.865
0.368  1.96689
0.372  2.06482
0.376  2.15833
0.38  2.24699
0.384  2.33034
0.388  2.40795
0.392  2.47939
0.396  2.54424
0.4  2.60208
0.404  2.65251
0.408  2.69516
0.412  2.72964
0.416  2.75562
0.42  2.77275
0.424  2.78072
0.428  2.77925
0.432  2.76808
0.436  2.74697
0.44  2.71571
0.444  2.67413
0.448  2.62209
0.452  2.55948
0.456  2.48622
0.46  2.4023
0.464  2.30771
0.468  2.2025
0.472  2.08678
0.476  1.96067
0.48  1.82437
0.484  1.67811
0.488  1.52219
0.492  1.35692
0.496  1.18271
0.5  1
0.504  1.24839
0.508  1.5025
0.512  1.76149
0.516  2.02444
0.52  2.29037
0.524  2.55824
0.528  2.82695
0.532  3.09531
0.536  3.3621
0.54  3.62601
0.544  3.88569
0.548  4.13973
0.552  4.38664
0.556  4.6249
0.56  4.85292
0.564  5.06907
0.568  5.27168
0.572  5.45901
0.576  5.62932
0.58  5.78081
0.584  5.91166
0.588  6.02003
0.592  6.10404
0.596  6.16184
0.6  6.19155
0.604  6.1913
0.608  6.15924
0.612  6.09353
0.616  5.99237
0.62  5.854
0.624  5.67672
0.628  5.4589
0.632  5.19896
0.636  4.89545
0.64  4.547
0.644  4.15237
0.648  3.71046
0.652  3.22031
0.656  2.68115
0.66  2.09239
0.664  1.45366
0.668  1.2645
0.672  2.09183
0.676  2.9694
0.68  3.8963
0.684  4.87122
0.688  5.89251
0.692  6.95809
0.696  8.06546
0.7  9.21163
0.704  10.3931
0.708  11.6059
0.712  12.8454
0.716  14.1063
0.72  15.3828
0.724  16.6684
0.728  17.9557
0.732  19.2366
0.736  20.5022
0.74  21.7427
0.744  22.9473
0.748  24.1043
0.752  25.2009
0.756  26.2233
0.76  27.1564
0.764  27.984
0.768  28.6886
0.772  29.2512
0.776  29.6515
0.78  29.8678
0.784  29.8767
0.788  29.6533
0.792  29.1706
0.796  28.4004
0.8  27.3121
0.804  25.8734
0.808  24.0498
0.812  21.8047
0.816  19.0993
0.82  15.8924
0.824  12.1402
0.828  7.79654
0.832  2.8125
0.836  4.95915
0.84  11.5323
0.844  18.9185
0.848  27.179
0.852  36.3782
0.856  46.5842
0.86  57.8684
0.864  70.3059
0.868  83.9759
0.872  98.9614
0.876  115.349
0.88  133.232
0.884  152.704
0.888  173.868
0.892  196.827
0.896  221.693
0.9  248.582
0.904  277.614
0.908  308.915
0.912  342.619
0.916  378.863
0.92  417.791
0.924  459.555
0.928  504.312
0.932  552.225
0.936  603.467
0.94  658.216
0.944  716.658
0.948  778.986
0.952  845.403
0.956  916.118
0.96  991.352
0.964  1071.33
0.968  1156.29
0.972  1246.48
0.976  1342.15
0.98  1443.58
0.984  1551.03
0.988  1664.79
0.992  1785.17
0.996  1912.46
1  2047
