-1  11
-0.996  9.32063
-0.992  7.79574
-0.988  6.41549
-0.984  5.17053
-0.98  4.05193
-0.976  3.05118
-0.972  2.16021
-0.968  1.37131
-0.964  1.24076
-0.96  1.6845
-0.956  2.0572
-0.952  2.3646
-0.948  2.61215
-0.944  2.80498
-0.94  2.94796
-0.936  3.04565
-0.932  3.10238
-0.928  3.1222
-0.924  3.10895
-0.92  3.06621
-0.916  2.99734
-0.912  2.90549
-0.908  2.79362
-0.904  2.66448
-0.9  2.52063
-0.896  2.36445
-0.892  2.19817
-0.888  2.02384
-0.884  1.84336
-0.88  1.65848
-0.876  1.4708
-0.872  1.28182
-0.868  1.09288
-0.864  1.07324
-0.86  1.21314
-0.856  1.34628
-0.852  1.47217
-0.848  1.59041
-0.844  1.70065
-0.84  1.80262
-0.836  1.89609
-0.832  1.98091
-0.828  2.05697
-0.824  2.12419
-0.82  2.18257
-0.816  2.23214
-0.812  2.27294
-0.808  2.30509
-0.804  2.32871
-0.8  2.34396
-0.796  2.35104
-0.792  2.35016
-0.788  2.34154
-0.784  2.32546
-0.78  2.30218
-0.776  2.27198
-0.772  2.23518
-0.768  2.19209
-0.764  2.14302
-0.76  2.08832
-0.756  2.02832
-0.752  1.96337
-0.748  1.89381
-0.744  1.82
-0.74  1.74228
-0.736  1.66102
-0.732  1.57655
-0.728  1.48922
-0.724  1.39939
-0.72  1.30739
-0.716  1.21355
-0.712  1.11821
-0.708  1.02168
-0.704  1.06173
-0.7  1.1394
-0.696  1.21487
-0.692  1.28797
-0.688  1.35854
-0.684  1.42642
-0.68  1.49147
-0.676  1.55357
-0.672  1.61259
-0.668  1.66842
-0.664  1.72097
-0.66  1.77014
-0.656  1.81585
-0.652  1.85804
-0.648  1.89663
-0.644  1.9316
-0.64  1.96288
-0.636  1.99046
-0.632  2.01431
-0.628  2.03441
-0.624  2.05077
-0.62  2.06339
-0.616  2.07227
-0.612  2.07745
-0.608  2.07894
-0.604  2.07679
-0.6  2.07104
-0.596  2.06174
-0.592  2.04895
-0.588  2.03273
-0.584  2.01315
-0.58  1.99028
-0.576  1.96421
-0.572  1.93503
-0.568  1.90282
-0.564  1.86769
-0.56  1.82973
-0.556  1.78905
-0.552  1.74576
-0.548  1.69997
-0.544  1.6518
-0.54  1.60136
-0.536  1.54877
-0.532  1.49417
-0.528  1.43767
-0.524  1.37941
-0.52  1.3195
-0.516  1.25809
-0.512  1.1953
-0.508  1.13127
-0.504  1.06612
-0.5  1
-0.496  1.05802
-0.492  1.11487
-0.488  1.17047
-0.484  1.22473
-0.48  1.27756
-0.476  1.32888
-0.472  1.37862
-0.468  1.4267
-0.464  1.47305
-0.46  1.5176
-0.456  1.56029
-0.452  1.60106
-0.448  1.63985
-0.444  1.67661
-0.44  1.71129
-0.436  1.74383
-0.432  1.77421
-0.428  1.80238
-0.424  1.82831
-0.42  1.85196
-0.416  1.87331
-0.412  1.89234
-0.408  1.90902
-0.404  1.92335
-0.4  1.9353
-0.396  1.94487
-0.392  1.95206
-0.388  1.95686
-0.384  1.95928
-0.38  1.95932
-0.376  1.95699
-0.372  1.95231
-0.368  1.9453
-0.364  1.93597
-0.36  1.92434
-0.356  1.91045
-0.352  1.89432
-0.348  1.87599
-0.344  1.85549
-0.34  1.83286
-0.336  1.80815
-0.332  1.78139
-0.328  1.75264
-0.324  1.72195
-0.32  1.68936
-0.316  1.65494
-0.312  1.61874
-0.308  1.58082
-0.304  1.54124
-0.3  1.50006
-0.296  1.45736
-0.292  1.4132
-0.288  1.36764
-0.284  1.32076
-0.28  1.27263
-0.276  1.22333
-0.272  1.17293
-0.268  1.1215
-0.264  1.06912
-0.26  1.01588
-0.256  1.03542
-0.252  1.08494
-0.248  1.13353
-0.244  1.18112
-0.24  1.22765
-0.236  1.27307
-0.232  1.31732
-0.228  1.36033
-0.224  1.40206
-0.22  1.44245
-0.216  1.48145
-0.212  1.51901
-0.208  1.55508
-0.204  1.58963
-0.2  1.6226
-0.196  1.65395
-0.192  1.68365
-0.188  1.71166
-0.184  1.73795
-0.18  1.76249
-0.176  1.78523
-0.172  1.80617
-0.168  1.82527
-0.164  1.84251
-0.16  1.85787
-0.156  1.87134
-0.152  1.88289
-0.148  1.89252
-0.144  1.90022
-0.14  1.90597
-0.136  1.90978
-0.132  1.91164
-0.128  1.91155
-0.124  1.90951
-0.12  1.90553
-0.116  1.89962
-0.112  1.89178
-0.108  1.88202
-0.104  1.87037
-0.1  1.85683
-0.096  1.84143
-0.092  1.82419
-0.088  1.80513
-0.084  1.78428
-0.08  1.76166
-0.076  1.73731
-0.072  1.71126
-0.068  1.68355
-0.064  1.6542
-0.06  1.62326
-0.056  1.59077
-0.052  1.55677
-0.048  1.52131
-0.044  1.48443
-0.04  1.44618
-0.036  1.40661
-0.032  1.36577
-0.028  1.32372
-0.024  1.2805
-0.02  1.23618
-0.016  1.1908
-0.012  1.14444
-0.008  1.09714
-0.004  1.04898
0  1
0.004  1.04898
0.008  1.09714
0.012  1.14444
0.016  1.1908
0.02  1.23618
0.024  1.2805
0.028  1.32372
0.032  1.36577
0.036  1.40661
0.04  1.44618
0.044  1.48443
0.048  1.52131
0.052  1.55677
0.056  1.59077
0.06  1.62326
0.064  1.6542
0.068  1.68355
0.072  1.71126
0.076  1.73731
0.08  1.76166
0.084  1.78428
0.088  1.80513
0.092  1.82419
0.096  1.84143
0.1  1.85683
0.104  1.87037
0.108  1.88202
0.112  1.89178
0.116  1.89962
0.12  1.90553
0.124  1.90951
0.128  1.91155
0.132  1.91164
0.136  1.90978
0.14  1.90597
0.144  1.90022
0.148  1.89252
0.152  1.88289
0.156  1.87134
0.16  1.85787
0.164  1.84251
0.168  1.82527
0.172  1.80617
0.176  1.78523
0.18  1.76249
0.184  1.73795
0.188  1.71166
0.192  1.68365
0.196  1.65395
0.2  1.6226
0.204  1.58963
0.208  1.55508
0.212  1.51901
0.216  1.48145
0.22  1.44245
0.224  1.40206
0.228  1.36033
0.232  1.31732
0.236  1.27307
0.24  1.22765
0.244  1.18112
0.248  1.13353
0.252  1.08494
0.256  1.03542
0.26  1.01588
0.264  1.06912
0.268  1.1215
0.272  1.17293
0.276  1.22333
0.28  1.27263
0.284  1.32076
0.288  1.36764
0.292  1.4132
0.296  1.45736
0.3  1.50006
0.304  1.54124
0.308  1.58082
0.312  1.61874
0.316  1.65494
0.32  1.68936
0.324  1.72195
0.328  1.75264
0.332  1.78139
0.336  1.80815
0.34  1.83286
0.344  1.85549
0.348  1.87599
0.352  1.89432
0.356  1.91045
0.36  1.92434
0.364  1.93597
0.368  1.9453
0.372  1.95231
0.376  1.95699
0.38  1.95932
0.384  1.95928
0.388  1.95686
0.392  1.95206
0.396  1.94487
0.4  1.9353
0.404  1.92335
0.408  1.90902
0.412  1.89234
0.416  1.87331
0.42  1.85196
0.424  1.82831
0.428  1.80238
0.432  1.77421
0.436  1.74383
0.44  1.71129
0.444  1.67661
0.448  1.63985
0.452  1.60106
0.456  1.56029
0.46  1.5176
0.464  1.47305
0.468  1.4267
0.472  1.37862
0.476  1.32888
0.48  1.27756
0.484  1.22473
0.488  1.17047
0.492  1.11487
0.496  1.05802
0.5  1
0.504  1.06612
0.508  1.13127
0.512  1.1953
0.516  1.25809
0.52  1.3195
0.524  1.37941
0.528  1.43767
0.532  1.49417
0.536  1.54877
0.54  1.60136
0.544  1.6518
0.548  1.69997
0.552  1.74576
0.556  1.78905
0.56  1.82973
0.564  1.86769
0.568  1.90282
0.572  1.93503
0.576  1.96421
0.58  1.99028
0.584  2.01315
0.588  2.03273
0.592  2.04895
0.596  2.06174
0.6  2.07104
0.604  2.07679
0.608  2.07894
0.612  2.07745
0.616  2.07227
0.62  2.06339
0.624  2.05077
0.628  2.03441
0.632  2.01431
0.636  1.99046
0.64  1.96288
0.644  1.9316
0.648  1.89663
0.652  1.85804
0.656  1.81585
0.66  1.77014
0.664  1.72097
0.668  1.66842
0.672  1.61259
0.676  1.55357
0.68  1.49147
0.684  1.42642
0.688  1.35854
0.692  1.28797
0.696  1.21487
0.7  1.1394
0.704  1.06173
0.708  1.02168
0.712  1.11821
0.716  1.21355
0.72  1.30739
0.724  1.39939
0.728  1.48922
0.732  1.57655
0.736  1.66102
0.74  1.74228
0.744  1.82
0.748  1.89381
0.752  1.96337
0.756  2.02832
0.76  2.08832
0.764  2.14302
0.768  2.19209
0.772  2.23518
0.776  2.27198
0.78  2.30218
0.784  2.32546
0.788  2.34154
0.792  2.35016
0.796  2.35104
0.8  2.34396
0.804  2.32871
0.808  2.30509
0.812  2.27294
0.816  2.23214
0.82  2.18257
0.824  2.12419
0.828  2.05697
0.832  1.98091
0.836  1.89609
0.84  1.80262
0.844  1.70065
0.848  1.59041
0.852  1.47217
0.856  1.34628
0.86  1.21314
0.864  1.07324
0.868  1.09288
0.872  1.28182
0.876  1.4708
0.88  1.65848
0.884  1.84336
0.888  2.02384
0.892  2.19817
0.896  2.36445
0.9  2.52063
0.904  2.66448
0.908  2.79362
0.912  2.90549
0.916  2.99734
0.92  3.06621
0.924  3.10895
0.928  3.1222
0.932  3.10238
0.936  3.04565
0.94  2.94796
0.944  2.80498
0.948  2.61215
0.952  2.3646
0.956  2.0572
0.96  1.6845
0.964  1.24076
0.968  1.37131
0.972  2.16021
0.976  3.05118
0.98  4.05193
0.984  5.17053
0.988  6.41549
0.992  7.79574
0.996  9.32063
1  11
